9.9992984533309937e-01 -1.0503021068871021e-02 -5.4719676263630390e-03 9.1381055116653442e-01 9.9917310476303101e-01 1.8164133653044701e-02 -3.6378528922796249e-02 9.7340601682662964e-01 1.3420000000000000e+03 9.3119224548339844e+01
9.9991959333419800e-01 1.2626995332539082e-02 1.2138377642259002e-03 9.0589648485183716e-01 9.9932026863098145e-01 1.4740043319761753e-02 -3.3792033791542053e-02 9.6715211868286133e-01 1.6480000000000000e+03 8.3962265014648438e+01
-9.9969738721847534e-01 2.2533567622303963e-02 -9.8707592114806175e-03 1.5732707977294922e+00 -9.9902904033660889e-01 -2.4205045774579048e-02 -3.6811348050832748e-02 1.6124020814895630e+00 1.4580000000000000e+03 1.9811027526855469e+02
9.9999099969863892e-01 3.8991754408925772e-03 -1.6744176391512156e-03 9.1232371330261230e-01 9.9894642829895020e-01 2.4174269288778305e-02 -3.9008129388093948e-02 9.8123490810394287e-01 3.2880000000000000e+03 8.4533760070800781e+01
-9.9993097782135010e-01 1.1648701503872871e-02 1.5499056316912174e-03 1.5195802450180054e+00 -9.9985384941101074e-01 -1.2627522461116314e-02 -1.1526162736117840e-02 1.5399488210678101e+00 1.4440000000000000e+03 1.9066273498535156e+02
9.9987351894378662e-01 1.5726059675216675e-02 2.3905443958938122e-03 9.0989881753921509e-01 9.9916821718215942e-01 1.8530435860157013e-02 -3.6323949694633484e-02 9.6677595376968384e-01 1.7600000000000000e+03 9.5287078857421875e+01
9.9991929531097412e-01 1.2673796154558659e-02 8.1396097084507346e-04 8.9939701557159424e-01 9.9907672405242920e-01 1.7132721841335297e-02 -3.9398454129695892e-02 9.6335220336914062e-01 1.4690000000000000e+03 8.2238624572753906e+01
9.9997442960739136e-01 5.2405484020709991e-03 -4.8742596991360188e-03 9.0694695711135864e-01 9.9942451715469360e-01 1.1674610897898674e-02 -3.1848452985286713e-02 9.5285224914550781e-01 2.3650000000000000e+03 8.3559860229492188e+01
9.9991255998611450e-01 -7.2898797225207090e-04 -1.3205777853727341e-02 9.0789830684661865e-01 9.9927067756652832e-01 1.0443925857543945e-02 -3.6729034036397934e-02 9.5182394981384277e-01 3.8530000000000000e+03 8.0752143859863281e+01
9.9999767541885376e-01 1.3520694337785244e-03 1.6872161068022251e-03 8.9115136861801147e-01 9.9927830696105957e-01 8.9852102100849152e-03 -3.6909058690071106e-02 9.6758580207824707e-01 2.3280000000000000e+03 7.4538978576660156e+01
9.9982047080993652e-01 -1.5524496324360371e-02 1.0872391983866692e-02 8.9595037698745728e-01 9.9907112121582031e-01 2.5756392627954483e-02 -3.4548591822385788e-02 9.5788967609405518e-01 1.3030000000000000e+03 1.2438756561279297e+02
2.1602828055620193e-03 -5.4335737228393555e-01 -8.3949875831604004e-01 5.3697228431701660e-01 1.0073327459394932e-02 -9.8741763830184937e-01 -1.5781280398368835e-01 5.5223226547241211e-01 3.1040000000000000e+03 1.7993074035644531e+02
9.9964863061904907e-01 4.6515264548361301e-03 -2.6096250861883163e-02 9.4724899530410767e-01 9.9903774261474609e-01 9.9529474973678589e-03 -4.2714942246675491e-02 9.6223402023315430e-01 2.1060000000000000e+03 7.0319091796875000e+01
9.9995368719100952e-01 6.9631179794669151e-03 -6.6426019184291363e-03 9.0546894073486328e-01 9.9914282560348511e-01 8.2914428785443306e-03 -4.0558516979217529e-02 9.6064436435699463e-01 1.4530000000000000e+03 1.1754920959472656e+02
-7.5063027441501617e-02 5.2568793296813965e-01 -8.4735929965972900e-01 2.3163290023803711e+00 2.7133682742714882e-02 -1.6170379519462585e-01 -9.8646622896194458e-01 2.1625020503997803e+00 1.6030000000000000e+03 1.4593054199218750e+02
-5.1162257790565491e-02 5.3631424903869629e-01 -8.4246629476547241e-01 2.1696789264678955e+00 1.1279890313744545e-02 -1.9793869554996490e-01 -9.8014944791793823e-01 2.0890812873840332e+00 7.3700000000000000e+03 1.6494367980957031e+02
9.9992787837982178e-01 8.9441407471895218e-03 -8.0113261938095093e-03 9.0225529670715332e-01 9.9911212921142578e-01 1.0420888662338257e-02 -4.0821615606546402e-02 9.5763367414474487e-01 2.3140000000000000e+03 9.1951164245605469e+01
9.9996256828308105e-01 4.2643314227461815e-03 -7.5210598297417164e-03 9.0540242195129395e-01 9.9944883584976196e-01 2.9085422866046429e-03 -3.3067382872104645e-02 9.5734608173370361e-01 2.4730000000000000e+03 7.8830307006835938e+01
9.9972778558731079e-01 1.6570597887039185e-02 -1.6427386552095413e-02 9.3179529905319214e-01 9.9913179874420166e-01 9.2149134725332260e-03 -4.0628172457218170e-02 9.6490114927291870e-01 1.7680000000000000e+03 8.1592529296875000e+01
-3.5936161875724792e-02 4.5783489942550659e-01 -8.8831067085266113e-01 2.0366690158843994e+00 -7.0218848995864391e-03 -2.4698421359062195e-01 -9.6899402141571045e-01 1.9965882301330566e+00 1.2110000000000000e+03 1.6517864990234375e+02
-2.5849860161542892e-02 7.1080195903778076e-01 -7.0291709899902344e-01 1.3577964305877686e+00 1.3958035269752145e-03 -3.7590025458484888e-03 -9.9999201297760010e-01 1.2965805530548096e+00 6.6530000000000000e+03 1.5866444396972656e+02
9.9904471635818481e-01 -1.3817812316119671e-02 -4.1455067694187164e-02 7.8980886936187744e-01 9.9932706356048584e-01 8.2085952162742615e-03 -3.5750489681959152e-02 9.4346964359283447e-01 1.0780000000000000e+03 1.1244084167480469e+02
9.9997782707214355e-01 -6.5233890200033784e-04 6.6210576333105564e-03 9.0608125925064087e-01 9.9970448017120361e-01 1.1040996760129929e-02 -2.1658483892679214e-02 9.6339941024780273e-01 1.8660000000000000e+03 8.1972885131835938e+01
-9.9933081865310669e-01 3.6552857607603073e-02 -1.3117277994751930e-03 1.4700469970703125e+00 -9.9912399053573608e-01 -1.5896718949079514e-02 -3.8711685687303543e-02 1.5311731100082397e+00 1.4220000000000000e+03 2.0786262512207031e+02
9.9983870983123779e-01 1.2471398338675499e-02 -1.2924226932227612e-02 9.2061060667037964e-01 9.9881339073181152e-01 1.6755159944295883e-02 -4.5729145407676697e-02 9.7022181749343872e-01 2.5770000000000000e+03 8.7292419433593750e+01
-9.9998366832733154e-01 3.9858007803559303e-03 -4.1018114425241947e-03 1.5194709300994873e+00 -9.9962627887725830e-01 -1.9701691344380379e-02 -1.8952431157231331e-02 1.5401040315628052e+00 1.6370000000000000e+03 2.1244143676757812e+02
9.9996501207351685e-01 3.2091501634567976e-03 -7.7266450971364975e-03 9.0006643533706665e-01 9.9912863969802856e-01 1.4900690875947475e-02 -3.8985282182693481e-02 9.5528262853622437e-01 3.4840000000000000e+03 8.8552528381347656e+01
9.9996918439865112e-01 -3.6735187750309706e-03 -6.9400705397129059e-03 8.9631962776184082e-01 9.9925386905670166e-01 1.0654347017407417e-02 -3.7124618887901306e-02 9.5049881935119629e-01 3.0350000000000000e+03 8.2430030822753906e+01
-4.4909365475177765e-02 6.3030391931533813e-01 -7.7504849433898926e-01 1.5109559297561646e+00 3.6530219018459320e-02 -1.0098796337842941e-01 -9.9421674013137817e-01 1.4312397241592407e+00 2.8930000000000000e+03 1.7891658020019531e+02
2.0237613469362259e-02 6.0624682903289795e-01 -7.9501903057098389e-01 1.4642750024795532e+00 1.2547479569911957e-01 -1.3029041886329651e-01 -9.8350417613983154e-01 1.3696554899215698e+00 1.0560000000000000e+03 1.1985606384277344e+02
2.0237613469362259e-02 6.0624682903289795e-01 -7.9501903057098389e-01 1.4642750024795532e+00 3.6530219018459320e-02 -1.0098796337842941e-01 -9.9421674013137817e-01 1.4312397241592407e+00 1.0560000000000000e+03 1.7891658020019531e+02
-2.6978131383657455e-02 5.4631799459457397e-01 -8.3714324235916138e-01 1.4472694396972656e+00 4.1445072740316391e-02 -1.7492125928401947e-01 -9.8370975255966187e-01 1.3311579227447510e+00 3.6110000000000000e+03 1.6373553466796875e+02
4.7117520123720169e-02 -3.8489472866058350e-01 -9.2175710201263428e-01 1.0546184778213501e+00 2.4103287607431412e-02 -9.3970060348510742e-01 -3.4114769101142883e-01 1.2281895875930786e+00 1.3850000000000000e+03 2.1494151306152344e+02
1.9693184643983841e-02 -4.0494930744171143e-01 -9.1412699222564697e-01 1.2406409978866577e+00 2.4103287607431412e-02 -9.3970060348510742e-01 -3.4114769101142883e-01 1.2281895875930786e+00 1.3850000000000000e+03 2.1494151306152344e+02
-2.5287816300988197e-02 -3.4760111570358276e-01 -9.3730139732360840e-01 1.3552895784378052e+00 2.4103287607431412e-02 -9.3970060348510742e-01 -3.4114769101142883e-01 1.2281895875930786e+00 1.3850000000000000e+03 2.1494151306152344e+02
-5.3716905415058136e-02 2.7451780438423157e-01 -9.6008050441741943e-01 2.2314040660858154e+00 3.1551558524370193e-02 -3.9429241418838501e-01 -9.1844326257705688e-01 2.1590828895568848e+00 3.1040000000000000e+03 1.7798268127441406e+02
9.9991023540496826e-01 1.1076959781348705e-03 -1.3355721719563007e-02 9.1243219375610352e-01 9.9921548366546631e-01 1.0909982025623322e-02 -3.8070283830165863e-02 9.5390403270721436e-01 1.8880000000000000e+03 7.1941986083984375e+01
9.9997109174728394e-01 5.9635271318256855e-03 -4.7311857342720032e-03 9.0818536281585693e-01 9.9897176027297974e-01 2.2548720240592957e-02 -3.9331570267677307e-02 9.4820380210876465e-01 2.7700000000000000e+03 7.6254547119140625e+01
9.9985581636428833e-01 1.2879679910838604e-02 -1.1059238575398922e-02 8.9990675449371338e-01 9.9810373783111572e-01 2.4740058928728104e-02 -5.6364163756370544e-02 9.5131117105484009e-01 4.6240000000000000e+03 8.4836074829101562e+01
9.9997812509536743e-01 -6.5183262340724468e-03 -1.1562033323571086e-03 9.1057968139648438e-01 9.9943727254867554e-01 2.3496234789490700e-02 -2.3939952254295349e-02 9.4333779811859131e-01 4.1600000000000000e+03 8.1000221252441406e+01
9.9998420476913452e-01 -2.6442836970090866e-03 -4.9588391557335854e-03 8.9538043737411499e-01 9.9944567680358887e-01 9.1254841536283493e-03 -3.2016396522521973e-02 9.3915396928787231e-01 2.6190000000000000e+03 8.9694335937500000e+01
9.9991250038146973e-01 1.6769978683441877e-03 1.3122994452714920e-02 9.1284656524658203e-01 9.9925792217254639e-01 2.7771810069680214e-02 -2.6693612337112427e-02 9.6366471052169800e-01 2.3480000000000000e+03 1.0448509216308594e+02
-9.9966728687286377e-01 1.3907228596508503e-02 -2.1722033619880676e-02 1.4838632345199585e+00 -9.9805080890655518e-01 -4.5246295630931854e-02 -4.2979862540960312e-02 1.5673406124114990e+00 1.1460000000000000e+03 2.3080802917480469e+02
9.9997240304946899e-01 6.6214916296303272e-03 -3.3800757955759764e-03 9.1469347476959229e-01 9.9902081489562988e-01 2.3535933345556259e-02 -3.7463940680027008e-02 9.5462560653686523e-01 2.1570000000000000e+03 9.8969398498535156e+01
-3.1775865703821182e-02 -2.7275496721267700e-01 -9.6155858039855957e-01 2.0867202281951904e+00 2.9439985752105713e-02 -8.6853724718093872e-01 -4.9474880099296570e-01 2.0607399940490723e+00 2.7310000000000000e+03 2.0394726562500000e+02
-1.6033921390771866e-02 1.0712144523859024e-01 -9.9411666393280029e-01 1.6227746009826660e+00 1.0844846256077290e-02 -5.8246827125549316e-01 -8.1278109550476074e-01 1.6273311376571655e+00 1.0543000000000000e+04 1.6630627441406250e+02
-9.0951677411794662e-03 7.5819212198257446e-01 -6.5196782350540161e-01 7.5071358680725098e-01 -6.3491106033325195e-02 7.0510998368263245e-02 -9.9548834562301636e-01 6.8588334321975708e-01 1.5740000000000000e+03 9.1028587341308594e+01
-4.2932469397783279e-02 6.8123686313629150e-01 -7.3080313205718994e-01 1.6607341766357422e+00 4.1850330308079720e-03 -3.8915667682886124e-02 -9.9923378229141235e-01 1.5965102910995483e+00 8.0110000000000000e+03 1.4540931701660156e+02
-4.0536611340939999e-03 -3.1224983930587769e-01 -9.4999140501022339e-01 7.3140054941177368e-01 1.1761045083403587e-02 -8.9456808567047119e-01 -4.4677710533142090e-01 7.7509993314743042e-01 4.1200000000000000e+03 1.7487815856933594e+02
9.9988776445388794e-01 9.7077218815684319e-03 -1.1407127603888512e-02 9.0327799320220947e-01 9.9908888339996338e-01 1.6164908185601234e-02 -3.9497144520282745e-02 9.4909644126892090e-01 3.9940000000000000e+03 8.7625991821289062e+01
9.9996262788772583e-01 8.1741064786911011e-03 2.8290266636759043e-03 8.8968813419342041e-01 9.9947988986968994e-01 1.5697056427598000e-02 -2.8173625469207764e-02 9.4848060607910156e-01 1.1430000000000000e+03 8.6009056091308594e+01
-9.9992477893829346e-01 1.2249131686985493e-02 4.9669633153825998e-04 1.5762466192245483e+00 -9.9952185153961182e-01 -6.0929893516004086e-03 -3.0314292758703232e-02 1.6362086534500122e+00 1.9570000000000000e+03 1.8960464477539062e+02
9.9998146295547485e-01 -1.4587698387913406e-04 -6.0724709182977676e-03 8.9652323722839355e-01 9.9931758642196655e-01 1.3974530622363091e-02 -3.4189164638519287e-02 9.5046198368072510e-01 3.7080000000000000e+03 8.5946395874023438e+01
-9.9968010187149048e-01 7.4403490871191025e-03 2.4175332859158516e-02 1.5092773437500000e+00 -9.9957799911499023e-01 -6.0837641358375549e-03 -2.8405247256159782e-02 1.6434211730957031e+00 1.9460000000000000e+03 2.0165982055664062e+02
9.9995714426040649e-01 -8.5016898810863495e-03 -3.6619813181459904e-03 8.9179122447967529e-01 9.9942862987518311e-01 1.1791123077273369e-02 -3.1677655875682831e-02 9.5204973220825195e-01 4.9060000000000000e+03 8.5245231628417969e+01
9.9996167421340942e-01 -5.6548123247921467e-03 -6.6814259625971317e-03 8.9567822217941284e-01 9.9929159879684448e-01 1.2640479952096939e-02 -3.5446513444185257e-02 9.5330476760864258e-01 4.7160000000000000e+03 8.5833724975585938e+01
9.9998462200164795e-01 -3.3427868038415909e-03 -4.4275890104472637e-03 8.9495420455932617e-01 9.9925148487091064e-01 1.5066047199070454e-02 -3.5630274564027786e-02 9.5309787988662720e-01 3.9650000000000000e+03 8.6454696655273438e+01
9.9999636411666870e-01 -2.0813960582017899e-03 -1.7173485830426216e-03 8.9102220535278320e-01 9.9926567077636719e-01 1.5418413095176220e-02 -3.5077072679996490e-02 9.5266193151473999e-01 3.8830000000000000e+03 8.5743118286132812e+01
9.9999642372131348e-01 -1.8969156080856919e-03 -1.9024229841306806e-03 8.9405441284179688e-01 9.9921125173568726e-01 1.8062496557831764e-02 -3.5366766154766083e-02 9.5223373174667358e-01 4.0070000000000000e+03 8.5670600891113281e+01
9.9999958276748657e-01 -1.6210702597163618e-04 -9.3252962687984109e-04 8.8813841342926025e-01 9.9928319454193115e-01 1.4001317322254181e-02 -3.5171184688806534e-02 9.5086264610290527e-01 4.0670000000000000e+03 8.5494567871093750e+01
9.9999082088470459e-01 -4.2262226343154907e-03 -7.9631246626377106e-04 8.8332766294479370e-01 9.9951958656311035e-01 8.6894119158387184e-03 -2.9746824875473976e-02 9.4465148448944092e-01 4.4110000000000000e+03 8.6365844726562500e+01
9.9999183416366577e-01 -2.3244635667651892e-04 -4.0453621186316013e-03 8.8885688781738281e-01 9.9938261508941650e-01 1.1351015418767929e-02 -3.3248707652091980e-02 9.4415235519409180e-01 3.2050000000000000e+03 8.6179206848144531e+01
9.9995875358581543e-01 8.5512353107333183e-03 3.0597185250371695e-03 8.8355702161788940e-01 9.9948954582214355e-01 9.7861224785447121e-03 -3.0410097911953926e-02 9.4878441095352173e-01 1.5720000000000000e+03 8.7061965942382812e+01
9.9997729063034058e-01 4.1176853701472282e-03 5.3336634300649166e-03 8.7980818748474121e-01 9.9941802024841309e-01 8.1017483025789261e-03 -3.3135287463665009e-02 9.5819073915481567e-01 2.6570000000000000e+03 8.9010025024414062e+01
9.9998819828033447e-01 2.6017302297987044e-04 -4.8428680747747421e-03 8.9912360906600952e-01 9.9914836883544922e-01 1.5575923956930637e-02 -3.8209259510040283e-02 9.5773148536682129e-01 3.1550000000000000e+03 9.2871337890625000e+01
9.9997949600219727e-01 -5.1928665488958359e-03 -3.7521829362958670e-03 8.9746683835983276e-01 9.9937516450881958e-01 1.8334578722715378e-02 -3.0217189341783524e-02 9.4733458757400513e-01 3.6280000000000000e+03 8.1367141723632812e+01
9.9984627962112427e-01 -1.2350169941782951e-02 -1.2442474253475666e-02 9.0968859195709229e-01 9.9950510263442993e-01 1.4173855073750019e-02 -2.8084715828299522e-02 9.4355905055999756e-01 1.4390000000000000e+03 7.9891899108886719e+01
9.9996519088745117e-01 -8.1689767539501190e-03 -1.6832157270982862e-03 9.0023070573806763e-01 9.9963021278381348e-01 1.3507058843970299e-02 -2.3598758503794670e-02 9.3951445817947388e-01 3.2510000000000000e+03 9.1097267150878906e+01
3.6321625113487244e-02 9.9372786283493042e-01 -1.0576196014881134e-01 9.1135829687118530e-01 -3.3126326743513346e-03 5.8443945646286011e-01 -8.1143051385879517e-01 8.7649905681610107e-01 1.1850000000000000e+03 1.8045944213867188e+02
-2.6397408917546272e-02 9.9292045831680298e-01 -1.1581117659807205e-01 9.2056280374526978e-01 -3.3126326743513346e-03 5.8443945646286011e-01 -8.1143051385879517e-01 8.7649905681610107e-01 2.6140000000000000e+03 1.8045944213867188e+02
-9.9987930059432983e-01 1.4796246774494648e-02 4.7396682202816010e-03 1.6177140474319458e+00 -9.9950230121612549e-01 2.3547813761979342e-03 -3.1457047909498215e-02 1.5104914903640747e+00 1.3090000000000000e+03 2.0473338317871094e+02
9.9998080730438232e-01 6.1094374395906925e-03 1.0752250673249364e-03 8.8904750347137451e-01 9.9936693906784058e-01 1.4027173630893230e-02 -3.2695304602384567e-02 9.5257818698883057e-01 1.5010000000000000e+03 8.8861694335937500e+01
-2.3604363203048706e-02 -2.1190553903579712e-01 -9.7700494527816772e-01 2.1038720607757568e+00 2.2355193272233009e-02 -8.5138040781021118e-01 -5.2407211065292358e-01 2.0536992549896240e+00 3.0190000000000000e+03 2.0055383300781250e+02
-2.4875302333384752e-03 1.0849884152412415e-01 -9.9409347772598267e-01 1.6693717241287231e+00 2.3378098383545876e-02 -5.8413696289062500e-01 -8.1131839752197266e-01 1.6663663387298584e+00 7.6270000000000000e+03 1.7835388183593750e+02
-1.1325668543577194e-02 -6.4121700823307037e-02 -9.9787777662277222e-01 1.3246800899505615e+00 1.6547568142414093e-02 -7.3330056667327881e-01 -6.7970329523086548e-01 1.3568863868713379e+00 6.4410000000000000e+03 1.8776586914062500e+02
-1.1074503883719444e-02 5.7990330457687378e-01 -8.1461000442504883e-01 9.7191148996353149e-01 -5.1885969936847687e-02 -9.4158947467803955e-02 -9.9420416355133057e-01 9.0771669149398804e-01 1.8460000000000000e+03 1.0274394226074219e+02
-2.5299491360783577e-02 6.3379448652267456e-01 -7.7308756113052368e-01 1.5378955602645874e+00 3.5589030012488365e-03 -8.1397786736488342e-02 -9.9667531251907349e-01 1.4790345430374146e+00 1.1109000000000000e+04 1.5125387573242188e+02
9.9975913763046265e-01 1.3017617166042328e-02 -1.7667926847934723e-02 9.1349709033966064e-01 9.9836939573287964e-01 1.4161044731736183e-02 -5.5300597101449966e-02 9.5800232887268066e-01 2.4760000000000000e+03 8.5260940551757812e+01
9.9986952543258667e-01 1.4655154198408127e-02 6.8008443340659142e-03 8.8816416263580322e-01 9.9937546253204346e-01 1.0624995455145836e-02 -3.3702716231346130e-02 9.5221453905105591e-01 1.8440000000000000e+03 1.1574817657470703e+02
9.9991053342819214e-01 -1.3359173201024532e-02 5.7722959900274873e-04 8.9438670873641968e-01 9.9965971708297729e-01 1.4573849737644196e-02 -2.1636171266436577e-02 9.3424785137176514e-01 2.7950000000000000e+03 1.0857563781738281e+02
9.9989318847656250e-01 1.3253930956125259e-02 6.1505115590989590e-03 8.9139199256896973e-01 9.9907809495925903e-01 1.9164089113473892e-02 -3.8415294140577316e-02 9.6299135684967041e-01 1.3550000000000000e+03 1.0561502075195312e+02
-5.0436116755008698e-02 -3.5789197683334351e-01 -9.3239980936050415e-01 2.0471606254577637e+00 2.3851990699768066e-02 -9.1678953170776367e-01 -3.9865788817405701e-01 1.9828141927719116e+00 1.3390000000000000e+03 2.1450036621093750e+02
-2.8063442558050156e-02 -1.3986539840698242e-01 -9.8977285623550415e-01 1.7180711030960083e+00 2.9668517410755157e-02 -7.7923268079757690e-01 -6.2603217363357544e-01 1.7352073192596436e+00 3.0160000000000000e+03 2.0359416198730469e+02
-2.4121243041008711e-03 -3.8935667276382446e-01 -9.2108392715454102e-01 1.4943045377731323e+00 3.3519875258207321e-02 -9.5116961002349854e-01 -3.0684331059455872e-01 1.3933765888214111e+00 1.0440000000000000e+03 2.1200286865234375e+02
-4.8965984024107456e-03 -3.9619705080986023e-01 -9.1815245151519775e-01 1.4919382333755493e+00 3.2346360385417938e-02 -9.5052123069763184e-01 -3.0897101759910583e-01 1.3939878940582275e+00 1.0490000000000000e+03 2.1142517089843750e+02
-4.6405675821006298e-03 -3.9346194267272949e-01 -9.1932928562164307e-01 1.4927701950073242e+00 3.0629251152276993e-02 -9.4923490285873413e-01 -3.1307333707809448e-01 1.4042329788208008e+00 1.0570000000000000e+03 2.1139830017089844e+02
-5.2944333292543888e-03 -3.8797929883003235e-01 -9.2165291309356689e-01 1.4945706129074097e+00 2.8645837679505348e-02 -9.5299488306045532e-01 -3.0162930488586426e-01 1.3784593343734741e+00 1.0090000000000000e+03 2.1113279724121094e+02
-5.0437827594578266e-03 -3.9277851581573486e-01 -9.1961932182312012e-01 1.4920986890792847e+00 2.6690866798162460e-02 -9.5159465074539185e-01 -3.0619499087333679e-01 1.3891061544418335e+00 1.0310000000000000e+03 2.1067604064941406e+02
-1.6194466501474380e-02 -3.6568260192871094e-01 -9.3059873580932617e-01 1.5885640382766724e+00 2.4307440966367722e-02 -9.1892319917678833e-01 -3.9368680119514465e-01 1.6061308383941650e+00 1.1390000000000000e+03 2.2082353210449219e+02
-5.5773973464965820e-02 9.7557002305984497e-01 -2.1249106526374817e-01 1.3767638206481934e+00 -8.4916427731513977e-03 4.9457478523254395e-01 -8.6909365653991699e-01 1.3081758022308350e+00 1.3870000000000000e+03 1.3469285583496094e+02
-3.8199439644813538e-02 7.2480028867721558e-01 -6.8789923191070557e-01 1.3463641405105591e+00 -6.4578996971249580e-03 1.4345875941216946e-02 -9.9987632036209106e-01 1.3034358024597168e+00 7.9230000000000000e+03 1.4389537048339844e+02
-2.2385224699974060e-02 5.6315618753433228e-01 -8.2604724168777466e-01 1.2594525814056396e+00 -7.9736234620213509e-03 -1.5623922646045685e-01 -9.8768711090087891e-01 1.2197358608245850e+00 1.1818000000000000e+04 1.4660261535644531e+02
9.9990487098693848e-01 -1.1181531008332968e-03 -1.3742706738412380e-02 9.1578489542007446e-01 9.9893468618392944e-01 1.8585763871669769e-02 -4.2240455746650696e-02 9.4890624284744263e-01 2.8610000000000000e+03 8.4746978759765625e+01
9.9990868568420410e-01 3.7163309752941132e-03 -1.2990497983992100e-02 9.1714560985565186e-01 9.9937790632247925e-01 1.1702006682753563e-02 -3.3271506428718567e-02 9.4488990306854248e-01 1.8750000000000000e+03 9.5598930358886719e+01
-2.5087525136768818e-04 -6.4405286312103271e-01 -7.6498103141784668e-01 1.0042694807052612e+00 1.8731202930212021e-02 -9.9739003181457520e-01 -6.9729752838611603e-02 1.0357192754745483e+00 2.8980000000000000e+03 1.9179502868652344e+02
-1.5139828436076641e-02 -6.1217296123504639e-01 -7.9057896137237549e-01 1.1199070215225220e+00 1.2877767905592918e-02 -9.9956119060516357e-01 -2.6676885783672333e-02 1.0006523132324219e+00 1.6620000000000000e+03 1.9703509521484375e+02
4.9402210861444473e-03 -6.6258788108825684e-01 -7.4896800518035889e-01 9.7685813903808594e-01 1.2877767905592918e-02 -9.9956119060516357e-01 -2.6676885783672333e-02 1.0006523132324219e+00 2.7640000000000000e+03 1.9703509521484375e+02
-1.3512728735804558e-02 -6.8472903966903687e-01 -7.2867244482040405e-01 9.3719518184661865e-01 1.3310667127370834e-02 -9.9954921007156372e-01 -2.6910904794931412e-02 9.9568343162536621e-01 1.8000000000000000e+03 2.1371000671386719e+02
3.6657208111137152e-03 -6.7627948522567749e-01 -7.3663610219955444e-01 9.1682237386703491e-01 1.6079487279057503e-02 -9.9897074699401855e-01 -4.2414069175720215e-02 9.8552632331848145e-01 1.1410000000000000e+03 2.0356880187988281e+02
9.9970430135726929e-01 2.4066831916570663e-02 3.4679498057812452e-03 8.8787472248077393e-01 9.9931496381759644e-01 1.0048058815300465e-02 -3.5617049783468246e-02 9.4439440965652466e-01 1.4830000000000000e+03 8.5443878173828125e+01
9.9999755620956421e-01 1.4138185651972890e-03 1.7067565349861979e-03 8.8912606239318848e-01 9.9945890903472900e-01 1.2105567380785942e-02 -3.0582888051867485e-02 9.5110160112380981e-01 3.0160000000000000e+03 8.5439918518066406e+01
9.9999266862869263e-01 -2.2256409283727407e-03 -3.1227443832904100e-03 8.9479440450668335e-01 9.9933767318725586e-01 1.1945871636271477e-02 -3.4371294081211090e-02 9.5480346679687500e-01 4.8950000000000000e+03 8.5138511657714844e+01
-9.9996167421340942e-01 7.2463359683752060e-03 -4.9085067585110664e-03 1.5810177326202393e+00 -9.9963438510894775e-01 -1.5756871551275253e-02 -2.1975420415401459e-02 1.6180362701416016e+00 2.2610000000000000e+03 1.9562504577636719e+02
9.9999928474426270e-01 2.9270121012814343e-04 -1.1444451520219445e-03 8.9671820402145386e-01 9.9931079149246216e-01 1.6160676255822182e-02 -3.3419527113437653e-02 9.4890910387039185e-01 5.0650000000000000e+03 8.5477478027343750e+01
-9.9999368190765381e-01 2.8612436726689339e-03 -2.0972178317606449e-03 1.5624446868896484e+00 -9.9962568283081055e-01 -1.9161768257617950e-02 -1.9528442993760109e-02 1.6158536672592163e+00 2.7020000000000000e+03 1.9641204833984375e+02
9.9999421834945679e-01 3.0252223950810730e-04 -3.3845370635390282e-03 8.9062911272048950e-01 9.9927860498428345e-01 1.4737830497324467e-02 -3.5000920295715332e-02 9.4691270589828491e-01 5.0450000000000000e+03 8.5786773681640625e+01
-9.9999177455902100e-01 -2.2591662127524614e-03 3.3868884202092886e-03 1.5600762367248535e+00 -9.9964392185211182e-01 -1.4175842516124249e-02 -2.2606933489441872e-02 1.6364669799804688e+00 2.9550000000000000e+03 1.9621382141113281e+02
9.9998801946640015e-01 -4.3799211271107197e-03 -2.2047653328627348e-03 8.9236766099929810e-01 9.9932903051376343e-01 1.4685222879052162e-02 -3.3554233610630035e-02 9.5110487937927246e-01 4.6270000000000000e+03 8.5493698120117188e+01
-9.9987679719924927e-01 4.7467411495745182e-03 1.4963065274059772e-02 1.5192762613296509e+00 -9.9959081411361694e-01 -1.3945659622550011e-02 -2.4975547567009926e-02 1.6329752206802368e+00 1.8920000000000000e+03 1.9865908813476562e+02
9.9998939037322998e-01 -4.4031748548150063e-03 -1.3314125826582313e-03 8.9102053642272949e-01 9.9931484460830688e-01 1.3633688911795616e-02 -3.4409400075674057e-02 9.4971442222595215e-01 5.0210000000000000e+03 8.4611312866210938e+01
-9.9984043836593628e-01 -6.3243433833122253e-03 1.6706053167581558e-02 1.5239188671112061e+00 -9.9982023239135742e-01 -1.7724774079397321e-03 -1.8878506496548653e-02 1.6204050779342651e+00 1.5910000000000000e+03 2.1607794189453125e+02
9.9999260902404785e-01 -2.8441424947232008e-03 -2.5840422604233027e-03 8.9062154293060303e-01 9.9932694435119629e-01 1.3243324123322964e-02 -3.4208722412586212e-02 9.4797754287719727e-01 5.0620000000000000e+03 8.3145919799804688e+01
-9.9974757432937622e-01 2.2798439022153616e-03 2.2351996973156929e-02 1.5146178007125854e+00 -9.9988102912902832e-01 -3.2633759547024965e-03 -1.5076912008225918e-02 1.6058229207992554e+00 1.7590000000000000e+03 2.0393803405761719e+02
9.9999952316284180e-01 -4.3504277709871531e-04 -9.3045388348400593e-04 8.8951069116592407e-01 9.9933165311813354e-01 1.6757551580667496e-02 -3.2486673444509506e-02 9.4294148683547974e-01 4.5300000000000000e+03 8.1474075317382812e+01
-5.6703813374042511e-02 5.4621536284685135e-02 -9.9689573049545288e-01 3.4136226177215576e+00 6.7699842154979706e-02 -6.5705692768096924e-01 -7.5079500675201416e-01 3.2212438583374023e+00 1.2820000000000000e+03 2.0640327453613281e+02
9.9998170137405396e-01 -4.3641895172186196e-04 6.0384552925825119e-03 8.7925112247467041e-01 9.9942022562026978e-01 1.6422158107161522e-02 -2.9824435710906982e-02 9.4392031431198120e-01 2.7760000000000000e+03 8.5056686401367188e+01
9.9975728988647461e-01 1.7105687409639359e-02 1.3887396082282066e-02 8.7319016456604004e-01 9.9911481142044067e-01 1.9334156066179276e-02 -3.7360459566116333e-02 9.5687538385391235e-01 1.1180000000000000e+03 8.2760353088378906e+01
9.9997246265411377e-01 5.9070787392556667e-03 -4.4998750090599060e-03 9.0171021223068237e-01 9.9931645393371582e-01 1.5647022053599358e-02 -3.3490061759948730e-02 9.4951027631759644e-01 2.2390000000000000e+03 8.0297790527343750e+01
9.9998992681503296e-01 4.4813384301960468e-03 3.2545969588682055e-04 8.7742102146148682e-01 9.9940752983093262e-01 1.1158908717334270e-02 -3.2558184117078781e-02 9.3568682670593262e-01 2.1050000000000000e+03 7.8437316894531250e+01
9.9998831748962402e-01 -4.7679170966148376e-03 7.8460579970851541e-04 8.8499891757965088e-01 9.9939650297164917e-01 1.4113269746303558e-02 -3.1740508973598480e-02 9.5319294929504395e-01 2.7460000000000000e+03 7.6279197692871094e+01
9.9992281198501587e-01 -9.6008330583572388e-03 7.8919762745499611e-03 9.0141481161117554e-01 9.9974751472473145e-01 1.2239827774465084e-02 -1.8840352073311806e-02 9.6240139007568359e-01 3.3170000000000000e+03 8.2757392883300781e+01
-9.9970263242721558e-01 2.2728670388460159e-02 -8.8297370821237564e-03 1.4892387390136719e+00 -9.9927109479904175e-01 -2.1616866812109947e-02 -3.1463287770748138e-02 1.5152877569198608e+00 1.4390000000000000e+03 2.1840444946289062e+02
9.9984657764434814e-01 1.5070251189172268e-02 -8.9273368939757347e-03 9.1010260581970215e-01 9.9885845184326172e-01 1.7594501376152039e-02 -4.4410023838281631e-02 9.6233326196670532e-01 2.5610000000000000e+03 8.7543212890625000e+01
-9.9988645315170288e-01 2.9795519076287746e-03 1.4769203960895538e-02 1.4632492065429688e+00 -9.9976897239685059e-01 -2.1308390423655510e-02 -2.8206307906657457e-03 1.4950282573699951e+00 1.6170000000000000e+03 2.1181556701660156e+02
9.9997740983963013e-01 4.1981539689004421e-03 -5.2601783536374569e-03 8.9286333322525024e-01 9.9901425838470459e-01 9.9326251074671745e-03 -4.3264787644147873e-02 9.5810568332672119e-01 2.9370000000000000e+03 9.6610092163085938e+01
9.9997746944427490e-01 2.9232983943074942e-03 -6.0443240217864513e-03 8.9422798156738281e-01 9.9919229745864868e-01 1.2787990272045135e-02 -3.8096867501735687e-02 9.4824761152267456e-01 2.6010000000000000e+03 8.1786590576171875e+01
9.9974727630615234e-01 2.0253624767065048e-02 9.7605092450976372e-03 8.8544183969497681e-01 9.9895811080932617e-01 2.1038686856627464e-02 -4.0496550500392914e-02 9.6261721849441528e-01 1.1860000000000000e+03 7.0935836791992188e+01
-6.9768339395523071e-02 5.7504677772521973e-01 -8.1514012813568115e-01 2.1725509166717529e+00 5.4090071469545364e-02 -1.4235819876194000e-01 -9.8833620548248291e-01 2.0498042106628418e+00 2.0440000000000000e+03 1.6477168273925781e+02
3.3535402268171310e-02 -3.5917732864618301e-02 -9.9879187345504761e-01 1.3929876089096069e+00 -1.8001638352870941e-02 -6.7282944917678833e-01 -7.3957872390747070e-01 1.4431048631668091e+00 1.0730000000000000e+03 1.2988816833496094e+02
2.5567105039954185e-02 -6.9189861416816711e-02 -9.9727588891983032e-01 1.6061236858367920e+00 -1.8001638352870941e-02 -6.7282944917678833e-01 -7.3957872390747070e-01 1.4431048631668091e+00 1.0730000000000000e+03 1.6255844116210938e+02
9.9450141191482544e-02 6.3782706856727600e-02 -9.9299621582031250e-01 1.3466289043426514e+00 -1.8001638352870941e-02 -6.7282944917678833e-01 -7.3957872390747070e-01 1.4431048631668091e+00 1.0730000000000000e+03 1.3917933654785156e+02
-2.8516210615634918e-02 -1.2418816983699799e-01 -9.9184882640838623e-01 1.9703688621520996e+00 2.8445389121770859e-02 -7.7835929393768311e-01 -6.2717431783676147e-01 1.9858096837997437e+00 3.9760000000000000e+03 1.9797686767578125e+02
9.9965566396713257e-01 -1.8589584156870842e-02 -1.8519079312682152e-02 9.2386245727539062e-01 9.9915689229965210e-01 1.3468991965055466e-02 -3.8782887160778046e-02 9.5964246988296509e-01 2.0710000000000000e+03 7.9954612731933594e+01
9.9989944696426392e-01 1.4170357957482338e-02 4.8640061868354678e-04 8.9549827575683594e-01 9.9895274639129639e-01 2.3460041731595993e-02 -3.9281658828258514e-02 9.4819045066833496e-01 1.8820000000000000e+03 7.3354301452636719e+01
-9.9988043308258057e-01 -1.0808382183313370e-02 1.1056200601160526e-02 1.1913117170333862e+00 -9.9976032972335815e-01 -1.9044416025280952e-02 -1.0791743174195290e-02 1.2479079961776733e+00 1.0660000000000000e+03 2.1091764831542969e+02
9.9995481967926025e-01 -8.7178785179276019e-05 9.5061967149376869e-03 8.8116407394409180e-01 9.9942821264266968e-01 1.5055623836815357e-02 -3.0275745317339897e-02 9.4216203689575195e-01 1.7170000000000000e+03 8.0570884704589844e+01
9.9985182285308838e-01 1.6042774543166161e-02 -6.2443171627819538e-03 9.0189033746719360e-01 9.9823731184005737e-01 2.7346180751919746e-02 -5.2673321217298508e-02 9.5094227790832520e-01 4.9210000000000000e+03 8.4914123535156250e+01
9.9993985891342163e-01 8.3396676927804947e-03 7.1189515292644501e-03 9.1019433736801147e-01 9.9935954809188843e-01 1.9159181043505669e-02 -3.0221655964851379e-02 9.5751374959945679e-01 2.6150000000000000e+03 8.1882354736328125e+01
-9.9986094236373901e-01 1.5118346549570560e-02 -7.0367674343287945e-03 1.5344972610473633e+00 -9.9938839673995972e-01 -2.8529891744256020e-02 -2.0221291109919548e-02 1.6070781946182251e+00 1.4070000000000000e+03 2.2174966430664062e+02
9.9992537498474121e-01 1.1804227717220783e-02 -3.1335712410509586e-03 9.0777570009231567e-01 9.9917340278625488e-01 1.7021043226122856e-02 -3.6914989352226257e-02 9.5036101341247559e-01 2.5990000000000000e+03 9.3403144836425781e+01
-9.9983733892440796e-01 1.4431774616241455e-02 1.0818350128829479e-02 1.5191671848297119e+00 -9.9957311153411865e-01 -1.7857825383543968e-02 -2.3121774196624756e-02 1.6313955783843994e+00 1.4200000000000000e+03 1.9919841003417969e+02
9.9997538328170776e-01 -4.9461238086223602e-03 -4.9818884581327438e-03 9.1160643100738525e-01 9.9941152334213257e-01 1.5385170467197895e-02 -3.0659096315503120e-02 9.4977605342864990e-01 3.8120000000000000e+03 8.5471107482910156e+01
-9.9979114532470703e-01 4.6843015588819981e-03 1.9892487674951553e-02 1.4826079607009888e+00 -9.9961447715759277e-01 -1.1505471542477608e-02 -2.5267602875828743e-02 1.6194896697998047e+00 1.9540000000000000e+03 2.0925843811035156e+02
9.9996310472488403e-01 -7.5354063883423805e-03 -4.1308463551104069e-03 8.9907300472259521e-01 9.9942517280578613e-01 1.0706283152103424e-02 -3.2166436314582825e-02 9.5076090097427368e-01 4.5300000000000000e+03 8.6130012512207031e+01
9.9996358156204224e-01 -6.1484342440962791e-03 -5.9209596365690231e-03 9.0558898448944092e-01 9.9934870004653931e-01 1.3588574714958668e-02 -3.3429548144340515e-02 9.5265716314315796e-01 4.3770000000000000e+03 8.5864074707031250e+01
9.9999368190765381e-01 -3.1705128494650126e-03 -1.6241100383922458e-03 8.9374315738677979e-01 9.9933797121047974e-01 1.4532771892845631e-02 -3.3354014158248901e-02 9.5179140567779541e-01 4.0060000000000000e+03 8.5053520202636719e+01
9.9992340803146362e-01 1.2181883677840233e-02 2.1769644226878881e-03 8.9260852336883545e-01 9.9931538105010986e-01 1.4330556616187096e-02 -3.4107867628335953e-02 9.5114564895629883e-01 1.7730000000000000e+03 8.6010139465332031e+01
9.9999737739562988e-01 2.1713961905334145e-04 -2.3007565177977085e-03 8.9530158042907715e-01 9.9911308288574219e-01 1.8819667398929596e-02 -3.7668101489543915e-02 9.5243167877197266e-01 4.7810000000000000e+03 8.4957717895507812e+01
