-8.0302670598030090e-02 7.5788867473602295e-01 -6.4742279052734375e-01 2.0952837467193604e+00 -4.3743822723627090e-02 6.3019230961799622e-02 -9.9705314636230469e-01 1.9746266603469849e+00 3.0600000000000000e+03 1.6002268981933594e+02
-5.7851370424032211e-02 6.6752892732620239e-01 -7.4233305454254150e-01 2.0332787036895752e+00 -2.1461153402924538e-02 -5.8183111250400543e-03 -9.9975270032882690e-01 1.9344980716705322e+00 6.9790000000000000e+03 1.5171127319335938e+02
-3.8908295333385468e-02 3.7668290734291077e-01 -9.2552477121353149e-01 2.0287110805511475e+00 -1.6575912013649940e-02 -2.8028863668441772e-01 -9.5977264642715454e-01 1.9278398752212524e+00 7.9370000000000000e+03 1.7506173706054688e+02
-4.3517362326383591e-02 4.0602856874465942e-01 -9.1282361745834351e-01 2.2655508518218994e+00 -3.4607328474521637e-02 -2.3764999210834503e-01 -9.7073411941528320e-01 2.1681332588195801e+00 3.7710000000000000e+03 1.8314453125000000e+02
-2.9281456023454666e-02 8.4165453910827637e-01 -5.3922188282012939e-01 2.2864916324615479e+00 -5.9566896408796310e-02 1.4525005221366882e-01 -9.8760026693344116e-01 2.2822754383087158e+00 1.1400000000000000e+03 2.0280143737792969e+02
-2.2622017189860344e-02 8.1194412708282471e-01 -5.8329659700393677e-01 1.5589135885238647e+00 -1.6427008667960763e-03 1.7802301049232483e-01 -9.8402500152587891e-01 1.4750920534133911e+00 2.9390000000000000e+03 1.4553793334960938e+02
-1.2619244866073132e-02 8.4794855117797852e-01 -5.2992820739746094e-01 1.4168677330017090e+00 -2.6898104697465897e-03 1.8069173395633698e-01 -9.8353618383407593e-01 1.3824177980422974e+00 6.5550000000000000e+03 1.6940979003906250e+02
9.9981153011322021e-01 -1.2341628316789865e-03 -1.9376764073967934e-02 9.4341522455215454e-01 9.9989080429077148e-01 1.4781434088945389e-02 4.5772434532409534e-05 8.8912647962570190e-01 1.3640000000000000e+03 6.2984405517578125e+01
9.9998658895492554e-01 -4.4088191352784634e-03 -2.7099754661321640e-03 9.3071448802947998e-01 9.9985039234161377e-01 1.6932174563407898e-02 3.5321533214300871e-03 9.1694778203964233e-01 2.9130000000000000e+03 8.7108123779296875e+01
9.9996435642242432e-01 -2.7859325055032969e-03 -7.9718958586454391e-03 9.2813360691070557e-01 9.9983620643615723e-01 1.4179561287164688e-02 -1.1253201402723789e-02 9.3738746643066406e-01 2.2940000000000000e+03 9.0864868164062500e+01
6.4114755950868130e-03 -1.2933082878589630e-01 -9.9158078432083130e-01 1.4020833969116211e+00 -6.7650256678462029e-03 -7.8063356876373291e-01 -6.2495231628417969e-01 1.4505051374435425e+00 6.9220000000000000e+03 1.8562582397460938e+02
6.4114755950868130e-03 -1.2933082878589630e-01 -9.9158078432083130e-01 1.4020833969116211e+00 4.7340273857116699e-02 -7.4117124080657959e-01 -6.6964477300643921e-01 1.5156341791152954e+00 1.0220000000000000e+03 1.3438737487792969e+02
9.9998664855957031e-01 -4.7745564952492714e-03 2.0041933748871088e-03 9.1316092014312744e-01 9.9981093406677246e-01 1.8592391163110733e-02 -5.6956354528665543e-03 9.1596591472625732e-01 1.2320000000000000e+03 8.8114440917968750e+01
3.7604180397465825e-04 4.9870687723159790e-01 -8.6677062511444092e-01 1.9542359113693237e+00 4.7877551987767220e-03 -2.0866470038890839e-01 -9.7797554731369019e-01 1.9003437757492065e+00 7.5040000000000000e+03 1.5520021057128906e+02
9.9980610609054565e-01 1.9569037482142448e-02 -2.1901826839894056e-03 9.2105406522750854e-01 9.9979394674301147e-01 1.9966263324022293e-02 3.6772883031517267e-03 8.8430410623550415e-01 1.2710000000000000e+03 8.5840110778808594e+01
6.2076523900032043e-03 3.4273840487003326e-02 -9.9939322471618652e-01 2.6856200695037842e+00 -1.6677461564540863e-02 -6.5007913112640381e-01 -7.5968343019485474e-01 2.6815133094787598e+00 1.8590000000000000e+03 2.0436633300781250e+02
-1.0289522819221020e-02 2.3202054202556610e-01 -9.7265648841857910e-01 2.9326720237731934e+00 -3.5027947276830673e-02 -4.7352001070976257e-01 -8.8008630275726318e-01 2.8938724994659424e+00 2.5600000000000000e+03 2.0159960937500000e+02
-9.8445580806583166e-04 1.2997560203075409e-01 -9.9151676893234253e-01 1.0273021459579468e+00 8.6459040176123381e-04 -5.9210145473480225e-01 -8.0586308240890503e-01 1.0578925609588623e+00 1.2372000000000000e+04 1.4212722778320312e+02
-8.3442730829119682e-03 4.0743461251258850e-01 -9.1319632530212402e-01 1.4031883478164673e+00 -5.7619442231953144e-03 -2.8774672746658325e-01 -9.5768916606903076e-01 1.3828750848770142e+00 1.0672000000000000e+04 1.5775309753417969e+02
-1.4171405695378780e-02 6.9365221261978149e-01 -7.2017073631286621e-01 1.6107511520385742e+00 3.2227236777544022e-02 4.0523651987314224e-02 -9.9865871667861938e-01 1.5606534481048584e+00 1.1010000000000000e+03 1.1339353179931641e+02
-1.4171405695378780e-02 6.9365221261978149e-01 -7.2017073631286621e-01 1.6107511520385742e+00 -2.9374014586210251e-02 1.7215449362993240e-02 -9.9942022562026978e-01 1.5434051752090454e+00 6.9880000000000000e+03 1.7620930480957031e+02
-1.5373756177723408e-02 5.9788435697555542e-01 -8.0143481492996216e-01 1.5616343021392822e+00 -5.8896783739328384e-03 -1.0465282201766968e-01 -9.9449139833450317e-01 1.4978835582733154e+00 6.6130000000000000e+03 1.7880789184570312e+02
-1.7129249870777130e-02 5.2074319124221802e-01 -8.5354143381118774e-01 1.5260053873062134e+00 -1.8134938552975655e-02 -1.6964958608150482e-01 -9.8533755540847778e-01 1.5076247453689575e+00 7.5110000000000000e+03 1.7368893432617188e+02
-7.1701044216752052e-03 3.4819564223289490e-01 -9.3739449977874756e-01 1.4881768226623535e+00 -2.7980174869298935e-02 -3.0525326728820801e-01 -9.5186007022857666e-01 1.5104500055313110e+00 5.0240000000000000e+03 1.9069009399414062e+02
5.8959820307791233e-03 2.6872852444648743e-01 -9.6319794654846191e-01 1.0890440940856934e+00 5.2337095141410828e-02 -3.8928055763244629e-01 -9.1963118314743042e-01 9.0810942649841309e-01 2.5420000000000000e+03 1.4108328247070312e+02
5.8959820307791233e-03 2.6872852444648743e-01 -9.6319794654846191e-01 1.0890440940856934e+00 1.3808911666274071e-02 -4.0102243423461914e-01 -9.1596412658691406e-01 1.1001614332199097e+00 5.9680000000000000e+03 1.4378704833984375e+02
1.7644897103309631e-02 2.7598470449447632e-01 -9.6100008487701416e-01 1.1813195943832397e+00 1.3808911666274071e-02 -4.0102243423461914e-01 -9.1596412658691406e-01 1.1001614332199097e+00 2.6920000000000000e+03 2.1323104858398438e+02
2.0866557955741882e-02 5.8128897100687027e-02 -9.9809092283248901e-01 1.0924667119979858e+00 2.6328638195991516e-03 -6.2268292903900146e-01 -7.8246986865997314e-01 1.1365181207656860e+00 8.7320000000000000e+03 1.6980804443359375e+02
2.0866557955741882e-02 5.8128897100687027e-02 -9.9809092283248901e-01 1.0924667119979858e+00 4.1359342634677887e-02 -6.1703276634216309e-01 -7.8584992885589600e-01 9.3215113878250122e-01 2.9090000000000000e+03 1.6450091552734375e+02
-7.9810451716184616e-03 4.4904884696006775e-01 -8.9347147941589355e-01 1.9035897254943848e+00 -2.8215555474162102e-02 -1.8279430270195007e-01 -9.8274618387222290e-01 1.8075201511383057e+00 2.8530000000000000e+03 1.7593153381347656e+02
2.8576352633535862e-03 1.9200146198272705e-01 -9.8139053583145142e-01 1.9870483875274658e+00 -2.5512227788567543e-02 -4.9831187725067139e-01 -8.6662238836288452e-01 2.0106608867645264e+00 6.9340000000000000e+03 1.8226449584960938e+02
-3.1628424767404795e-03 8.2652352750301361e-02 -9.9657338857650757e-01 2.3541932106018066e+00 -3.2450914382934570e-02 -6.0287916660308838e-01 -7.9717224836349487e-01 2.3821055889129639e+00 3.3800000000000000e+03 1.9701153564453125e+02
9.9939924478530884e-01 -1.1315260082483292e-02 -3.2759752124547958e-02 9.7502839565277100e-01 9.9985677003860474e-01 1.6315700486302376e-02 -4.4901361688971519e-03 9.1538584232330322e-01 1.1870000000000000e+03 7.5139007568359375e+01
9.9983090162277222e-01 1.3044984079897404e-02 -1.2961175292730331e-02 9.3121951818466187e-01 9.9976688623428345e-01 1.2380546890199184e-02 -1.7688190564513206e-02 9.3552500009536743e-01 1.4570000000000000e+03 9.9679481506347656e+01
9.9993258714675903e-01 8.1030428409576416e-03 -8.3188218995928764e-03 9.3157637119293213e-01 9.9974089860916138e-01 2.0565621554851532e-02 -9.7475163638591766e-03 9.1019451618194580e-01 2.9240000000000000e+03 9.9506843566894531e+01
-9.9967426061630249e-01 -2.4308722466230392e-02 7.7732652425765991e-03 1.5298807621002197e+00 -9.9864882230758667e-01 -4.8995621502399445e-02 1.7318636178970337e-02 1.4549350738525391e+00 1.4130000000000000e+03 2.0434414672851562e+02
9.9993413686752319e-01 7.7770575881004333e-03 -8.4402468055486679e-03 9.2559343576431274e-01 9.9983298778533936e-01 1.5666646882891655e-02 -9.4087421894073486e-03 9.0607941150665283e-01 3.0310000000000000e+03 1.0069976806640625e+02
-9.9963152408599854e-01 -2.5988509878516197e-02 7.8393239527940750e-03 1.5391609668731689e+00 -9.9960184097290039e-01 -2.8037108480930328e-02 3.1717543024569750e-03 1.5199172496795654e+00 1.1500000000000000e+03 2.1509065246582031e+02
9.9998182058334351e-01 4.7700414434075356e-03 -3.6888148169964552e-03 9.1689527034759521e-01 9.9987846612930298e-01 1.3499074615538120e-02 -7.8118317760527134e-03 9.1066080331802368e-01 2.1290000000000000e+03 1.1655471801757812e+02
-9.9957120418548584e-01 -2.2131279110908508e-02 1.9172133877873421e-02 1.5002572536468506e+00 -9.9894410371780396e-01 -4.2549557983875275e-02 1.7326025292277336e-02 1.4511489868164062e+00 1.8360000000000000e+03 2.0112373352050781e+02
9.9994850158691406e-01 7.9861609265208244e-03 -6.2742792069911957e-03 9.1874688863754272e-01 9.9968105554580688e-01 1.9753908738493919e-02 -1.5729734674096107e-02 9.1582876443862915e-01 1.7280000000000000e+03 1.1997164154052734e+02
-9.9949628114700317e-01 -2.6582924649119377e-02 1.7331471666693687e-02 1.5137549638748169e+00 -9.9845284223556519e-01 -5.2773196250200272e-02 1.7516244202852249e-02 1.4693580865859985e+00 1.4010000000000000e+03 1.8608636474609375e+02
-9.9944734573364258e-01 -3.0999686568975449e-02 1.2005678378045559e-02 1.5205630064010620e+00 -9.9960881471633911e-01 -2.6274923235177994e-02 -9.5813563093543053e-03 1.5720115900039673e+00 1.2020000000000000e+03 2.0870466613769531e+02
1.4666988514363766e-02 7.6242916285991669e-02 -9.9698138236999512e-01 9.0586078166961670e-01 4.6127855777740479e-02 -5.6746637821197510e-01 -8.2210350036621094e-01 9.7516429424285889e-01 1.3640000000000000e+03 1.4264295959472656e+02
1.7057504504919052e-02 -1.7011288553476334e-02 -9.9970978498458862e-01 1.0674839019775391e+00 1.0961339809000492e-02 -6.8658000230789185e-01 -7.2697156667709351e-01 1.1096487045288086e+00 1.0900000000000000e+04 1.6628651428222656e+02
-1.6435779631137848e-02 9.6830898523330688e-01 -2.4921411275863647e-01 1.1223187446594238e+00 -1.2451577000319958e-02 4.8775023221969604e-01 -8.7289440631866455e-01 1.0782775878906250e+00 5.2320000000000000e+03 1.3565321350097656e+02
9.9999397993087769e-01 1.9421428442001343e-03 2.8611109592020512e-03 9.1256505250930786e-01 9.9965035915374756e-01 2.3718830198049545e-02 -1.1688850820064545e-02 9.1826146841049194e-01 2.7230000000000000e+03 9.4100990295410156e+01
4.6127857640385628e-03 -6.8047687411308289e-02 -9.9767130613327026e-01 1.3177309036254883e+00 2.2650282829999924e-02 -7.0394688844680786e-01 -7.0989131927490234e-01 1.4053269624710083e+00 2.1070000000000000e+03 1.4032463073730469e+02
9.9995517730712891e-01 9.4111142680048943e-03 1.0362577158957720e-03 9.0559923648834229e-01 9.9983251094818115e-01 1.6456710174679756e-02 -8.0108921974897385e-03 9.0627342462539673e-01 1.6290000000000000e+03 7.0845733642578125e+01
9.9994546175003052e-01 3.6907964386045933e-03 -9.7742052748799324e-03 9.2116558551788330e-01 9.9987125396728516e-01 1.0133014060556889e-02 -1.2435548007488251e-02 9.1508644819259644e-01 2.7380000000000000e+03 9.6731193542480469e+01
9.9997788667678833e-01 9.9481258075684309e-04 -6.5796938724815845e-03 9.1915953159332275e-01 9.9970513582229614e-01 2.3927303031086922e-02 4.1185235604643822e-03 8.9076411724090576e-01 1.2500000000000000e+03 7.8948989868164062e+01
9.9997401237487793e-01 -1.4560318086296320e-03 -7.0611895062029362e-03 9.1937208175659180e-01 9.9982088804244995e-01 1.6651459038257599e-02 -8.9893369004130363e-03 9.0809774398803711e-01 2.6770000000000000e+03 9.5792762756347656e+01
9.9990683794021606e-01 3.3265242818742990e-03 -1.3243954628705978e-02 9.2138189077377319e-01 9.9988818168640137e-01 1.4018714427947998e-02 -5.2075874991714954e-03 8.8866496086120605e-01 2.2250000000000000e+03 8.4337287902832031e+01
9.9998021125793457e-01 4.3636909686028957e-03 -4.5329681597650051e-03 9.1538113355636597e-01 9.9980920553207397e-01 1.6486059874296188e-02 -1.0467658750712872e-02 9.1053074598312378e-01 2.8960000000000000e+03 9.3128799438476562e+01
9.9992740154266357e-01 3.6649799440056086e-03 -1.1476478539407253e-02 9.2123514413833618e-01 9.9978506565093994e-01 1.6364589333534241e-02 -1.2731553986668587e-02 9.0922015905380249e-01 1.7060000000000000e+03 9.5500587463378906e+01
9.9997973442077637e-01 -4.9663577228784561e-03 -3.9854515343904495e-03 9.0967351198196411e-01 9.9984091520309448e-01 1.7574947327375412e-02 -3.0368808656930923e-03 8.9187860488891602e-01 2.8940000000000000e+03 1.1408673095703125e+02
9.9971359968185425e-01 2.3814933374524117e-02 2.3896771017462015e-03 9.0785217285156250e-01 9.9973905086517334e-01 1.8762324005365372e-02 -1.3028115034103394e-02 9.1012626886367798e-01 1.3560000000000000e+03 8.2132217407226562e+01
1.0781543329358101e-02 -1.0296759754419327e-01 -9.9462634325027466e-01 1.0582935810089111e+00 -6.6851419396698475e-03 -7.5275743007659912e-01 -6.5826404094696045e-01 1.1117304563522339e+00 7.5640000000000000e+03 1.8230261230468750e+02
-2.7994543313980103e-02 5.5827325582504272e-01 -8.2918471097946167e-01 7.5255900621414185e-01 -2.2694043815135956e-02 -9.9993579089641571e-02 -9.9472928047180176e-01 7.1243607997894287e-01 1.6090000000000000e+03 8.0754508972167969e+01
-1.2196428142488003e-02 9.2885553836822510e-01 -3.7024116516113281e-01 8.6709070205688477e-01 4.3224962428212166e-03 3.5419449210166931e-01 -9.3516176939010620e-01 8.5593128204345703e-01 7.6840000000000000e+03 1.6530218505859375e+02
9.9998474121093750e-01 4.0152724832296371e-03 3.7962612695991993e-03 9.1672855615615845e-01 9.9978893995285034e-01 2.0533103495836258e-02 -7.2199414717033505e-04 9.0897518396377563e-01 3.4380000000000000e+03 9.0938041687011719e+01
1.7974290996789932e-02 -2.8523162007331848e-01 -9.5829004049301147e-01 1.3531485795974731e+00 -3.4142062067985535e-03 -8.7287372350692749e-01 -4.8793432116508484e-01 1.4245491027832031e+00 3.2030000000000000e+03 2.0476803588867188e+02
9.9974489212036133e-01 1.7530236393213272e-02 -1.4245653524994850e-02 9.3982034921646118e-01 9.9979007244110107e-01 1.5666002407670021e-02 -1.3208059594035149e-02 9.1820096969604492e-01 1.3870000000000000e+03 1.1619644927978516e+02
1.7880247905850410e-02 -6.9587342441082001e-02 -9.9741560220718384e-01 1.0465838909149170e+00 1.3322465121746063e-02 -7.5861918926239014e-01 -6.5139806270599365e-01 1.1245416402816772e+00 1.3450000000000000e+03 1.7426765441894531e+02
-1.8729919567704201e-02 5.1106190681457520e-01 -8.5933989286422729e-01 1.4783773422241211e+00 -1.0658054612576962e-02 -1.8951101601123810e-01 -9.8182076215744019e-01 1.4430375099182129e+00 1.5340000000000000e+03 1.5346575927734375e+02
-6.2967091798782349e-03 -2.1715074777603149e-01 -9.7611778974533081e-01 1.3241828680038452e+00 -7.8659690916538239e-03 -8.2037663459777832e-01 -5.7176929712295532e-01 1.3971418142318726e+00 1.8080000000000000e+03 2.2579203796386719e+02
3.9078763802535832e-04 7.1311181783676147e-01 -7.0105010271072388e-01 1.0134016275405884e+00 8.6275907233357430e-03 4.5625891536474228e-02 -9.9892133474349976e-01 9.6711915731430054e-01 3.7010000000000000e+03 1.8695056152343750e+02
-5.2214572206139565e-03 6.8276923894882202e-01 -7.3061543703079224e-01 9.7476971149444580e-01 9.9809104576706886e-03 -3.4057807642966509e-03 -9.9994432926177979e-01 9.3115842342376709e-01 9.6120000000000000e+03 1.3651168823242188e+02
-5.2214572206139565e-03 6.8276923894882202e-01 -7.3061543703079224e-01 9.7476971149444580e-01 -2.2212656214833260e-02 -7.2338692843914032e-02 -9.9713277816772461e-01 7.7980738878250122e-01 1.6570000000000000e+03 1.3548339843750000e+02
-7.2781215421855450e-03 6.8347966670989990e-01 -7.2993320226669312e-01 9.4405674934387207e-01 2.9626260511577129e-03 6.7760795354843140e-03 -9.9997258186340332e-01 9.0842491388320923e-01 1.2234000000000000e+04 1.4970834350585938e+02
5.9305685572326183e-03 6.9878333806991577e-01 -7.1530878543853760e-01 9.0232348442077637e-01 1.6210397705435753e-02 7.5157531537115574e-03 -9.9984031915664673e-01 8.8731014728546143e-01 4.1250000000000000e+03 1.7839660644531250e+02
-1.1574479285627604e-03 6.8553769588470459e-01 -7.2803622484207153e-01 9.0763568878173828e-01 9.3605890870094299e-03 9.5789097249507904e-03 -9.9991029500961304e-01 8.6611837148666382e-01 9.9050000000000000e+03 1.3464309692382812e+02
-1.8746994901448488e-03 4.8967680335044861e-01 -8.7190198898315430e-01 8.4452438354492188e-01 1.8991656601428986e-02 -1.5762279927730560e-01 -9.8731672763824463e-01 9.5634526014328003e-01 3.0160000000000000e+03 1.3323962402343750e+02
-1.8746994901448488e-03 4.8967680335044861e-01 -8.7190198898315430e-01 8.4452438354492188e-01 8.3300052210688591e-03 -2.0744061470031738e-01 -9.7821223735809326e-01 8.2808655500411987e-01 1.4040000000000000e+04 1.4440975952148438e+02
9.9993240833282471e-01 -1.0965307010337710e-03 -1.1578449979424477e-02 9.3784427642822266e-01 9.9977946281433105e-01 2.0786831155419350e-02 2.9899757355451584e-03 8.9133000373840332e-01 1.8530000000000000e+03 7.9440368652343750e+01
9.9998825788497925e-01 6.9809210253879428e-04 -4.7982642427086830e-03 9.1517186164855957e-01 9.9986684322357178e-01 1.6289247199892998e-02 -9.8220817744731903e-04 8.9706367254257202e-01 3.2900000000000000e+03 7.8059692382812500e+01
9.9998706579208374e-01 3.0830989999230951e-05 -5.0844117067754269e-03 9.1781622171401978e-01 9.9987560510635376e-01 1.5722315758466721e-02 -1.2918160064145923e-03 8.9935916662216187e-01 3.8370000000000000e+03 8.5758407592773438e+01
9.9997812509536743e-01 3.6491400096565485e-03 -5.5228695273399353e-03 9.1417330503463745e-01 9.9986565113067627e-01 1.6255181282758713e-02 -2.1083573810756207e-03 8.9515417814254761e-01 3.6490000000000000e+03 8.1147178649902344e+01
9.9999940395355225e-01 1.1301180347800255e-04 -1.0653135832399130e-03 9.0885174274444580e-01 9.9986487627029419e-01 1.6415812075138092e-02 -8.7760755559429526e-04 8.9864420890808105e-01 3.9410000000000000e+03 8.5817314147949219e+01
-9.9944627285003662e-01 -2.9082432389259338e-02 -1.6169806942343712e-02 1.5955779552459717e+00 -9.9890530109405518e-01 -4.4762782752513885e-02 1.3578631915152073e-02 1.4703603982925415e+00 1.3580000000000000e+03 1.9481912231445312e+02
9.9998056888580322e-01 -2.8352229855954647e-03 -5.5395476520061493e-03 9.1741734743118286e-01 9.9989855289459229e-01 1.4146924950182438e-02 1.6403715126216412e-03 8.9637488126754761e-01 3.1700000000000000e+03 8.2697158813476562e+01
9.9999898672103882e-01 5.6734320423856843e-06 -1.3758298009634018e-03 9.1155081987380981e-01 9.9992215633392334e-01 1.2479192577302456e-02 -1.1986831668764353e-04 8.9964014291763306e-01 3.3230000000000000e+03 9.3239242553710938e+01
9.9999225139617920e-01 5.8409833582118154e-04 -3.8946873974055052e-03 9.1277003288269043e-01 9.9993342161178589e-01 1.1206772178411484e-02 -2.7463133446872234e-03 9.0244823694229126e-01 2.1170000000000000e+03 1.1260746002197266e+02
-2.6156532112509012e-03 6.7745214700698853e-01 -7.3556226491928101e-01 1.3603794574737549e+00 4.0959366597235203e-03 -1.0822555981576443e-02 -9.9993300437927246e-01 1.3114850521087646e+00 4.8550000000000000e+03 1.7654768371582031e+02
9.9999022483825684e-01 -4.2694676667451859e-03 1.1600576108321548e-03 9.0301036834716797e-01 9.9994540214538574e-01 1.0345920920372009e-02 1.4367147814482450e-03 8.9565819501876831e-01 2.7910000000000000e+03 1.0434387969970703e+02
3.3586132340133190e-03 2.4379853904247284e-01 -9.6982014179229736e-01 1.0310232639312744e+00 1.4766501262784004e-03 -4.7892940044403076e-01 -8.7785220146179199e-01 1.0452442169189453e+00 9.1060000000000000e+03 1.3767155456542969e+02
-2.7769342996180058e-03 3.8343271613121033e-01 -9.2356461286544800e-01 1.3147592544555664e+00 -3.4848740324378014e-04 -3.1622007489204407e-01 -9.4868582487106323e-01 1.3063341379165649e+00 1.2403000000000000e+04 1.5876113891601562e+02
-6.6576809622347355e-03 5.2575391530990601e-01 -8.5061067342758179e-01 1.5369825363159180e+00 -1.0880061425268650e-02 -1.8859675526618958e-01 -9.8199433088302612e-01 1.4966791868209839e+00 6.9570000000000000e+03 1.7287249755859375e+02
6.9103650748729706e-03 5.5902934074401855e-01 -8.2911902666091919e-01 1.5330195426940918e+00 6.1061546206474304e-02 -1.4257916808128357e-01 -9.8789805173873901e-01 1.4217046499252319e+00 2.8760000000000000e+03 1.5976861572265625e+02
6.9103650748729706e-03 5.5902934074401855e-01 -8.2911902666091919e-01 1.5330195426940918e+00 -3.7705851718783379e-03 -1.3070911169052124e-01 -9.9141359329223633e-01 1.4901741743087769e+00 3.7600000000000000e+03 1.7913920593261719e+02
1.9501574337482452e-02 -1.3486403226852417e-01 -9.9067229032516479e-01 1.3684709072113037e+00 -2.7288592536933720e-04 -7.9299253225326538e-01 -6.0923135280609131e-01 1.3500673770904541e+00 2.9940000000000000e+03 1.9324382019042969e+02
5.6659714318811893e-03 3.4243002533912659e-01 -9.3952625989913940e-01 1.9776668548583984e+00 -2.2454878315329552e-02 -3.5125467181205750e-01 -9.3601059913635254e-01 1.9621148109436035e+00 6.2670000000000000e+03 1.8236090087890625e+02
-5.1922253333032131e-03 1.2112729251384735e-01 -9.9262350797653198e-01 2.2958908081054688e+00 -3.5324454307556152e-02 -5.7054841518402100e-01 -8.2050395011901855e-01 2.3270685672760010e+00 3.8860000000000000e+03 1.9727200317382812e+02
9.9989545345306396e-01 9.7666066139936447e-03 -1.0656343773007393e-02 9.3281167745590210e-01 9.9970531463623047e-01 2.4272302165627480e-02 2.9273238033056259e-04 9.0521836280822754e-01 1.2540000000000000e+03 5.2172248840332031e+01
-1.5982711687684059e-02 2.1457193791866302e-01 -9.7657746076583862e-01 2.6731660366058350e+00 -4.1156370192766190e-02 -4.7128462791442871e-01 -8.8102048635482788e-01 2.6698887348175049e+00 3.1990000000000000e+03 1.9434854125976562e+02
9.9983221292495728e-01 3.5121524706482887e-03 -1.7978541553020477e-02 9.4580054283142090e-01 9.9979192018508911e-01 1.4750201255083084e-02 -1.4085909351706505e-02 9.2506349086761475e-01 1.7430000000000000e+03 8.5169548034667969e+01
-7.9880012199282646e-03 9.5073866844177246e-01 -3.0989053845405579e-01 7.0942819118499756e-01 1.3782650930806994e-03 5.2411210536956787e-01 -8.5164809226989746e-01 8.9802879095077515e-01 5.0640000000000000e+03 1.0852468872070312e+02
-4.8620379529893398e-03 7.7608180046081543e-01 -6.3061350584030151e-01 8.3606553077697754e-01 5.5550684919580817e-04 1.1744625121355057e-01 -9.9307900667190552e-01 8.2305896282196045e-01 3.8130000000000000e+03 1.8667794799804688e+02
-4.8620379529893398e-03 7.7608180046081543e-01 -6.3061350584030151e-01 8.3606553077697754e-01 -6.2979206442832947e-02 1.3862691819667816e-01 -9.8834007978439331e-01 8.3572721481323242e-01 1.1180000000000000e+03 1.8667794799804688e+02
-4.8620379529893398e-03 7.7608180046081543e-01 -6.3061350584030151e-01 8.3606553077697754e-01 9.4358036294579506e-03 4.5931741595268250e-02 -9.9889999628067017e-01 8.4350091218948364e-01 3.8130000000000000e+03 1.8667794799804688e+02
-2.2611508611589670e-03 7.7724790573120117e-01 -6.2919038534164429e-01 7.4891012907028198e-01 1.1799460649490356e-01 1.4385022222995758e-01 -9.8253971338272095e-01 7.1494728326797485e-01 2.6660000000000000e+03 1.9103788757324219e+02
9.9997973442077637e-01 5.7439394295215607e-03 -2.7633085846900940e-03 9.1237008571624756e-01 9.9987876415252686e-01 1.5488737262785435e-02 1.5873112715780735e-03 8.8939839601516724e-01 1.9890000000000000e+03 7.0136802673339844e+01
-9.9927186965942383e-01 -3.4727770835161209e-02 1.5806516632437706e-02 1.4976030588150024e+00 -9.9818176031112671e-01 -5.9074234217405319e-02 1.1979496106505394e-02 1.5164067745208740e+00 1.2930000000000000e+03 2.2639126586914062e+02
9.9997520446777344e-01 2.4211576674133539e-03 -6.6139828413724899e-03 9.2185294628143311e-01 9.9958467483520508e-01 2.8535125777125359e-02 -4.0329573675990105e-03 9.0837621688842773e-01 1.3550000000000000e+03 7.6085777282714844e+01
