-5.8886531740427017e-02 9.5065468549728394e-01 -3.0461105704307556e-01 2.0010752677917480e+00 -3.8908295333385468e-02 3.7668290734291077e-01 -9.2552477121353149e-01 2.0287110805511475e+00 2.5360000000000000e+03 1.3972538757324219e+02
9.9986135959625244e-01 1.0137180797755718e-03 1.6617294400930405e-02 9.0506345033645630e-01 9.9998337030410767e-01 1.3701730640605092e-03 -5.5974111892282963e-03 9.4187170267105103e-01 2.7680000000000000e+03 8.0576591491699219e+01
9.9987882375717163e-01 -6.1512598767876625e-03 1.4298433437943459e-02 9.0518438816070557e-01 9.9997991323471069e-01 -1.2696046615019441e-03 -6.2097199261188507e-03 9.4457668066024780e-01 3.1740000000000000e+03 8.7736923217773438e+01
-7.0038005709648132e-02 9.6151942014694214e-01 -2.6565960049629211e-01 2.2448389530181885e+00 -4.7890577465295792e-02 3.6911189556121826e-01 -9.2815017700195312e-01 2.1966333389282227e+00 1.5090000000000000e+03 1.2482372283935547e+02
-7.0038005709648132e-02 9.6151942014694214e-01 -2.6565960049629211e-01 2.2448389530181885e+00 -4.3517362326383591e-02 4.0602856874465942e-01 -9.1282361745834351e-01 2.2655508518218994e+00 1.5090000000000000e+03 1.5617985534667969e+02
9.9993610382080078e-01 -2.9926747083663940e-03 1.0898591019213200e-02 9.0783071517944336e-01 9.9999856948852539e-01 6.5440300386399031e-04 -1.5929352957755327e-03 9.2774581909179688e-01 4.6210000000000000e+03 8.5580406188964844e+01
-9.9981230497360229e-01 -1.8222820013761520e-02 6.5801697783172131e-03 1.5299659967422485e+00 -9.9893003702163696e-01 -4.0071949362754822e-02 2.3085735738277435e-02 1.4509438276290894e+00 1.4850000000000000e+03 2.1326330566406250e+02
9.9989241361618042e-01 -3.1559499911963940e-03 1.4318690635263920e-02 9.0814483165740967e-01 9.9999934434890747e-01 -9.7897672094404697e-04 -4.7266681212931871e-04 9.2680925130844116e-01 3.9750000000000000e+03 9.8909431457519531e+01
-9.9988120794296265e-01 -1.4599376358091831e-02 4.9394355155527592e-03 1.5317369699478149e+00 -9.9890547990798950e-01 -4.3111726641654968e-02 1.8142540007829666e-02 1.4678210020065308e+00 2.0140000000000000e+03 1.9898013305664062e+02
9.9996477365493774e-01 5.4013071348890662e-04 8.3824880421161652e-03 9.0239459276199341e-01 9.9981153011322021e-01 -1.2341628316789865e-03 -1.9376764073967934e-02 9.4341522455215454e-01 1.3640000000000000e+03 9.0665214538574219e+01
9.9965268373489380e-01 -2.5748977437615395e-02 5.6141652166843414e-03 9.0506064891815186e-01 9.9998658895492554e-01 -4.4088191352784634e-03 -2.7099754661321640e-03 9.3071448802947998e-01 1.4350000000000000e+03 8.7108123779296875e+01
9.9967545270919800e-01 -6.5413438715040684e-03 2.4620715528726578e-02 8.6867612600326538e-01 9.9996435642242432e-01 -2.7859325055032969e-03 -7.9718958586454391e-03 9.2813360691070557e-01 2.6860000000000000e+03 8.3955627441406250e+01
9.9996620416641235e-01 -3.6421387922018766e-03 7.3583275079727173e-03 9.1205453872680664e-01 9.9997431039810181e-01 -1.5557145234197378e-03 -6.9876378402113914e-03 9.2667835950851440e-01 3.6460000000000000e+03 1.0146736145019531e+02
-9.9941885471343994e-01 -3.4004814922809601e-02 2.3962226696312428e-03 1.5510008335113525e+00 -9.9894380569458008e-01 -3.8452655076980591e-02 2.5151707231998444e-02 1.4782351255416870e+00 1.4940000000000000e+03 2.0914277648925781e+02
1.3720311224460602e-02 4.9843999743461609e-01 -8.6681562662124634e-01 1.5108327865600586e+00 6.4114755950868130e-03 -1.2933082878589630e-01 -9.9158078432083130e-01 1.4020833969116211e+00 4.3690000000000000e+03 1.3438737487792969e+02
-3.0996005982160568e-02 9.8701035976409912e-01 -1.5763789415359497e-01 1.3814487457275391e+00 6.8094064481556416e-03 5.0762611627578735e-01 -8.6155050992965698e-01 1.5697427988052368e+00 1.0430000000000000e+03 1.5137930297851562e+02
9.9998015165328979e-01 6.2966928817331791e-03 -2.3137325479183346e-04 3.6883240938186646e-01 9.9997985363006592e-01 6.3111735507845879e-03 -6.7845114972442389e-04 3.6604458093643188e-01 1.9160000000000000e+03 1.0424206542968750e+02
-6.2973178923130035e-02 3.5957276821136475e-01 -9.3098962306976318e-01 2.7723443508148193e+00 5.3092334419488907e-03 -3.6722368001937866e-01 -9.3011742830276489e-01 2.6433296203613281e+00 4.2870000000000000e+03 1.8858802795410156e+02
9.9997270107269287e-01 -7.1026254445314407e-03 2.0541308913379908e-03 9.1534435749053955e-01 9.9998033046722412e-01 5.8071799576282501e-03 -2.3787205573171377e-03 9.1613471508026123e-01 2.4380000000000000e+03 1.0118719482421875e+02
9.9986010789871216e-01 -1.0210348293185234e-02 1.3251550495624542e-02 9.0584957599639893e-01 9.9999314546585083e-01 -2.4806731380522251e-03 2.7320724911987782e-03 9.1832208633422852e-01 2.8690000000000000e+03 9.4173233032226562e+01
9.9995201826095581e-01 7.5913141481578350e-03 6.1928941868245602e-03 9.1420090198516846e-01 9.9992871284484863e-01 -2.6489449664950371e-03 -1.1641020886600018e-02 9.2125225067138672e-01 1.0930000000000000e+03 1.1883622741699219e+02
9.9997222423553467e-01 3.1384644098579884e-03 6.7680422216653824e-03 9.1266387701034546e-01 9.9998718500137329e-01 -4.9132243730127811e-03 -1.2554270215332508e-03 9.1243475675582886e-01 2.5130000000000000e+03 9.7309188842773438e+01
9.9997049570083618e-01 2.4092562962323427e-03 -7.2869253344833851e-03 9.1281050443649292e-01 9.9967497587203979e-01 -2.1941939368844032e-02 -1.2981134466826916e-02 9.1743576526641846e-01 2.6080000000000000e+03 1.0416372680664062e+02
-1.8203120678663254e-02 2.8507679700851440e-01 -9.5833182334899902e-01 2.4693772792816162e+00 -6.9784852676093578e-03 -3.6597484350204468e-01 -9.3059861660003662e-01 2.3336622714996338e+00 1.2620000000000000e+03 1.8982487487792969e+02
-1.8262282013893127e-02 3.7797689437866211e-01 -9.2563492059707642e-01 2.4219253063201904e+00 -6.9784852676093578e-03 -3.6597484350204468e-01 -9.3059861660003662e-01 2.3336622714996338e+00 1.2620000000000000e+03 2.0158796691894531e+02
9.9986189603805542e-01 1.6159118385985494e-03 1.6542833298444748e-02 9.0860885381698608e-01 9.9997937679290771e-01 -3.6991117522120476e-03 -5.2413986995816231e-03 9.3473988771438599e-01 2.7610000000000000e+03 1.0330858612060547e+02
9.9998170137405396e-01 -1.6636934597045183e-03 5.8205914683640003e-03 9.2308264970779419e-01 9.9994832277297974e-01 -5.7739098556339741e-03 -8.3585716784000397e-03 9.3637776374816895e-01 1.3090000000000000e+03 1.2480977630615234e+02
9.9972850084304810e-01 5.0585730932652950e-03 2.2743709385395050e-02 8.8248717784881592e-01 9.9992948770523071e-01 -1.1615815572440624e-02 2.4598115123808384e-03 9.0498900413513184e-01 1.1080000000000000e+03 1.1843227386474609e+02
9.9993526935577393e-01 2.2885694634169340e-03 1.1146545410156250e-02 9.0420466661453247e-01 9.9994933605194092e-01 -2.8988155536353588e-03 -9.6444869413971901e-03 9.2155718803405762e-01 3.0670000000000000e+03 9.1598228454589844e+01
-3.3731497824192047e-02 9.3315553665161133e-01 -3.5788694024085999e-01 1.5461794137954712e+00 -7.1701044216752052e-03 3.4819564223289490e-01 -9.3739449977874756e-01 1.4881768226623535e+00 2.5090000000000000e+03 1.7057791137695312e+02
-1.4773852191865444e-02 3.1160652637481689e-01 -9.5009636878967285e-01 1.4000775814056396e+00 4.1252002120018005e-03 -3.3892399072647095e-01 -9.4080471992492676e-01 1.3803212642669678e+00 3.4490000000000000e+03 2.0197187805175781e+02
-2.4719456210732460e-02 7.5364810228347778e-01 -6.5681320428848267e-01 1.2207777500152588e+00 2.0866557955741882e-02 5.8128897100687027e-02 -9.9809092283248901e-01 1.0924667119979858e+00 2.7150000000000000e+03 1.6450091552734375e+02
1.6929859295487404e-02 7.5374054908752441e-01 -6.5695393085479736e-01 1.1418297290802002e+00 2.0866557955741882e-02 5.8128897100687027e-02 -9.9809092283248901e-01 1.0924667119979858e+00 1.1250000000000000e+03 1.6450091552734375e+02
2.2610544692724943e-03 2.3911005258560181e-01 -9.7098982334136963e-01 1.1546592712402344e+00 4.2830433696508408e-02 -4.7264948487281799e-01 -8.8020902872085571e-01 9.5536041259765625e-01 3.0670000000000000e+03 1.5480241394042969e+02
2.2610544692724943e-03 2.3911005258560181e-01 -9.7098982334136963e-01 1.1546592712402344e+00 1.3239591382443905e-02 -4.8653244972229004e-01 -8.7356215715408325e-01 1.2243051528930664e+00 4.4140000000000000e+03 1.9988989257812500e+02
-8.7544068694114685e-02 7.7100008726119995e-01 -6.3078910112380981e-01 2.5154275894165039e+00 -3.1628424767404795e-03 8.2652352750301361e-02 -9.9657338857650757e-01 2.3541932106018066e+00 1.9540000000000000e+03 1.7379829406738281e+02
9.9996858835220337e-01 -5.5548488162457943e-03 5.6654009968042374e-03 9.1081058979034424e-01 9.9939924478530884e-01 -1.1315260082483292e-02 -3.2759752124547958e-02 9.7502839565277100e-01 1.1870000000000000e+03 9.3524650573730469e+01
-9.9031560122966766e-02 7.9244625568389893e-01 -6.0184860229492188e-01 2.8905010223388672e+00 -1.2425076216459274e-02 7.9803749918937683e-02 -9.9673312902450562e-01 2.7569475173950195e+00 1.7840000000000000e+03 1.7528102111816406e+02
9.9995827674865723e-01 -7.4254693463444710e-03 5.3208349272608757e-03 9.1199767589569092e-01 9.9983090162277222e-01 1.3044984079897404e-02 -1.2961175292730331e-02 9.3121951818466187e-01 1.6380000000000000e+03 9.9647132873535156e+01
9.9986374378204346e-01 -2.5271933991461992e-03 1.6309555619955063e-02 8.9415901899337769e-01 9.9992305040359497e-01 -6.0196775011718273e-03 -1.0843960568308830e-02 9.3322402238845825e-01 1.6760000000000000e+03 1.0555728149414062e+02
-8.3833679556846619e-02 4.1781815886497498e-01 -9.0465450286865234e-01 3.3659904003143311e+00 -2.0558860152959824e-02 -2.8322005271911621e-01 -9.5883458852767944e-01 3.1714062690734863e+00 2.3050000000000000e+03 1.9505987548828125e+02
9.9993282556533813e-01 -1.2028963537886739e-03 1.1534419842064381e-02 8.9213472604751587e-01 9.9991023540496826e-01 -1.3391969725489616e-02 -2.6475123013369739e-04 9.0944159030914307e-01 2.0880000000000000e+03 1.1326705932617188e+02
-2.8479646425694227e-03 7.0382195711135864e-01 -7.1037071943283081e-01 8.1351840496063232e-01 9.0183038264513016e-03 -1.8876234069466591e-02 -9.9978113174438477e-01 7.9262405633926392e-01 6.5760000000000000e+03 1.6845240783691406e+02
-6.1339661478996277e-03 6.8807709217071533e-01 -7.2561168670654297e-01 1.3371191024780273e+00 8.5752867162227631e-03 -3.5045739263296127e-02 -9.9934887886047363e-01 1.3026437759399414e+00 5.4440000000000000e+03 1.8114933776855469e+02
9.9994039535522461e-01 1.0468206368386745e-02 3.0763987451791763e-03 9.2492145299911499e-01 9.9993258714675903e-01 8.1030428409576416e-03 -8.3188218995928764e-03 9.3157637119293213e-01 2.7410000000000000e+03 9.0166725158691406e+01
9.9995726346969604e-01 9.1108055785298347e-03 1.5840918058529496e-03 9.2058807611465454e-01 9.9993413686752319e-01 7.7770575881004333e-03 -8.4402468055486679e-03 9.2559343576431274e-01 2.8320000000000000e+03 9.1740112304687500e+01
9.9998158216476440e-01 3.7967709358781576e-03 -4.7340001910924911e-03 9.2908704280853271e-01 9.9998182058334351e-01 4.7700414434075356e-03 -3.6888148169964552e-03 9.1689527034759521e-01 2.8380000000000000e+03 8.8406974792480469e+01
9.9998748302459717e-01 3.5037922207266092e-03 3.5865430254489183e-03 9.1874754428863525e-01 9.9994850158691406e-01 7.9861609265208244e-03 -6.2742792069911957e-03 9.1874688863754272e-01 3.0320000000000000e+03 8.8135887145996094e+01
9.9989539384841919e-01 -1.4414905570447445e-02 -1.1567003093659878e-03 9.0933108329772949e-01 9.9978923797607422e-01 -2.0381404086947441e-02 -2.4657722096890211e-03 9.1750991344451904e-01 2.7530000000000000e+03 1.1240464782714844e+02
-9.9981069564819336e-01 -1.5464236028492451e-02 1.1813356541097164e-02 1.5544123649597168e+00 -9.9994236230850220e-01 -5.5746487341821194e-03 9.1778710484504700e-03 1.5268580913543701e+00 1.5120000000000000e+03 2.1307077026367188e+02
9.9985355138778687e-01 -4.2640715837478638e-03 1.6574859619140625e-02 9.0458691120147705e-01 9.9999028444290161e-01 4.1529168374836445e-03 1.5291624004021287e-03 9.2291390895843506e-01 3.5880000000000000e+03 7.8378524780273438e+01
6.8891486153006554e-03 -9.4641791656613350e-03 -9.9993145465850830e-01 1.0173895359039307e+00 1.1734424158930779e-02 -7.0315378904342651e-01 -7.1094101667404175e-01 1.0424774885177612e+00 8.9320000000000000e+03 1.7338322448730469e+02
9.9989998340606689e-01 3.5072080790996552e-03 1.3705232180655003e-02 9.0426671504974365e-01 9.9991530179977417e-01 -5.1496704109013081e-03 -1.1950672604143620e-02 9.2461031675338745e-01 2.2750000000000000e+03 1.0019204711914062e+02
9.9986314773559570e-01 7.7342693693935871e-03 1.4622786082327366e-02 9.0194904804229736e-01 9.9992287158966064e-01 -2.1861973218619823e-03 -1.2223836034536362e-02 9.2468595504760742e-01 2.2560000000000000e+03 9.9912261962890625e+01
9.9999916553497314e-01 6.2927772523835301e-04 1.0603389237076044e-03 9.1999006271362305e-01 9.9982130527496338e-01 -9.6322866156697273e-03 -1.6269315034151077e-02 9.3125635385513306e-01 1.4730000000000000e+03 1.1505770874023438e+02
9.9969923496246338e-01 -1.3519817963242531e-02 2.0459460094571114e-02 8.8481074571609497e-01 9.9999397993087769e-01 1.9421428442001343e-03 2.8611109592020512e-03 9.1256505250930786e-01 1.2240000000000000e+03 7.3344413757324219e+01
9.9990117549896240e-01 -3.0018626712262630e-03 1.3734446838498116e-02 8.8879877328872681e-01 9.9997240304946899e-01 5.5889447685331106e-04 -7.4136201292276382e-03 9.2037749290466309e-01 3.6030000000000000e+03 8.1632034301757812e+01
9.9996227025985718e-01 -2.1881542634218931e-03 8.4073664620518684e-03 9.1286414861679077e-01 9.9999654293060303e-01 1.1404186952859163e-03 2.3650729563087225e-03 9.0499120950698853e-01 2.7930000000000000e+03 1.0357715606689453e+02
-9.9971580505371094e-01 -2.3320987820625305e-02 -4.9609672278165817e-03 1.2329835891723633e+00 -9.9835383892059326e-01 -1.0410978458821774e-02 -5.6401886045932770e-02 1.3665409088134766e+00 1.0020000000000000e+03 2.3071755981445312e+02
9.9991810321807861e-01 -3.5451767034828663e-03 1.2292626313865185e-02 9.0309000015258789e-01 9.9995517730712891e-01 9.4111142680048943e-03 1.0362577158957720e-03 9.0559923648834229e-01 1.6290000000000000e+03 8.7043136596679688e+01
-9.9987125396728516e-01 -1.5054042451083660e-02 -5.5605620145797729e-03 1.5668458938598633e+00 -9.9850398302078247e-01 -4.2852122336626053e-02 -3.3963695168495178e-02 1.6667793989181519e+00 1.3510000000000000e+03 2.0260383605957031e+02
9.9994415044784546e-01 -3.0926335602998734e-03 1.0105939581990242e-02 9.0400832891464233e-01 9.9994546175003052e-01 3.6907964386045933e-03 -9.7742052748799324e-03 9.2116558551788330e-01 3.4770000000000000e+03 8.4245536804199219e+01
-9.9991166591644287e-01 -1.3236850500106812e-02 -1.2107598595321178e-03 1.5622801780700684e+00 -9.9953997135162354e-01 -2.3747596889734268e-02 1.8864057958126068e-02 1.5060719251632690e+00 1.8350000000000000e+03 1.9848568725585938e+02
9.9993461370468140e-01 -5.6980308145284653e-03 9.9154533818364143e-03 9.0459924936294556e-01 9.9997788667678833e-01 9.9481258075684309e-04 -6.5796938724815845e-03 9.1915953159332275e-01 4.3520000000000000e+03 8.4639503479003906e+01
-9.9982070922851562e-01 -1.8147444352507591e-02 5.3851478733122349e-03 1.5389347076416016e+00 -9.9960434436798096e-01 -2.7894418686628342e-02 3.6177297588437796e-03 1.5664820671081543e+00 2.2950000000000000e+03 1.9757727050781250e+02
9.9994307756423950e-01 -2.7892629150301218e-03 1.0292557068169117e-02 9.0320187807083130e-01 9.9997401237487793e-01 -1.4560318086296320e-03 -7.0611895062029362e-03 9.1937208175659180e-01 3.6190000000000000e+03 9.5792762756347656e+01
-9.9971610307693481e-01 -2.3056613281369209e-02 -5.9977103956043720e-03 1.5852243900299072e+00 -9.9922871589660645e-01 -3.8126461207866669e-02 9.4059528782963753e-03 1.5484553575515747e+00 2.2800000000000000e+03 1.9440921020507812e+02
9.9996209144592285e-01 1.4690599637106061e-03 8.5831917822360992e-03 9.0272581577301025e-01 9.9990683794021606e-01 3.3265242818742990e-03 -1.3243954628705978e-02 9.2138189077377319e-01 4.3820000000000000e+03 8.6479354858398438e+01
-9.9942570924758911e-01 -3.3885374665260315e-02 -1.8281125812791288e-04 1.5705837011337280e+00 -9.9884861707687378e-01 -4.2958300560712814e-02 2.1353390067815781e-02 1.5292915105819702e+00 1.8640000000000000e+03 2.0097157287597656e+02
9.9992537498474121e-01 -2.0911991596221924e-03 1.2034333311021328e-02 9.0271985530853271e-01 9.9998021125793457e-01 4.3636909686028957e-03 -4.5329681597650051e-03 9.1538113355636597e-01 5.1220000000000000e+03 8.7225692749023438e+01
-9.9957662820816040e-01 -2.9010247439146042e-02 -2.2369998041540384e-03 1.5649176836013794e+00 -9.9941915273666382e-01 -3.2704886049032211e-02 9.5830773934721947e-03 1.5448172092437744e+00 2.3130000000000000e+03 1.9312515258789062e+02
9.9993520975112915e-01 -2.5802478194236755e-03 1.1089652776718140e-02 8.9680087566375732e-01 9.9992740154266357e-01 3.6649799440056086e-03 -1.1476478539407253e-02 9.2123514413833618e-01 5.4400000000000000e+03 8.6254966735839844e+01
-9.9962854385375977e-01 -2.7049133554100990e-02 -3.3126780763268471e-03 1.5834765434265137e+00 -9.9913060665130615e-01 -3.3289242535829544e-02 2.5094330310821533e-02 1.5037519931793213e+00 1.5110000000000000e+03 1.9532595825195312e+02
9.9996274709701538e-01 9.0540776727721095e-04 8.5858488455414772e-03 9.0177327394485474e-01 9.9992972612380981e-01 4.8746224492788315e-03 -1.0807146318256855e-02 9.1926401853561401e-01 5.0000000000000000e+03 8.9287597656250000e+01
-9.9947655200958252e-01 -3.1982958316802979e-02 -4.8704911023378372e-03 1.5915462970733643e+00 -9.9880093336105347e-01 -4.2861796915531158e-02 2.3650275543332100e-02 1.5219624042510986e+00 1.2630000000000000e+03 1.9623989868164062e+02
9.9992609024047852e-01 -5.5780257098376751e-03 1.0807836428284645e-02 9.0411978960037231e-01 9.9999523162841797e-01 -1.1670648818835616e-03 -2.8687193989753723e-03 9.1517871618270874e-01 3.9250000000000000e+03 9.9561531066894531e+01
-9.9980074167251587e-01 -1.8404990434646606e-02 -7.7294064685702324e-03 1.6011805534362793e+00 -9.9893140792846680e-01 -4.5125525444746017e-02 9.9842827767133713e-03 1.5558233261108398e+00 1.6890000000000000e+03 2.0559799194335938e+02
9.9993556737899780e-01 -5.2206953987479210e-03 1.0078771039843559e-02 8.9791762828826904e-01 9.9999123811721802e-01 -1.9087670370936394e-03 -3.7334735970944166e-03 9.1265773773193359e-01 5.1100000000000000e+03 8.8378471374511719e+01
-9.9961322546005249e-01 -2.5298140943050385e-02 -1.1550268158316612e-02 1.6129146814346313e+00 -9.9950349330902100e-01 -3.1063295900821686e-02 5.2725705318152905e-03 1.5660784244537354e+00 2.2580000000000000e+03 1.8981117248535156e+02
9.9994671344757080e-01 -6.4120127353817225e-04 1.0301665402948856e-02 8.9895737171173096e-01 9.9997973442077637e-01 -4.9663577228784561e-03 -3.9854515343904495e-03 9.0967351198196411e-01 2.8940000000000000e+03 1.1408673095703125e+02
-9.9947249889373779e-01 -3.0928503721952438e-02 -9.9063916131854057e-03 1.6037060022354126e+00 -9.9829584360122681e-01 -5.4945055395364761e-02 1.9658301025629044e-02 1.5324496030807495e+00 1.4740000000000000e+03 2.0465196228027344e+02
9.9996507167816162e-01 1.9606476416811347e-04 8.3531662821769714e-03 9.0114480257034302e-01 9.9987810850143433e-01 1.5255081467330456e-02 -3.3242569770663977e-03 9.0656149387359619e-01 1.6140000000000000e+03 8.8950942993164062e+01
9.9988973140716553e-01 8.3019677549600601e-03 1.2316682375967503e-02 9.0148270130157471e-01 9.9971359968185425e-01 2.3814933374524117e-02 2.3896771017462015e-03 9.0785217285156250e-01 1.3560000000000000e+03 9.4917366027832031e+01
9.9992078542709351e-01 -2.9505125712603331e-04 1.2580961920320988e-02 9.0883660316467285e-01 9.9993264675140381e-01 -2.8304746956564486e-04 -1.1603095568716526e-02 9.3364745378494263e-01 3.1600000000000000e+03 8.3744445800781250e+01
9.0607861056923866e-03 -7.7267445623874664e-02 -9.9696922302246094e-01 1.1363027095794678e+00 1.1694024316966534e-02 -7.5219470262527466e-01 -6.5883708000183105e-01 1.1644449234008789e+00 6.7870000000000000e+03 1.8450346374511719e+02
9.9993681907653809e-01 -9.0695777907967567e-03 6.6457353532314301e-03 9.1492027044296265e-01 9.9991989135742188e-01 -1.2177133932709694e-02 -3.4511778503656387e-03 9.3103969097137451e-01 1.9600000000000000e+03 9.4505615234375000e+01
9.9978482723236084e-01 1.5746741555631161e-03 2.0679138600826263e-02 8.9835292100906372e-01 9.9990308284759521e-01 1.2949158437550068e-02 -5.1197842694818974e-03 9.1565239429473877e-01 3.3070000000000000e+03 1.0182401275634766e+02
-1.2774838134646416e-02 3.8623053580522537e-02 -9.9917215108871460e-01 1.9515455961227417e+00 1.0500775650143623e-02 -5.9305095672607422e-01 -8.0509644746780396e-01 1.9792006015777588e+00 2.8970000000000000e+03 1.8591094970703125e+02
9.9993687868118286e-01 3.0889313202351332e-03 1.0794893838465214e-02 8.9967733621597290e-01 9.9986946582794189e-01 1.7129644984379411e-03 -1.6062449663877487e-02 9.4112944602966309e-01 2.7120000000000000e+03 8.9610618591308594e+01
9.9955224990844727e-01 -2.6185684837400913e-03 2.9805500060319901e-02 8.7075656652450562e-01 9.9993556737899780e-01 -5.4383836686611176e-03 9.9636930972337723e-03 9.0675806999206543e-01 1.4410000000000000e+03 1.1308188629150391e+02
-2.3436866700649261e-02 5.1436424255371094e-01 -8.5725158452987671e-01 1.3735606670379639e+00 -6.2967091798782349e-03 -2.1715074777603149e-01 -9.7611778974533081e-01 1.3241828680038452e+00 2.8890000000000000e+03 1.5048310852050781e+02
4.5327706175157800e-05 9.7534544765949249e-03 -9.9995243549346924e-01 1.3155522346496582e+00 6.9493241608142853e-03 -6.7765361070632935e-01 -7.3534834384918213e-01 1.3294179439544678e+00 2.2190000000000000e+03 2.1534249877929688e+02
9.9989432096481323e-01 -6.7387437447905540e-03 1.2879638932645321e-02 9.0461075305938721e-01 9.9989169836044312e-01 1.1957859620451927e-02 8.5791246965527534e-03 9.1297471523284912e-01 2.2460000000000000e+03 6.9160408020019531e+01
-9.9981832504272461e-01 -1.6928974539041519e-02 -8.7595572695136070e-03 1.6418354511260986e+00 -9.9971568584442139e-01 -2.2568287327885628e-02 -7.6975380070507526e-03 1.4572635889053345e+00 1.2440000000000000e+03 1.7720664978027344e+02
9.9994343519210815e-01 -2.1613424178212881e-03 1.0424587875604630e-02 9.0345031023025513e-01 9.9997210502624512e-01 7.4611851014196873e-03 -2.2990818251855671e-04 9.0748637914657593e-01 1.4760000000000000e+03 1.0675202941894531e+02
-3.6203254014253616e-02 9.9929803609848022e-01 9.6329776570200920e-03 1.0234217643737793e+00 -5.2214572206139565e-03 6.8276923894882202e-01 -7.3061543703079224e-01 9.7476971149444580e-01 1.4100000000000000e+03 1.2819929504394531e+02
-2.6108054444193840e-02 9.9958401918411255e-01 1.2251371517777443e-02 9.7456336021423340e-01 -7.2781215421855450e-03 6.8347966670989990e-01 -7.2993320226669312e-01 9.4405674934387207e-01 1.6310000000000000e+03 1.3377497863769531e+02
-2.8059966862201691e-02 9.9948126077651978e-01 1.5804594382643700e-02 9.8420506715774536e-01 -2.1320236555766314e-04 6.8324369192123413e-01 -7.3019039630889893e-01 9.3622356653213501e-01 1.0320000000000000e+03 1.4688629150390625e+02
9.9982690811157227e-01 -9.9838227033615112e-03 1.5697233378887177e-02 9.0895247459411621e-01 9.9989169836044312e-01 9.1589102521538734e-03 1.1521976441144943e-02 9.0876704454421997e-01 2.9150000000000000e+03 8.3127433776855469e+01
-1.8951740115880966e-02 9.9971944093704224e-01 1.4208984561264515e-02 9.8453414440155029e-01 5.9305685572326183e-03 6.9878333806991577e-01 -7.1530878543853760e-01 9.0232348442077637e-01 1.3760000000000000e+03 1.7839660644531250e+02
-9.9976170063018799e-01 -2.1360406652092934e-02 4.5115551911294460e-03 1.5880054235458374e+00 -9.9985057115554810e-01 -1.4107266440987587e-02 -9.9906129762530327e-03 1.4354512691497803e+00 1.3490000000000000e+03 1.8670422363281250e+02
9.9986386299133301e-01 -4.0137367323040962e-03 1.6003618016839027e-02 8.9836657047271729e-01 9.9985891580581665e-01 1.6280451789498329e-02 4.1325762867927551e-03 8.9495807886123657e-01 1.4750000000000000e+03 1.0837694549560547e+02
-2.3668078705668449e-02 9.9943119287490845e-01 2.4021143093705177e-02 9.4087696075439453e-01 -1.1574479285627604e-03 6.8553769588470459e-01 -7.2803622484207153e-01 9.0763568878173828e-01 1.9550000000000000e+03 1.2121432495117188e+02
-1.6236498951911926e-02 9.7317165136337280e-01 -2.2950683534145355e-01 8.8948643207550049e-01 -1.8746994901448488e-03 4.8967680335044861e-01 -8.7190198898315430e-01 8.4452438354492188e-01 4.6080000000000000e+03 1.3323962402343750e+02
-7.4088932015001774e-03 9.2497485876083374e-01 -3.7995588779449463e-01 1.0354655981063843e+00 3.2143110875040293e-03 3.5336619615554810e-01 -9.3547952175140381e-01 9.8230814933776855e-01 7.7280000000000000e+03 1.5219786071777344e+02
-3.6671406123787165e-03 8.2182061672210693e-01 -5.6973445415496826e-01 1.3373793363571167e+00 9.0071177110075951e-03 2.0286890864372253e-01 -9.7916454076766968e-01 1.3412232398986816e+00 1.0400000000000000e+04 1.5054116821289062e+02
-8.5709737613797188e-03 8.2594501972198486e-01 -5.6368553638458252e-01 1.7520345449447632e+00 1.3777772895991802e-02 1.0441974550485611e-01 -9.9443781375885010e-01 1.6817548274993896e+00 6.4170000000000000e+03 1.4242964172363281e+02
-8.5709737613797188e-03 8.2594501972198486e-01 -5.6368553638458252e-01 1.7520345449447632e+00 1.5238534659147263e-02 1.6637307405471802e-01 -9.8594510555267334e-01 1.7498091459274292e+00 4.4670000000000000e+03 1.8222140502929688e+02
9.9989342689514160e-01 -6.2254806980490685e-03 1.3206154108047485e-02 9.0331411361694336e-01 9.9993240833282471e-01 -1.0965307010337710e-03 -1.1578449979424477e-02 9.3784427642822266e-01 1.8530000000000000e+03 8.8762718200683594e+01
-1.8699251115322113e-02 8.2495027780532837e-01 -5.6489592790603638e-01 2.1079132556915283e+00 1.2287858873605728e-02 8.2663573324680328e-02 -9.9650174379348755e-01 2.0954308509826660e+00 4.3520000000000000e+03 1.6558142089843750e+02
9.9993753433227539e-01 -3.4115952439606190e-03 1.0646974667906761e-02 8.9975345134735107e-01 9.9998825788497925e-01 6.9809210253879428e-04 -4.7982642427086830e-03 9.1517186164855957e-01 3.2900000000000000e+03 8.8231887817382812e+01
-2.9482122510671616e-02 7.4884301424026489e-01 -6.6209131479263306e-01 2.5344228744506836e+00 2.1737189963459969e-02 1.9928922876715660e-02 -9.9956506490707397e-01 2.4539434909820557e+00 4.1810000000000000e+03 1.7545223999023438e+02
2.0282214973121881e-04 7.9503393173217773e-01 -6.0656487941741943e-01 2.4596500396728516e+00 2.1737189963459969e-02 1.9928922876715660e-02 -9.9956506490707397e-01 2.4539434909820557e+00 1.5560000000000000e+03 1.7545223999023438e+02
9.9996066093444824e-01 -3.8178989198058844e-03 8.0080265179276466e-03 9.0590816736221313e-01 9.9998706579208374e-01 3.0830989999230951e-05 -5.0844117067754269e-03 9.1781622171401978e-01 4.1100000000000000e+03 8.6195945739746094e+01
9.9997091293334961e-01 -1.7830125289037824e-03 7.4115423485636711e-03 9.0886175632476807e-01 9.9997812509536743e-01 3.6491400096565485e-03 -5.5228695273399353e-03 9.1417330503463745e-01 4.7900000000000000e+03 8.5873428344726562e+01
9.9993765354156494e-01 -3.1980280764400959e-03 1.0709602385759354e-02 9.0250343084335327e-01 9.9999940395355225e-01 1.1301180347800255e-04 -1.0653135832399130e-03 9.0885174274444580e-01 4.6200000000000000e+03 8.6338058471679688e+01
-9.9987506866455078e-01 -1.0697803460061550e-02 -1.1634850874543190e-02 1.6044158935546875e+00 -9.9944627285003662e-01 -2.9082432389259338e-02 -1.6169806942343712e-02 1.5955779552459717e+00 1.5480000000000000e+03 1.9481912231445312e+02
9.9996280670166016e-01 -3.3502595033496618e-03 7.9522803425788879e-03 9.0284514427185059e-01 9.9998056888580322e-01 -2.8352229855954647e-03 -5.5395476520061493e-03 9.1741734743118286e-01 3.1700000000000000e+03 8.6305549621582031e+01
-9.9972838163375854e-01 -7.2124819271266460e-03 -2.2160911932587624e-02 1.6465539932250977e+00 -9.9949389696121216e-01 -3.0624644830822945e-02 8.6100948974490166e-03 1.5292731523513794e+00 1.9930000000000000e+03 1.9864154052734375e+02
9.9995481967926025e-01 -2.9843258671462536e-03 9.0189110487699509e-03 9.0674829483032227e-01 9.9999898672103882e-01 5.6734320423856843e-06 -1.3758298009634018e-03 9.1155081987380981e-01 4.5610000000000000e+03 8.6060775756835938e+01
-9.9986308813095093e-01 -1.4545018784701824e-02 -7.8907199203968048e-03 1.5831706523895264e+00 -9.9907618761062622e-01 -4.1632644832134247e-02 1.0656571947038174e-02 1.5229663848876953e+00 1.8260000000000000e+03 1.9598849487304688e+02
9.9993151426315308e-01 -2.9747048392891884e-03 1.1318753473460674e-02 9.0121698379516602e-01 9.9999225139617920e-01 5.8409833582118154e-04 -3.8946873974055052e-03 9.1277003288269043e-01 5.1540000000000000e+03 8.6516883850097656e+01
-9.9979686737060547e-01 -2.0095340907573700e-02 1.5778437955304980e-03 1.5542352199554443e+00 -9.9940747022628784e-01 -3.3534023910760880e-02 7.7531118877232075e-03 1.5429294109344482e+00 2.2600000000000000e+03 1.9656150817871094e+02
9.9990421533584595e-01 -4.3049678206443787e-03 1.3153893873095512e-02 9.0067303180694580e-01 9.9999982118606567e-01 -5.7060777908191085e-04 1.0695306264096871e-04 9.1061490774154663e-01 4.7710000000000000e+03 9.0254035949707031e+01
-9.9989640712738037e-01 -1.3896167278289795e-02 -3.7307192105799913e-03 1.5724171400070190e+00 -9.9914062023162842e-01 -3.9903167635202408e-02 1.1218449100852013e-02 1.5191153287887573e+00 2.1420000000000000e+03 1.9638609313964844e+02
9.9991786479949951e-01 -2.6529622264206409e-03 1.2541858479380608e-02 8.9794695377349854e-01 9.9997395277023315e-01 -7.1831876412034035e-03 -7.0954492548480630e-04 9.1068750619888306e-01 2.2920000000000000e+03 1.1719066619873047e+02
-9.9984157085418701e-01 -1.7506416887044907e-02 -3.2165201846510172e-03 1.5758715867996216e+00 -9.9869471788406372e-01 -4.7384910285472870e-02 1.9065363332629204e-02 1.5073294639587402e+00 1.0630000000000000e+03 1.9677798461914062e+02
1.9390024244785309e-03 8.2195490598678589e-01 -5.6954920291900635e-01 1.4271827936172485e+00 1.2437668628990650e-02 1.2631192803382874e-01 -9.9191260337829590e-01 1.3290399312973022e+00 6.1220000000000000e+03 1.3140653991699219e+02
9.9976515769958496e-01 -1.6649353783577681e-03 2.1606814116239548e-02 8.7654405832290649e-01 9.9999022483825684e-01 -4.2694676667451859e-03 1.1600576108321548e-03 9.0301036834716797e-01 2.3330000000000000e+03 1.0434387969970703e+02
9.9989485740661621e-01 2.0895502530038357e-03 1.4349585399031639e-02 8.9937478303909302e-01 9.9999773502349854e-01 -1.1262679472565651e-03 -1.8055066466331482e-03 9.1047835350036621e-01 2.3200000000000000e+03 8.3301338195800781e+01
9.9976700544357300e-01 2.2438624873757362e-03 2.1471180021762848e-02 8.8603162765502930e-01 9.9999427795410156e-01 -3.0504409223794937e-03 -1.4558410039171576e-03 9.2786890268325806e-01 2.2330000000000000e+03 9.8230628967285156e+01
2.5546217337250710e-02 7.0976155996322632e-01 -7.0397859811782837e-01 3.1462011337280273e+00 2.6183960959315300e-02 -4.2025871574878693e-02 -9.9877333641052246e-01 3.1116261482238770e+00 1.1950000000000000e+03 1.7296398925781250e+02
9.9952483177185059e-01 6.9840094074606895e-03 3.0023802071809769e-02 8.5823315382003784e-01 9.9985837936401367e-01 -1.6735009849071503e-02 1.7856938065961003e-03 9.1629540920257568e-01 1.4290000000000000e+03 1.2510916900634766e+02
9.9996894598007202e-01 9.9453411530703306e-04 7.8244078904390335e-03 8.9675796031951904e-01 9.9989050626754761e-01 -1.3604451902210712e-02 -5.8320020325481892e-03 9.1706985235214233e-01 1.8950000000000000e+03 1.1107440948486328e+02
-1.4237736351788044e-02 5.7500475645065308e-01 -8.1802612543106079e-01 1.4268498420715332e+00 1.9501574337482452e-02 -1.3486403226852417e-01 -9.9067229032516479e-01 1.3684709072113037e+00 2.9340000000000000e+03 1.7925630187988281e+02
1.2020661495625973e-02 -9.1234572231769562e-02 -9.9575686454772949e-01 1.4496240615844727e+00 2.0394109189510345e-02 -7.6097840070724487e-01 -6.4845651388168335e-01 1.4492837190628052e+00 2.0310000000000000e+03 2.1978532409667969e+02
9.9997538328170776e-01 -4.3859016150236130e-03 5.4799290373921394e-03 9.0335130691528320e-01 9.9989545345306396e-01 9.7666066139936447e-03 -1.0656343773007393e-02 9.3281167745590210e-01 1.2540000000000000e+03 8.9574012756347656e+01
9.9990975856781006e-01 -5.3102066740393639e-03 1.2341693043708801e-02 8.9386481046676636e-01 9.9983221292495728e-01 3.5121524706482887e-03 -1.7978541553020477e-02 9.4580054283142090e-01 1.9110000000000000e+03 8.7530853271484375e+01
-4.6788044273853302e-02 4.5779973268508911e-01 -8.8782328367233276e-01 3.2137649059295654e+00 -1.5116390772163868e-02 -2.6283228397369385e-01 -9.6472311019897461e-01 3.0611741542816162e+00 3.0470000000000000e+03 1.9167903137207031e+02
9.9991476535797119e-01 -2.2148655261844397e-03 1.2860768474638462e-02 8.9012831449508667e-01 9.9992400407791138e-01 -6.8828668445348740e-03 -1.0229822248220444e-02 9.3072658777236938e-01 1.9590000000000000e+03 1.0073761749267578e+02
9.9841576814651489e-01 -4.4409777037799358e-03 5.6092511862516403e-02 8.2551664113998413e-01 9.9996161460876465e-01 6.6313571296632290e-03 5.7309195399284363e-03 9.0767294168472290e-01 1.4360000000000000e+03 8.2887184143066406e+01
9.9979376792907715e-01 -4.3562250211834908e-03 1.9834946841001511e-02 8.8943630456924438e-01 9.9979048967361450e-01 2.0124984905123711e-02 -3.7396042607724667e-03 9.0769129991531372e-01 1.1850000000000000e+03 1.1451055145263672e+02
9.9987292289733887e-01 -4.2315903119742870e-03 1.5369843691587448e-02 8.8705110549926758e-01 9.9993693828582764e-01 5.1158382557332516e-03 -1.0000617243349552e-02 9.2221868038177490e-01 1.5450000000000000e+03 1.1324919128417969e+02
9.9993646144866943e-01 1.1120858835056424e-03 1.1213158257305622e-02 9.0214020013809204e-01 9.9999052286148071e-01 1.5094194095581770e-03 -4.0832241065800190e-03 9.1211044788360596e-01 2.6180000000000000e+03 1.0784759521484375e+02
-9.9955356121063232e-01 -2.7585165575146675e-02 -1.1476796120405197e-02 1.2527017593383789e+00 -9.9845635890960693e-01 -9.4925366283860058e-05 -5.5540774017572403e-02 1.3609364032745361e+00 1.0510000000000000e+03 2.3254234313964844e+02
-9.9978476762771606e-01 -1.9215516746044159e-02 -7.8281108289957047e-03 1.5748039484024048e+00 -9.9927186965942383e-01 -3.4727770835161209e-02 1.5806516632437706e-02 1.4976030588150024e+00 1.2930000000000000e+03 2.0023071289062500e+02
9.9983882904052734e-01 -3.5528396256268024e-03 1.7595181241631508e-02 8.8743168115615845e-01 9.9997973442077637e-01 5.7439394295215607e-03 -2.7633085846900940e-03 9.1237008571624756e-01 1.9890000000000000e+03 8.6313034057617188e+01
9.9987787008285522e-01 -1.9979886710643768e-03 1.5499098226428032e-02 8.9313638210296631e-01 9.9997520446777344e-01 2.4211576674133539e-03 -6.6139828413724899e-03 9.2185294628143311e-01 3.2060000000000000e+03 8.3714805603027344e+01
-9.9960333108901978e-01 -2.6206232607364655e-02 -1.0315528139472008e-02 1.5834324359893799e+00 -9.9874436855316162e-01 -4.8490460962057114e-02 1.2586821801960468e-02 1.5268507003784180e+00 1.3840000000000000e+03 2.0784176635742188e+02
