9.9935775995254517e-01 7.8915245831012726e-04 -3.5824537277221680e-02 9.0486460924148560e-01 9.9926924705505371e-01 1.6282256692647934e-02 -3.4580573439598083e-02 9.7231394052505493e-01 4.5980000000000000e+03 8.7227012634277344e+01
-9.9951028823852539e-01 -2.5146784260869026e-02 1.8621997907757759e-02 1.4232565164566040e+00 -9.9937719106674194e-01 -1.1321756988763809e-02 -3.3421821892261505e-02 1.6026679277420044e+00 2.0590000000000000e+03 2.0132345581054688e+02
9.9923545122146606e-01 -1.1417788482503965e-04 -3.9097670465707779e-02 9.0785765647888184e-01 9.9917310476303101e-01 1.8164133653044701e-02 -3.6378528922796249e-02 9.7340601682662964e-01 4.1890000000000000e+03 8.5442680358886719e+01
-9.9960225820541382e-01 -2.6347402483224869e-02 1.0056590661406517e-02 1.4698624610900879e+00 -9.9957203865051270e-01 -1.8916871398687363e-02 -2.2313084453344345e-02 1.5651582479476929e+00 2.2700000000000000e+03 1.9624827575683594e+02
9.9947327375411987e-01 -1.6732631484046578e-03 -3.2409057021141052e-02 9.0014708042144775e-01 9.9932026863098145e-01 1.4740043319761753e-02 -3.3792033791542053e-02 9.6715211868286133e-01 4.6640000000000000e+03 8.4459991455078125e+01
-9.9921411275863647e-01 -3.0810249969363213e-02 2.4939559400081635e-02 1.4171743392944336e+00 -9.9902904033660889e-01 -2.4205045774579048e-02 -3.6811348050832748e-02 1.6124020814895630e+00 2.0870000000000000e+03 2.0225442504882812e+02
9.9938601255416870e-01 1.0652181226760149e-03 -3.5020604729652405e-02 8.9995890855789185e-01 9.9894642829895020e-01 2.4174269288778305e-02 -3.9008129388093948e-02 9.8123490810394287e-01 3.2880000000000000e+03 8.4533760070800781e+01
-9.9883514642715454e-01 -3.6251489073038101e-02 3.1845320016145706e-02 1.4008067846298218e+00 -9.9985384941101074e-01 -1.2627522461116314e-02 -1.1526162736117840e-02 1.5399488210678101e+00 1.5600000000000000e+03 2.0378567504882812e+02
9.9946874380111694e-01 -2.6916791684925556e-03 -3.2479576766490936e-02 8.8761645555496216e-01 9.9907672405242920e-01 1.7132721841335297e-02 -3.9398454129695892e-02 9.6335220336914062e-01 2.1670000000000000e+03 1.1703092193603516e+02
9.9960219860076904e-01 5.3316624835133553e-03 -2.7695739641785622e-02 8.8369041681289673e-01 9.9942451715469360e-01 1.1674610897898674e-02 -3.1848452985286713e-02 9.5285224914550781e-01 2.0020000000000000e+03 1.1185264587402344e+02
9.9928128719329834e-01 6.7693423479795456e-03 -3.7296678870916367e-02 8.9538288116455078e-01 9.9927067756652832e-01 1.0443925857543945e-02 -3.6729034036397934e-02 9.5182394981384277e-01 2.1090000000000000e+03 1.0854054260253906e+02
9.9969089031219482e-01 1.2716514058411121e-02 -2.1364539861679077e-02 8.8280934095382690e-01 9.9927830696105957e-01 8.9852102100849152e-03 -3.6909058690071106e-02 9.6758580207824707e-01 2.5400000000000000e+03 7.4538978576660156e+01
9.9954098463058472e-01 -1.3935284689068794e-02 -2.6903819292783737e-02 9.0144598484039307e-01 9.9923270940780640e-01 1.4628387056291103e-02 -3.6331623792648315e-02 9.6529650688171387e-01 1.0160000000000000e+03 1.2358464813232422e+02
9.9964767694473267e-01 -6.0157822445034981e-03 -2.5854712352156639e-02 8.9237463474273682e-01 9.9903774261474609e-01 9.9529474973678589e-03 -4.2714942246675491e-02 9.6223402023315430e-01 3.0520000000000000e+03 8.4615837097167969e+01
-9.9972653388977051e-01 -2.3368282243609428e-02 -8.9157524053007364e-04 1.4210066795349121e+00 -9.9981498718261719e-01 7.1149747818708420e-03 -1.7870787531137466e-02 1.5294008255004883e+00 1.1920000000000000e+03 2.2303103637695312e+02
9.9965000152587891e-01 -3.1066099181771278e-03 -2.6272211223840714e-02 8.8916480541229248e-01 9.9914282560348511e-01 8.2914428785443306e-03 -4.0558516979217529e-02 9.6064436435699463e-01 1.4530000000000000e+03 1.1754920959472656e+02
-4.4782903045415878e-02 -8.2402837276458740e-01 -5.6477588415145874e-01 2.1399922370910645e+00 2.7133682742714882e-02 -1.6170379519462585e-01 -9.8646622896194458e-01 2.1625020503997803e+00 2.7220000000000000e+03 2.0998971557617188e+02
-3.3083262387663126e-03 -1.8285647034645081e-01 -9.8313403129577637e-01 1.9218376874923706e+00 1.5500585548579693e-02 4.7311252355575562e-01 -8.8086557388305664e-01 2.0162734985351562e+00 2.5410000000000000e+03 1.5245730590820312e+02
-4.6663831919431686e-02 -3.6275115609169006e-01 -9.3071699142456055e-01 2.0650277137756348e+00 -5.3803506307303905e-03 3.4820434451103210e-01 -9.3740314245223999e-01 2.0999891757965088e+00 7.5960000000000000e+03 1.7973893737792969e+02
-2.9343828558921814e-02 3.8535613566637039e-02 -9.9882632493972778e-01 2.0103037357330322e+00 -7.0121278986334801e-03 7.1201151609420776e-01 -7.0213288068771362e-01 2.1144132614135742e+00 4.6690000000000000e+03 1.6139674377441406e+02
9.9951499700546265e-01 -2.6884404942393303e-03 -3.1023468822240829e-02 9.0170067548751831e-01 9.9921971559524536e-01 1.2133946642279625e-02 -3.7587489932775497e-02 9.5526945590972900e-01 2.3610000000000000e+03 7.8251586914062500e+01
-1.3531534001231194e-02 4.5574781298637390e-01 -8.9000600576400757e-01 4.2633992433547974e-01 -1.7408702522516251e-02 9.7718739509582520e-01 -2.1166446805000305e-01 4.3240267038345337e-01 6.1210000000000000e+03 1.6482461547851562e+02
9.9971729516983032e-01 -1.3217367231845856e-02 -1.9762381911277771e-02 9.0296971797943115e-01 9.9944883584976196e-01 2.9085422866046429e-03 -3.3067382872104645e-02 9.5734608173370361e-01 1.7080000000000000e+03 1.2233255004882812e+02
-9.9936640262603760e-01 -3.4783203154802322e-02 -7.5378078036010265e-03 1.4814171791076660e+00 -9.9949163198471069e-01 2.4788046721369028e-03 -3.1784407794475555e-02 1.6292320489883423e+00 1.1680000000000000e+03 2.3024229431152344e+02
9.9944341182708740e-01 -3.9047549944370985e-03 -3.3130660653114319e-02 9.1336208581924438e-01 9.9913179874420166e-01 9.2149134725332260e-03 -4.0628172457218170e-02 9.6490114927291870e-01 3.3990000000000000e+03 8.3924293518066406e+01
9.9951428174972534e-01 -6.4219697378575802e-03 -3.0497103929519653e-02 9.0021198987960815e-01 9.9932706356048584e-01 8.2085952162742615e-03 -3.5750489681959152e-02 9.4346964359283447e-01 2.5340000000000000e+03 1.1244084167480469e+02
9.9957424402236938e-01 -4.2620470048859715e-04 -2.9172098264098167e-02 8.9157986640930176e-01 9.9881339073181152e-01 1.6755159944295883e-02 -4.5729145407676697e-02 9.7022181749343872e-01 2.7430000000000000e+03 8.7292419433593750e+01
-6.8773418664932251e-02 -1.0041180253028870e-01 -9.9256622791290283e-01 2.8738749027252197e+00 2.2726099938154221e-02 6.1223924160003662e-01 -7.9034572839736938e-01 2.9342739582061768e+00 3.7270000000000000e+03 1.9009089660644531e+02
-5.9602234512567520e-02 8.0082193017005920e-02 -9.9500471353530884e-01 2.4439918994903564e+00 1.5160643495619297e-02 7.6936864852905273e-01 -6.3862514495849609e-01 2.4910178184509277e+00 2.4490000000000000e+03 1.7915756225585938e+02
9.9916481971740723e-01 -4.7632181085646152e-03 -4.0583252906799316e-02 9.1679197549819946e-01 9.9912863969802856e-01 1.4900690875947475e-02 -3.8985282182693481e-02 9.5528262853622437e-01 1.0310000000000000e+03 9.5776916503906250e+01
-3.5535566508769989e-02 -6.4802831411361694e-01 -7.6078683137893677e-01 2.0636408329010010e+00 5.1525190472602844e-02 1.5847729519009590e-02 -9.9854594469070435e-01 2.0748152732849121e+00 2.0230000000000000e+03 1.9767326354980469e+02
-2.3143982514739037e-02 -7.3830521106719971e-01 -6.7406958341598511e-01 1.4147125482559204e+00 3.6530219018459320e-02 -1.0098796337842941e-01 -9.9421674013137817e-01 1.4312397241592407e+00 3.7940000000000000e+03 1.9313258361816406e+02
5.3187388926744461e-02 -7.2665697336196899e-01 -6.8493854999542236e-01 1.2364020347595215e+00 -3.2943200785666704e-03 -7.7542245388031006e-02 -9.9698358774185181e-01 1.1727602481842041e+00 1.6940000000000000e+03 1.2285596466064453e+02
5.3187388926744461e-02 -7.2665697336196899e-01 -6.8493854999542236e-01 1.2364020347595215e+00 1.2547479569911957e-01 -1.3029041886329651e-01 -9.8350417613983154e-01 1.3696554899215698e+00 1.6940000000000000e+03 1.2285596466064453e+02
5.3187388926744461e-02 -7.2665697336196899e-01 -6.8493854999542236e-01 1.2364020347595215e+00 3.6530219018459320e-02 -1.0098796337842941e-01 -9.9421674013137817e-01 1.4312397241592407e+00 1.6940000000000000e+03 1.7891658020019531e+02
-1.9538065418601036e-02 -8.1210726499557495e-01 -5.8318090438842773e-01 1.3396551609039307e+00 4.1445072740316391e-02 -1.7492125928401947e-01 -9.8370975255966187e-01 1.3311579227447510e+00 2.6760000000000000e+03 1.9206501770019531e+02
4.7119226306676865e-02 -7.8601104021072388e-01 -6.1641424894332886e-01 1.1842398643493652e+00 2.0700183231383562e-03 -1.6291522979736328e-01 -9.8663789033889771e-01 1.1208419799804688e+00 1.2200000000000000e+03 1.2789262390136719e+02
4.7119226306676865e-02 -7.8601104021072388e-01 -6.1641424894332886e-01 1.1842398643493652e+00 4.1445072740316391e-02 -1.7492125928401947e-01 -9.8370975255966187e-01 1.3311579227447510e+00 1.2200000000000000e+03 1.6153488159179688e+02
-6.3112460076808929e-02 -3.9904946088790894e-01 -9.1475474834442139e-01 2.1522338390350342e+00 2.4821259081363678e-02 2.6331615447998047e-01 -9.6439015865325928e-01 2.1579864025115967e+00 3.8760000000000000e+03 1.7750810241699219e+02
9.9964243173599243e-01 6.7770071327686310e-03 -2.5868114084005356e-02 8.9790725708007812e-01 9.9941539764404297e-01 7.1346107870340347e-03 -3.3433981239795685e-02 9.5346808433532715e-01 1.8510000000000000e+03 7.4981056213378906e+01
9.9961441755294800e-01 8.9840302243828773e-03 -2.6273204013705254e-02 8.9875394105911255e-01 9.9928188323974609e-01 9.2863412573933601e-03 -3.6737065762281418e-02 9.6734064817428589e-01 2.3630000000000000e+03 7.0211334228515625e+01
9.9934625625610352e-01 -1.0902591049671173e-02 -3.4469719976186752e-02 9.0998494625091553e-01 9.9921548366546631e-01 1.0909982025623322e-02 -3.8070283830165863e-02 9.5390403270721436e-01 3.3440000000000000e+03 1.0213040161132812e+02
9.9912834167480469e-01 -1.3894234783947468e-02 -3.9362911134958267e-02 9.1905474662780762e-01 9.9901807308197021e-01 1.4601840637624264e-02 -4.1830200701951981e-02 9.6010017395019531e-01 1.7590000000000000e+03 1.2132973480224609e+02
9.9932372570037842e-01 -6.6442508250474930e-03 -3.6165844649076462e-02 9.2607909440994263e-01 9.9939978122711182e-01 1.5942985191941261e-02 -3.0754324048757553e-02 9.5799028873443604e-01 2.0120000000000000e+03 1.1431560516357422e+02
9.9860966205596924e-01 -1.9296832382678986e-02 -4.9054753035306931e-02 9.0038341283798218e-01 9.9810373783111572e-01 2.4740058928728104e-02 -5.6364163756370544e-02 9.5131117105484009e-01 3.1240000000000000e+03 1.0162644195556641e+02
9.9958992004394531e-01 1.2544752098619938e-02 -2.5742528960108757e-02 8.9025777578353882e-01 9.9943727254867554e-01 2.3496234789490700e-02 -2.3939952254295349e-02 9.4333779811859131e-01 1.9980000000000000e+03 7.4652641296386719e+01
-4.0571994031779468e-04 -2.3558665066957474e-02 -9.9972236156463623e-01 1.5146048069000244e+00 2.4475457612425089e-03 6.7094421386718750e-01 -7.4150377511978149e-01 1.5801888704299927e+00 5.2700000000000000e+03 1.7415220642089844e+02
-6.9587236794177443e-05 -2.1441178396344185e-02 -9.9977016448974609e-01 1.0350382328033447e+00 -5.1485439762473106e-03 6.6472351551055908e-01 -7.4707168340682983e-01 1.0841510295867920e+00 7.7410000000000000e+03 1.6468815612792969e+02
9.9951654672622681e-01 -8.8508967310190201e-03 -2.9806924983859062e-02 8.9564210176467896e-01 9.9944567680358887e-01 9.1254841536283493e-03 -3.2016396522521973e-02 9.3915396928787231e-01 2.1030000000000000e+03 1.1867665100097656e+02
-8.4096202626824379e-03 2.7546662092208862e-01 -9.6127384901046753e-01 5.2534914016723633e-01 -1.2008904479444027e-02 9.0754783153533936e-01 -4.1977697610855103e-01 5.4197549819946289e-01 7.7600000000000000e+03 1.6088027954101562e+02
9.9922001361846924e-01 -9.9829845130443573e-03 -3.8207069039344788e-02 9.0783703327178955e-01 9.9902081489562988e-01 2.3535933345556259e-02 -3.7463940680027008e-02 9.5462560653686523e-01 2.1570000000000000e+03 1.1153040313720703e+02
9.9887382984161377e-01 2.1773630287498236e-03 -4.7396045178174973e-02 9.1821944713592529e-01 9.9869102239608765e-01 2.3004898801445961e-02 -4.5684210956096649e-02 9.6126216650009155e-01 1.0190000000000000e+03 6.1886161804199219e+01
-5.1772054284811020e-03 -1.8798818811774254e-02 -9.9980986118316650e-01 1.5184143781661987e+00 -8.2947257906198502e-03 6.5188121795654297e-01 -7.5827574729919434e-01 1.5952911376953125e+00 1.0363000000000000e+04 1.4647795104980469e+02
9.9956601858139038e-01 -6.6908416338264942e-03 -2.8687177225947380e-02 9.1198712587356567e-01 9.9956464767456055e-01 1.1506804265081882e-02 -2.7166191488504410e-02 9.5115602016448975e-01 3.7230000000000000e+03 9.5431640625000000e+01
-9.9956047534942627e-01 -2.4679200723767281e-02 1.6424063593149185e-02 1.4046359062194824e+00 -9.9851858615875244e-01 -1.2488217093050480e-02 -5.2958443760871887e-02 1.3448712825775146e+00 1.5140000000000000e+03 2.0751261901855469e+02
9.9956774711608887e-01 -7.2345589287579060e-03 -2.8494179248809814e-02 9.1315746307373047e-01 9.9950802326202393e-01 9.0896617621183395e-03 -3.0018819496035576e-02 9.5146125555038452e-01 3.6740000000000000e+03 9.5597442626953125e+01
-9.9955999851226807e-01 -2.7525104582309723e-02 1.1057335883378983e-02 1.4210649728775024e+00 -9.9863564968109131e-01 -7.8978324308991432e-03 -5.1618635654449463e-02 1.3478024005889893e+00 1.4960000000000000e+03 2.0710914611816406e+02
9.9965369701385498e-01 -1.3109194114804268e-03 -2.6281865313649178e-02 9.1334253549575806e-01 9.9956333637237549e-01 1.1393344961106777e-02 -2.7261570096015930e-02 9.5965099334716797e-01 3.3360000000000000e+03 1.0029496765136719e+02
-9.9955266714096069e-01 -2.7319546788930893e-02 1.2168271467089653e-02 1.4132775068283081e+00 -9.9821811914443970e-01 -1.2970701791346073e-02 -5.8242686092853546e-02 1.3502426147460938e+00 1.2670000000000000e+03 2.2409155273437500e+02
9.9925577640533447e-01 -8.1584239378571510e-03 -3.7702571600675583e-02 9.0134567022323608e-01 9.9908888339996338e-01 1.6164908185601234e-02 -3.9497144520282745e-02 9.4909644126892090e-01 3.0140000000000000e+03 1.1591672515869141e+02
-9.9965554475784302e-01 -2.3945728316903114e-02 1.0744557715952396e-02 1.4668383598327637e+00 -9.9995237588882446e-01 2.7958755381405354e-03 -9.3483533710241318e-03 1.6074732542037964e+00 1.7550000000000000e+03 2.1392842102050781e+02
-9.9933433532714844e-01 -3.5303004086017609e-02 9.1933701187372208e-03 1.4754287004470825e+00 -9.9968343973159790e-01 -1.1265650391578674e-02 -2.2498974576592445e-02 1.6320235729217529e+00 1.2530000000000000e+03 2.2483000183105469e+02
9.9931907653808594e-01 -2.5543321389704943e-03 -3.6806531250476837e-02 8.9772951602935791e-01 9.9921423196792603e-01 1.7518037930130959e-02 -3.5553339868783951e-02 9.4702231884002686e-01 1.4830000000000000e+03 1.2448752593994141e+02
-9.9911224842071533e-01 -4.0410280227661133e-02 1.1907601729035378e-02 1.4491447210311890e+00 -9.9952185153961182e-01 -6.0929893516004086e-03 -3.0314292758703232e-02 1.6362086534500122e+00 1.3070000000000000e+03 2.1875210571289062e+02
9.9964874982833862e-01 -3.1446565408259630e-03 -2.6319220662117004e-02 8.9261442422866821e-01 9.9947988986968994e-01 1.5697056427598000e-02 -2.8173625469207764e-02 9.4848060607910156e-01 2.0470000000000000e+03 1.2370444488525391e+02
-9.9941456317901611e-01 -3.4025207161903381e-02 3.5712232347577810e-03 1.4791326522827148e+00 -9.9957799911499023e-01 -6.0837641358375549e-03 -2.8405247256159782e-02 1.6434211730957031e+00 2.1280000000000000e+03 2.0233270263671875e+02
9.9952828884124756e-01 -5.2554891444742680e-03 -3.0259013175964355e-02 8.9563709497451782e-01 9.9931758642196655e-01 1.3974530622363091e-02 -3.4189164638519287e-02 9.5046198368072510e-01 3.8850000000000000e+03 1.0759613800048828e+02
9.9962389469146729e-01 -7.5265846680849791e-04 -2.7415947988629341e-02 8.9472967386245728e-01 9.9942862987518311e-01 1.1791123077273369e-02 -3.1677655875682831e-02 9.5204973220825195e-01 5.4560000000000000e+03 8.5583877563476562e+01
-9.9970561265945435e-01 -2.4261103942990303e-02 -4.9021310405805707e-04 1.4887371063232422e+00 -9.9968361854553223e-01 -2.2877892479300499e-03 -2.5046773254871368e-02 1.6214525699615479e+00 2.5460000000000000e+03 1.9823330688476562e+02
9.9956017732620239e-01 -4.1390670230612159e-04 -2.9655022546648979e-02 8.9383977651596069e-01 9.9929159879684448e-01 1.2640479952096939e-02 -3.5446513444185257e-02 9.5330476760864258e-01 5.4790000000000000e+03 8.5833724975585938e+01
-9.9972671270370483e-01 -2.3178564384579659e-02 3.0523701570928097e-03 1.4731197357177734e+00 -9.9983429908752441e-01 -5.2806013263761997e-03 -1.7423771321773529e-02 1.6078987121582031e+00 2.3000000000000000e+03 1.9653736877441406e+02
9.9944132566452026e-01 1.8919687136076391e-04 -3.3419232815504074e-02 8.9837473630905151e-01 9.9925148487091064e-01 1.5066047199070454e-02 -3.5630274564027786e-02 9.5309787988662720e-01 5.4070000000000000e+03 8.6454696655273438e+01
-9.9969226121902466e-01 -2.4806099012494087e-02 1.8674352031666785e-04 1.4892693758010864e+00 -9.9984520673751831e-01 -5.6427596136927605e-03 -1.6664912924170494e-02 1.6068258285522461e+00 2.2800000000000000e+03 2.0092601013183594e+02
9.9942255020141602e-01 -3.9210947579704225e-04 -3.3978167921304703e-02 8.9890521764755249e-01 9.9926567077636719e-01 1.5418413095176220e-02 -3.5077072679996490e-02 9.5266193151473999e-01 5.2240000000000000e+03 8.5938171386718750e+01
-9.9952018260955811e-01 -2.7374010533094406e-02 -1.4492668211460114e-02 1.5363061428070068e+00 -9.9996560811996460e-01 -1.5646325191482902e-03 -8.1363273784518242e-03 1.5773115158081055e+00 1.3900000000000000e+03 2.0140853881835938e+02
9.9949115514755249e-01 6.0884171398356557e-04 -3.1889770179986954e-02 8.8950461149215698e-01 9.9921125173568726e-01 1.8062496557831764e-02 -3.5366766154766083e-02 9.5223373174667358e-01 5.1630000000000000e+03 8.6771255493164062e+01
-9.9908465147018433e-01 -2.4095078930258751e-02 -3.5343691706657410e-02 1.6079444885253906e+00 -9.9970334768295288e-01 1.7041038721799850e-02 1.7403248697519302e-02 1.4973938465118408e+00 1.6270000000000000e+03 2.0136619567871094e+02
9.9956589937210083e-01 1.0394377750344574e-04 -2.9461719095706940e-02 8.8852328062057495e-01 9.9928319454193115e-01 1.4001317322254181e-02 -3.5171184688806534e-02 9.5086264610290527e-01 5.2920000000000000e+03 8.5494567871093750e+01
9.9969023466110229e-01 -2.8019829187542200e-03 -2.4728635326027870e-02 8.9064425230026245e-01 9.9951958656311035e-01 8.6894119158387184e-03 -2.9746824875473976e-02 9.4465148448944092e-01 4.5150000000000000e+03 8.6365844726562500e+01
9.9971324205398560e-01 -3.3554616384208202e-03 -2.3711282759904861e-02 8.8169896602630615e-01 9.9938261508941650e-01 1.1351015418767929e-02 -3.3248707652091980e-02 9.4415235519409180e-01 3.5700000000000000e+03 8.6179206848144531e+01
9.7540600108914077e-05 9.4122476875782013e-02 -9.9556052684783936e-01 2.2194185256958008e+00 8.9712170884013176e-03 8.3419877290725708e-01 -5.5139100551605225e-01 2.2876784801483154e+00 3.2510000000000000e+03 1.6706402587890625e+02
-5.7331170886754990e-02 1.1774156987667084e-01 -9.9138790369033813e-01 2.2432658672332764e+00 8.9712170884013176e-03 8.3419877290725708e-01 -5.5139100551605225e-01 2.2876784801483154e+00 1.0280000000000000e+03 1.5053697204589844e+02
9.9981755018234253e-01 3.7953691207803786e-04 -1.9098641350865364e-02 8.8142257928848267e-01 9.9948954582214355e-01 9.7861224785447121e-03 -3.0410097911953926e-02 9.4878441095352173e-01 2.8490000000000000e+03 8.7061965942382812e+01
-1.8615523586049676e-03 2.1370631456375122e-01 -9.7689616680145264e-01 1.9461816549301147e+00 3.7092494312673807e-03 8.7973058223724365e-01 -4.7545805573463440e-01 2.0191881656646729e+00 5.0910000000000000e+03 1.3846144104003906e+02
-5.6532500311732292e-03 2.9569062590599060e-01 -9.5526701211929321e-01 1.9820146560668945e+00 3.7092494312673807e-03 8.7973058223724365e-01 -4.7545805573463440e-01 2.0191881656646729e+00 3.3950000000000000e+03 1.8542886352539062e+02
7.6172580011188984e-03 2.4516938626766205e-01 -9.6945035457611084e-01 1.6281611919403076e+00 1.9752336665987968e-03 8.4919756650924683e-01 -5.2807152271270752e-01 1.7311985492706299e+00 7.3170000000000000e+03 1.3770353698730469e+02
9.9963140487670898e-01 -2.5061687920242548e-03 -2.7031090110540390e-02 9.0078198909759521e-01 9.9941802024841309e-01 8.1017483025789261e-03 -3.3135287463665009e-02 9.5819073915481567e-01 1.5500000000000000e+03 8.9010025024414062e+01
1.4648378128185868e-03 2.8851601481437683e-01 -9.5747393369674683e-01 1.3949202299118042e+00 -5.5222962982952595e-03 8.8257515430450439e-01 -4.7013896703720093e-01 1.3757741451263428e+00 8.1350000000000000e+03 1.2545273590087891e+02
9.2669262085109949e-04 2.1791550517082214e-01 -9.7596722841262817e-01 1.3752098083496094e+00 -5.5222962982952595e-03 8.8257515430450439e-01 -4.7013896703720093e-01 1.3757741451263428e+00 5.7220000000000000e+03 1.7457217407226562e+02
-1.1701459996402264e-02 6.4853572845458984e-01 -7.6109427213668823e-01 1.1525859832763672e+00 -1.3009476475417614e-02 9.9850034713745117e-01 -5.3177438676357269e-02 1.1978462934494019e+00 1.8230000000000000e+03 1.3460957336425781e+02
9.9936568737030029e-01 -2.2055036388337612e-03 -3.5542875528335571e-02 9.0426498651504517e-01 9.9937516450881958e-01 1.8334578722715378e-02 -3.0217189341783524e-02 9.4733458757400513e-01 1.3540000000000000e+03 1.1105022430419922e+02
-5.1936293020844460e-03 6.3911145925521851e-01 -7.6909661293029785e-01 1.1505483388900757e+00 -6.8121529184281826e-03 9.9783337116241455e-01 -6.5438345074653625e-02 1.1895087957382202e+00 2.4340000000000000e+03 1.1957420349121094e+02
9.9932342767715454e-01 1.8030049977824092e-03 -3.6735318601131439e-02 9.0621590614318848e-01 9.9950510263442993e-01 1.4173855073750019e-02 -2.8084715828299522e-02 9.4355905055999756e-01 1.7430000000000000e+03 1.1455766296386719e+02
-1.7886916175484657e-03 4.6371388435363770e-01 -8.8598328828811646e-01 1.1585700511932373e+00 -3.5307414364069700e-03 9.6404057741165161e-01 -2.6573175191879272e-01 1.2360349893569946e+00 5.5090000000000000e+03 1.1877799987792969e+02
9.9967443943023682e-01 5.6109525030478835e-04 -2.5508431717753410e-02 8.8617682456970215e-01 9.9939352273941040e-01 1.4093451201915741e-02 -3.1841710209846497e-02 9.5511955022811890e-01 2.3170000000000000e+03 1.0984721374511719e+02
5.6032678112387657e-03 -1.2934742867946625e-01 -9.9158352613449097e-01 8.5964739322662354e-01 -3.3126326743513346e-03 5.8443945646286011e-01 -8.1143051385879517e-01 8.7649905681610107e-01 2.6140000000000000e+03 1.8045944213867188e+02
9.9961429834365845e-01 -1.2927399016916752e-02 -2.4580761790275574e-02 8.9843028783798218e-01 9.9936693906784058e-01 1.4027173630893230e-02 -3.2695304602384567e-02 9.5257818698883057e-01 2.4160000000000000e+03 1.0490232086181641e+02
-2.4365849792957306e-02 4.6564217656850815e-02 -9.9861800670623779e-01 1.1196521520614624e+00 -5.7681255042552948e-02 7.1377307176589966e-01 -6.9799774885177612e-01 1.1816005706787109e+00 1.0450000000000000e+03 1.3272152709960938e+02
-3.6346454173326492e-02 -6.8803369998931885e-02 -9.9696785211563110e-01 8.6346113681793213e-01 -4.5269809663295746e-02 5.7025450468063354e-01 -8.2021975517272949e-01 9.1469037532806396e-01 1.8420000000000000e+03 1.0934039306640625e+02
2.4463387671858072e-03 -8.2030415534973145e-02 -9.9662685394287109e-01 1.5163251161575317e+00 -3.2049703877419233e-03 5.9740370512008667e-01 -8.0193430185317993e-01 1.5880382061004639e+00 9.9680000000000000e+03 1.6118107604980469e+02
9.4460342079401016e-03 -8.0732542276382446e-01 -5.9003072977066040e-01 1.2012631893157959e+00 1.0234355926513672e-02 -9.5249116420745850e-02 -9.9540084600448608e-01 1.2211248874664307e+00 4.8080000000000000e+03 1.7489370727539062e+02
9.9969315528869629e-01 -5.5987192317843437e-03 -2.4130349978804588e-02 9.0208649635314941e-01 9.9961167573928833e-01 1.8467351794242859e-02 -2.0866099745035172e-02 9.4533812999725342e-01 1.8040000000000000e+03 1.2062583160400391e+02
9.9947863817214966e-01 -3.4199217334389687e-03 -3.2102324068546295e-02 9.0851747989654541e-01 9.9925911426544189e-01 2.3385811597108841e-02 -3.0567057430744171e-02 9.6122419834136963e-01 1.3140000000000000e+03 1.1488660430908203e+02
9.9882602691650391e-01 -9.3779675662517548e-03 -4.7526065260171890e-02 9.0660548210144043e-01 9.9836939573287964e-01 1.4161044731736183e-02 -5.5300597101449966e-02 9.5800232887268066e-01 2.4760000000000000e+03 7.7627388000488281e+01
9.9926280975341797e-01 1.7506997392047197e-04 -3.8389377295970917e-02 9.0156805515289307e-01 9.9890410900115967e-01 2.1954886615276337e-02 -4.1334394365549088e-02 9.6203774213790894e-01 2.5520000000000000e+03 9.8091918945312500e+01
9.9925041198730469e-01 -1.5501018613576889e-02 -3.5473790019750595e-02 9.0416109561920166e-01 9.9914306402206421e-01 1.0774035006761551e-02 -3.9965324103832245e-02 9.5035707950592041e-01 1.9140000000000000e+03 1.1217763519287109e+02
2.2375816479325294e-03 5.4588752985000610e-01 -8.3785545825958252e-01 1.0664818286895752e+00 6.5850396640598774e-03 9.8383778333663940e-01 -1.7894047498703003e-01 1.1336133480072021e+00 3.6930000000000000e+03 1.2789818572998047e+02
9.9968194961547852e-01 -5.4889861494302750e-03 -2.4613365530967712e-02 8.8516801595687866e-01 9.9917656183242798e-01 1.0702072642743587e-02 -3.9138145744800568e-02 9.5025759935379028e-01 1.8440000000000000e+03 1.1026247406005859e+02
-1.6932354774326086e-03 1.9530922174453735e-01 -9.8074018955230713e-01 9.7879171371459961e-01 -8.6356764659285545e-03 8.9051163196563721e-01 -4.5487833023071289e-01 1.0629515647888184e+00 5.1450000000000000e+03 1.4203741455078125e+02
9.9970000982284546e-01 2.7622543275356293e-03 -2.4339176714420319e-02 8.8322097063064575e-01 9.9937546253204346e-01 1.0624995455145836e-02 -3.3702716231346130e-02 9.5221453905105591e-01 2.3350000000000000e+03 1.1574817657470703e+02
-5.5759623646736145e-03 6.5876692533493042e-01 -7.5232636928558350e-01 3.7407884001731873e-01 -1.0432620532810688e-02 9.9983829259872437e-01 -1.4645351096987724e-02 3.9846053719520569e-01 2.3070000000000000e+03 1.6133418273925781e+02
9.9965089559555054e-01 -5.0160516984760761e-03 -2.5940036401152611e-02 8.9402902126312256e-01 9.9907809495925903e-01 1.9164089113473892e-02 -3.8415294140577316e-02 9.6299135684967041e-01 1.5870000000000000e+03 1.0884310150146484e+02
-1.1140064336359501e-02 5.1510941982269287e-01 -8.5705196857452393e-01 1.1834702491760254e+00 -3.5256992559880018e-03 9.6757417917251587e-01 -2.5256201624870300e-01 1.2793540954589844e+00 1.9460000000000000e+03 1.3871685791015625e+02
-4.4353511184453964e-03 -1.8327453732490540e-01 -9.8305177688598633e-01 1.2655661106109619e+00 -8.4916427731513977e-03 4.9457478523254395e-01 -8.6909365653991699e-01 1.3081758022308350e+00 1.0012000000000000e+04 1.5906892395019531e+02
9.9981081485748291e-01 -4.2886082082986832e-03 -1.8972439691424370e-02 8.9208066463470459e-01 9.9973469972610474e-01 1.5154052525758743e-02 -1.7344349995255470e-02 9.3791854381561279e-01 1.5460000000000000e+03 1.1647186279296875e+02
9.9936157464981079e-01 -1.0072939330711961e-03 -3.5712625831365585e-02 9.0931147336959839e-01 9.9918109178543091e-01 2.4818418547511101e-02 -3.1957879662513733e-02 9.6377390623092651e-01 1.4840000000000000e+03 1.2238679504394531e+02
9.9906200170516968e-01 -6.2678386457264423e-03 -4.2845774441957474e-02 9.0737897157669067e-01 9.9893468618392944e-01 1.8585763871669769e-02 -4.2240455746650696e-02 9.4890624284744263e-01 2.8610000000000000e+03 7.7133522033691406e+01
-4.9912016838788986e-02 -5.9526723623275757e-01 -8.0197620391845703e-01 2.2795741558074951e+00 3.2667119521647692e-03 3.7544611841440201e-02 -9.9928963184356689e-01 2.2245750427246094e+00 3.1260000000000000e+03 1.9403422546386719e+02
9.9932110309600830e-01 1.0977913625538349e-02 -3.5166841000318527e-02 8.9292412996292114e-01 9.9944621324539185e-01 1.6011878848075867e-02 -2.9171105474233627e-02 9.4167083501815796e-01 1.2640000000000000e+03 1.2875949096679688e+02
9.9953514337539673e-01 4.5127212069928646e-03 -3.0151475220918655e-02 8.9762330055236816e-01 9.9947494268417358e-01 1.5232893638312817e-02 -2.8597308322787285e-02 9.4854104518890381e-01 2.9620000000000000e+03 1.0410195922851562e+02
9.9946749210357666e-01 2.2699225228279829e-03 -3.2551608979701996e-02 8.9561235904693604e-01 9.9929857254028320e-01 2.0412888377904892e-02 -3.1395465135574341e-02 9.5195555686950684e-01 3.6250000000000000e+03 9.2470069885253906e+01
9.9908483028411865e-01 3.1747173052281141e-03 -4.2655061930418015e-02 8.9615887403488159e-01 9.9880331754684448e-01 2.8024638071656227e-02 -4.0082059800624847e-02 9.5546174049377441e-01 4.3510000000000000e+03 8.5534820556640625e+01
-9.9839979410171509e-01 -5.2909232676029205e-02 1.9967216998338699e-02 1.4986969232559204e+00 -9.9926453828811646e-01 -2.7182849124073982e-02 -2.7046130970120430e-02 1.6516697406768799e+00 1.1090000000000000e+03 2.1288368225097656e+02
9.9961173534393311e-01 -3.8852982688695192e-03 -2.7590891346335411e-02 8.9192080497741699e-01 9.9909222126007080e-01 1.9072808325290680e-02 -3.8091681897640228e-02 9.5674586296081543e-01 4.1360000000000000e+03 9.8615814208984375e+01
-9.9956607818603516e-01 -2.6659948751330376e-02 1.2528874911367893e-02 1.4839844703674316e+00 -9.9956834316253662e-01 -1.8609881401062012e-02 -2.2732913494110107e-02 1.6197119951248169e+00 1.9270000000000000e+03 2.0814219665527344e+02
-9.9919068813323975e-01 -3.8466215133666992e-02 1.1759450659155846e-02 1.4866546392440796e+00 -9.9966794252395630e-01 -2.4817027151584625e-02 -6.9266343489289284e-03 1.5762834548950195e+00 1.8950000000000000e+03 2.1343746948242188e+02
9.9956071376800537e-01 -1.2006410397589207e-02 -2.7095211669802666e-02 8.8914895057678223e-01 9.9931496381759644e-01 1.0048058815300465e-02 -3.5617049783468246e-02 9.4439440965652466e-01 3.5700000000000000e+03 1.0988179016113281e+02
9.9965548515319824e-01 -9.8642939701676369e-04 -2.6227654889225960e-02 8.9137649536132812e-01 9.9945890903472900e-01 1.2105567380785942e-02 -3.0582888051867485e-02 9.5110160112380981e-01 4.2660000000000000e+03 1.0059048461914062e+02
-9.9881732463836670e-01 -4.8007566481828690e-02 7.6954262331128120e-03 1.4925038814544678e+00 -9.9926692247390747e-01 -2.4159222841262817e-02 -2.9699036851525307e-02 1.6331484317779541e+00 1.9850000000000000e+03 2.1302066040039062e+02
9.9957811832427979e-01 -2.5548681151121855e-03 -2.8931362554430962e-02 8.9415037631988525e-01 9.9933767318725586e-01 1.1945871636271477e-02 -3.4371294081211090e-02 9.5480346679687500e-01 4.3820000000000000e+03 9.7227752685546875e+01
-9.9892795085906982e-01 -4.4372871518135071e-02 1.3197115622460842e-02 1.4826719760894775e+00 -9.9963438510894775e-01 -1.5756871551275253e-02 -2.1975420415401459e-02 1.6180362701416016e+00 1.9090000000000000e+03 2.1209324645996094e+02
9.9938523769378662e-01 1.9612840842455626e-03 -3.5004913806915283e-02 8.9656400680541992e-01 9.9931079149246216e-01 1.6160676255822182e-02 -3.3419527113437653e-02 9.4890910387039185e-01 5.5520000000000000e+03 9.1102668762207031e+01
-9.9922633171081543e-01 -3.5342697054147720e-02 1.7252838239073753e-02 1.4746444225311279e+00 -9.9962568283081055e-01 -1.9161768257617950e-02 -1.9528442993760109e-02 1.6158536672592163e+00 2.0000000000000000e+03 2.0498049926757812e+02
9.9937862157821655e-01 -2.3406646214425564e-03 -3.5170398652553558e-02 8.9832371473312378e-01 9.9927860498428345e-01 1.4737830497324467e-02 -3.5000920295715332e-02 9.4691270589828491e-01 5.7780000000000000e+03 8.9094543457031250e+01
-9.9980694055557251e-01 -1.7938055098056793e-02 -8.0204047262668610e-03 1.5577118396759033e+00 -9.9964392185211182e-01 -1.4175842516124249e-02 -2.2606933489441872e-02 1.6364669799804688e+00 2.2460000000000000e+03 1.9621382141113281e+02
9.9944072961807251e-01 4.6161684440448880e-04 -3.3436920493841171e-02 8.9915925264358521e-01 9.9932903051376343e-01 1.4685222879052162e-02 -3.3554233610630035e-02 9.5110487937927246e-01 5.6210000000000000e+03 8.8347450256347656e+01
-9.9954640865325928e-01 -3.0115419998764992e-02 -1.8033962987829000e-04 1.5168772935867310e+00 -9.9959081411361694e-01 -1.3945659622550011e-02 -2.4975547567009926e-02 1.6329752206802368e+00 2.8030000000000000e+03 2.0074690246582031e+02
9.9942779541015625e-01 1.4445482520386577e-03 -3.3794619143009186e-02 8.9720690250396729e-01 9.9931484460830688e-01 1.3633688911795616e-02 -3.4409400075674057e-02 9.4971442222595215e-01 5.5560000000000000e+03 8.9452667236328125e+01
-9.9951320886611938e-01 -2.9794363304972649e-02 9.2497011646628380e-03 1.4864522218704224e+00 -9.9982023239135742e-01 -1.7724774079397321e-03 -1.8878506496548653e-02 1.6204050779342651e+00 2.6700000000000000e+03 2.0172415161132812e+02
9.9947369098663330e-01 2.3425823019351810e-04 -3.2437872141599655e-02 8.9633524417877197e-01 9.9932694435119629e-01 1.3243324123322964e-02 -3.4208722412586212e-02 9.4797754287719727e-01 5.2770000000000000e+03 8.6116218566894531e+01
-9.9940931797027588e-01 -3.2433524727821350e-02 1.1357696726918221e-02 1.4748407602310181e+00 -9.9988102912902832e-01 -3.2633759547024965e-03 -1.5076912008225918e-02 1.6058229207992554e+00 1.9290000000000000e+03 2.0260620117187500e+02
9.9935197830200195e-01 3.0775526538491249e-03 -3.5861268639564514e-02 8.9754176139831543e-01 9.9933165311813354e-01 1.6757551580667496e-02 -3.2486673444509506e-02 9.4294148683547974e-01 4.5300000000000000e+03 8.5153572082519531e+01
-9.9940878152847290e-01 -3.2411668449640274e-02 1.1474557220935822e-02 1.4789481163024902e+00 -9.9995040893554688e-01 -4.7761825844645500e-03 -8.7364772334694862e-03 1.5874108076095581e+00 1.9430000000000000e+03 2.0441937255859375e+02
9.9940210580825806e-01 2.8479194734245539e-03 -3.4459583461284637e-02 8.9771991968154907e-01 9.9942022562026978e-01 1.6422158107161522e-02 -2.9824435710906982e-02 9.4392031431198120e-01 4.6950000000000000e+03 8.5056686401367188e+01
-9.9951386451721191e-01 -3.1145244836807251e-02 1.4727030647918582e-03 1.5089670419692993e+00 -9.9950951337814331e-01 -1.4560295268893242e-02 -2.7723928913474083e-02 1.6397486925125122e+00 2.2670000000000000e+03 2.0062196350097656e+02
9.9929440021514893e-01 3.7101532798260450e-03 -3.7375211715698242e-02 9.0045458078384399e-01 9.9931770563125610e-01 1.7585884779691696e-02 -3.2476980239152908e-02 9.4727134704589844e-01 3.2040000000000000e+03 9.1604728698730469e+01
-9.9946099519729614e-01 -3.0431728810071945e-02 1.2309459969401360e-02 1.4724326133728027e+00 -9.9964320659637451e-01 -1.8418544903397560e-02 -1.9341669976711273e-02 1.6050865650177002e+00 1.6150000000000000e+03 2.0653794860839844e+02
9.9961566925048828e-01 -1.1551219504326582e-03 -2.7696872130036354e-02 8.8471519947052002e-01 9.9931645393371582e-01 1.5647022053599358e-02 -3.3490061759948730e-02 9.4951027631759644e-01 2.5260000000000000e+03 1.0897901916503906e+02
9.9940890073776245e-01 -3.4800411667674780e-03 -3.4201223403215408e-02 8.9408004283905029e-01 9.9940752983093262e-01 1.1158908717334270e-02 -3.2558184117078781e-02 9.3568682670593262e-01 3.3350000000000000e+03 9.5265968322753906e+01
5.0036474131047726e-03 6.5390479564666748e-01 -7.5656032562255859e-01 1.0847084522247314e+00 -9.8775199148803949e-04 9.9986541271209717e-01 -1.6378689557313919e-02 1.1126408576965332e+00 2.1570000000000000e+03 1.3084144592285156e+02
9.9954396486282349e-01 1.5442193485796452e-02 -2.5950685143470764e-02 8.8229149580001831e-01 9.9939650297164917e-01 1.4113269746303558e-02 -3.1740508973598480e-02 9.5319294929504395e-01 2.2980000000000000e+03 1.0784595489501953e+02
1.7674606060609221e-03 1.5171615779399872e-01 -9.8842251300811768e-01 1.0001066923141479e+00 -3.4867925569415092e-03 8.0573660135269165e-01 -5.9226375818252563e-01 1.0622860193252563e+00 5.8410000000000000e+03 1.7373805236816406e+02
9.9968022108078003e-01 -3.5246147308498621e-03 -2.5041082873940468e-02 8.8348472118377686e-01 9.9950724840164185e-01 2.3930976167321205e-02 -2.0308656617999077e-02 9.2840218544006348e-01 1.6760000000000000e+03 1.2334028625488281e+02
9.9945646524429321e-01 -1.2153652496635914e-02 -3.0643180012702942e-02 8.9244663715362549e-01 9.9927294254302979e-01 1.5175581909716129e-02 -3.4976284950971603e-02 9.4323790073394775e-01 1.4940000000000000e+03 1.2477175140380859e+02
9.9940139055252075e-01 -1.0402309708297253e-03 -3.4580986946821213e-02 8.9855164289474487e-01 9.9885845184326172e-01 1.7594501376152039e-02 -4.4410023838281631e-02 9.6233326196670532e-01 2.5260000000000000e+03 8.7543212890625000e+01
-6.1481982469558716e-02 -7.7585816383361816e-02 -9.9508821964263916e-01 2.8313295841217041e+00 2.5189962238073349e-02 6.3971728086471558e-01 -7.6819723844528198e-01 2.8826632499694824e+00 3.5780000000000000e+03 1.8908833312988281e+02
9.9887555837631226e-01 -2.3392336443066597e-03 -4.7352284193038940e-02 9.2545294761657715e-01 9.9901425838470459e-01 9.9326251074671745e-03 -4.3264787644147873e-02 9.5810568332672119e-01 1.8640000000000000e+03 9.6610092163085938e+01
-6.6853441298007965e-02 -7.6507419347763062e-01 -6.4046245813369751e-01 2.0473337173461914e+00 2.2473970428109169e-02 -1.3004778325557709e-01 -9.9125289916992188e-01 1.9733997583389282e+00 2.8900000000000000e+03 1.9970242309570312e+02
9.9941992759704590e-01 -1.1234375415369868e-03 -3.4036144614219666e-02 9.1008627414703369e-01 9.9906778335571289e-01 3.0729968566447496e-03 -4.3058861047029495e-02 9.6735870838165283e-01 2.1680000000000000e+03 9.0869003295898438e+01
9.9966394901275635e-01 -6.7813699133694172e-03 -2.5018302723765373e-02 8.9322769641876221e-01 9.9915689229965210e-01 1.3468991965055466e-02 -3.8782887160778046e-02 9.5964246988296509e-01 2.4360000000000000e+03 9.6247535705566406e+01
9.9942111968994141e-01 -4.4547403231263161e-03 -3.3727210015058517e-02 8.9243012666702271e-01 9.9895274639129639e-01 2.3460041731595993e-02 -3.9281658828258514e-02 9.4819045066833496e-01 1.2180000000000000e+03 1.1199753570556641e+02
9.9937433004379272e-01 -7.8137265518307686e-03 -3.4495417028665543e-02 9.1448926925659180e-01 9.9940991401672363e-01 2.1875880658626556e-02 -2.6481853798031807e-02 9.4305872917175293e-01 1.5620000000000000e+03 1.2905569458007812e+02
9.9948704242706299e-01 -1.0271676816046238e-02 -3.0335895717144012e-02 9.1758799552917480e-01 9.9941766262054443e-01 1.6569221392273903e-02 -2.9830906540155411e-02 9.5772755146026611e-01 1.4200000000000000e+03 1.2361690521240234e+02
9.9829041957855225e-01 -8.9610517024993896e-03 -5.7757161557674408e-02 9.1257417201995850e-01 9.9823731184005737e-01 2.7346180751919746e-02 -5.2673321217298508e-02 9.5094227790832520e-01 1.7860000000000000e+03 1.0759742736816406e+02
9.9958926439285278e-01 1.8600607290863991e-03 -2.8597496449947357e-02 8.9616781473159790e-01 9.9935954809188843e-01 1.9159181043505669e-02 -3.0221655964851379e-02 9.5751374959945679e-01 3.4210000000000000e+03 9.5387023925781250e+01
-2.7167254593223333e-03 1.5496855974197388e-01 -9.8791563510894775e-01 1.7165663242340088e+00 -1.6696705715730786e-03 8.6672872304916382e-01 -4.9877700209617615e-01 1.7896250486373901e+00 4.1350000000000000e+03 1.2900169372558594e+02
9.9923998117446899e-01 -1.8688377458602190e-03 -3.8936324417591095e-02 9.0460497140884399e-01 9.9897849559783936e-01 2.1659588441252708e-02 -3.9661016315221786e-02 9.5507407188415527e-01 2.3020000000000000e+03 8.8413841247558594e+01
-9.9867850542068481e-01 -4.5361075550317764e-02 2.4161024019122124e-02 1.4216237068176270e+00 -9.9961447715759277e-01 -1.1505471542477608e-02 -2.5267602875828743e-02 1.6194896697998047e+00 1.1370000000000000e+03 2.1948637390136719e+02
9.9961507320404053e-01 -1.5905909240245819e-02 -2.2732293233275414e-02 8.9304751157760620e-01 9.9941152334213257e-01 1.5385170467197895e-02 -3.0659096315503120e-02 9.4977605342864990e-01 1.5180000000000000e+03 1.2727140808105469e+02
-9.9949455261230469e-01 -3.0603935942053795e-02 -8.6052436381578445e-03 1.5133966207504272e+00 -9.9959218502044678e-01 -2.4238429032266140e-03 -2.8454236686229706e-02 1.6381916999816895e+00 2.6840000000000000e+03 2.0013784790039062e+02
9.9965375661849976e-01 -3.7461114116013050e-03 -2.6042569428682327e-02 8.9340591430664062e-01 9.9942517280578613e-01 1.0706283152103424e-02 -3.2166436314582825e-02 9.5076090097427368e-01 5.2460000000000000e+03 9.2545364379882812e+01
9.9958115816116333e-01 6.6539848921820521e-04 -2.8931535780429840e-02 8.9338934421539307e-01 9.9934870004653931e-01 1.3588574714958668e-02 -3.3429548144340515e-02 9.5265716314315796e-01 5.6060000000000000e+03 8.5864074707031250e+01
-9.9985337257385254e-01 -1.4920289628207684e-02 8.4046525880694389e-03 1.4575072526931763e+00 -9.9977129697799683e-01 -7.8224722528830171e-04 -2.1373070776462555e-02 1.6157970428466797e+00 2.3790000000000000e+03 1.9790753173828125e+02
9.9956077337265015e-01 8.9220696827396750e-04 -2.9623139649629593e-02 8.9467221498489380e-01 9.9933797121047974e-01 1.4532771892845631e-02 -3.3354014158248901e-02 9.5179140567779541e-01 5.4300000000000000e+03 8.5053520202636719e+01
-9.9972426891326904e-01 -2.3474983870983124e-02 6.4525444759055972e-04 1.4905387163162231e+00 -9.9987965822219849e-01 6.7017418332397938e-03 -1.3994248583912849e-02 1.6036601066589355e+00 2.0280000000000000e+03 1.9916685485839844e+02
9.9942737817764282e-01 -1.1129479389637709e-03 -3.3817455172538757e-02 9.0075087547302246e-01 9.9931538105010986e-01 1.4330556616187096e-02 -3.4107867628335953e-02 9.5114564895629883e-01 5.4310000000000000e+03 8.6010139465332031e+01
-9.9972343444824219e-01 -2.3024756461381912e-02 4.7942749224603176e-03 1.4817789793014526e+00 -9.9999564886093140e-01 1.9275862723588943e-03 -2.2537307813763618e-03 1.5625445842742920e+00 1.5500000000000000e+03 2.0163609313964844e+02
9.9938517808914185e-01 -1.1713447747752070e-03 -3.5041902214288712e-02 8.9708507061004639e-01 9.9911308288574219e-01 1.8819667398929596e-02 -3.7668101489543915e-02 9.5243167877197266e-01 5.1950000000000000e+03 8.4957717895507812e+01
