9.9935775995254517e-01 7.8915245831012726e-04 -3.5824537277221680e-02 9.0486460924148560e-01 9.9962013959884644e-01 -2.7342487126588821e-02 3.4725703299045563e-03 9.0312141180038452e-01 5.6400000000000000e+03 8.7227012634277344e+01
-9.9951028823852539e-01 -2.5146784260869026e-02 1.8621997907757759e-02 1.4232565164566040e+00 -9.9981790781021118e-01 1.3308668509125710e-02 1.3676174916327000e-02 1.5372844934463501e+00 1.3530000000000000e+03 2.1394308471679688e+02
9.9923545122146606e-01 -1.1417788482503965e-04 -3.9097670465707779e-02 9.0785765647888184e-01 9.9955564737319946e-01 -2.9550237581133842e-02 3.9156600832939148e-03 8.9478188753128052e-01 5.5750000000000000e+03 8.5442680358886719e+01
-9.9960225820541382e-01 -2.6347402483224869e-02 1.0056590661406517e-02 1.4698624610900879e+00 -9.9961239099502563e-01 1.6696143895387650e-02 2.2276369854807854e-02 1.5306937694549561e+00 1.8170000000000000e+03 2.0746119689941406e+02
9.9947327375411987e-01 -1.6732631484046578e-03 -3.2409057021141052e-02 9.0014708042144775e-01 9.9963212013244629e-01 -2.7031818404793739e-02 2.2169651929289103e-03 9.0524619817733765e-01 5.3240000000000000e+03 8.5828491210937500e+01
-9.9921411275863647e-01 -3.0810249969363213e-02 2.4939559400081635e-02 1.4171743392944336e+00 -9.9941325187683105e-01 3.1816534698009491e-02 1.2680889107286930e-02 1.5518224239349365e+00 2.0870000000000000e+03 2.0225442504882812e+02
9.9938601255416870e-01 1.0652181226760149e-03 -3.5020604729652405e-02 8.9995890855789185e-01 9.9961352348327637e-01 -2.7755845338106155e-02 -1.5790897887200117e-03 9.0813779830932617e-01 4.7780000000000000e+03 8.1612350463867188e+01
-9.9883514642715454e-01 -3.6251489073038101e-02 3.1845320016145706e-02 1.4008067846298218e+00 -9.9948829412460327e-01 2.0574685186147690e-02 2.4491639807820320e-02 1.5194776058197021e+00 1.8150000000000000e+03 2.0378567504882812e+02
-1.5593297779560089e-02 8.2303655147552490e-01 -5.6777423620223999e-01 8.6602705717086792e-01 8.3372905850410461e-02 2.4721390008926392e-01 -9.6536743640899658e-01 8.5001432895660400e-01 2.2610000000000000e+03 2.0654710388183594e+02
-2.6760071516036987e-02 8.5764598846435547e-01 -5.1354372501373291e-01 1.0254336595535278e+00 2.3644497618079185e-02 1.8560889363288879e-01 -9.8233920335769653e-01 1.0619152784347534e+00 4.1530000000000000e+03 1.7968865966796875e+02
-6.2446244992315769e-03 3.2759121060371399e-01 -9.4479894638061523e-01 7.2620981931686401e-01 -6.0695912688970566e-03 -3.4896168112754822e-01 -9.3711733818054199e-01 5.6866896152496338e-01 6.7620000000000000e+03 1.2786832427978516e+02
-1.0790114104747772e-01 4.7728413343429565e-01 -8.7209933996200562e-01 2.8376772403717041e+00 -3.0841294676065445e-02 -1.8726094067096710e-01 -9.8182588815689087e-01 2.8932125568389893e+00 3.3320000000000000e+03 1.8729147338867188e+02
-3.3083262387663126e-03 -1.8285647034645081e-01 -9.8313403129577637e-01 1.9218376874923706e+00 -1.9923746585845947e-02 -8.4143662452697754e-01 -5.3998833894729614e-01 1.9844914674758911e+00 3.3290000000000000e+03 2.0156623840332031e+02
-2.9343828558921814e-02 3.8535613566637039e-02 -9.9882632493972778e-01 2.0103037357330322e+00 -1.7638949677348137e-02 -6.3030529022216797e-01 -7.7614700794219971e-01 2.1363618373870850e+00 3.6230000000000000e+03 1.9850399780273438e+02
-2.5324115529656410e-02 2.4163505434989929e-01 -9.7003668546676636e-01 1.8203285932540894e+00 -7.7471542172133923e-03 -4.5563507080078125e-01 -8.9013296365737915e-01 1.8859241008758545e+00 8.4750000000000000e+03 1.7364685058593750e+02
-1.1344174854457378e-02 1.0922135412693024e-01 -9.9395269155502319e-01 1.4873948097229004e+00 2.2971904836595058e-03 -5.7694393396377563e-01 -8.1678050756454468e-01 1.5453989505767822e+00 1.2175000000000000e+04 1.5672337341308594e+02
-1.3581653125584126e-02 5.3634427487850189e-02 -9.9846822023391724e-01 1.0636547803878784e+00 -1.6499057412147522e-02 -6.4750409126281738e-01 -7.6188331842422485e-01 1.0993884801864624e+00 6.3940000000000000e+03 1.4201367187500000e+02
9.9944341182708740e-01 -3.9047549944370985e-03 -3.3130660653114319e-02 9.1336208581924438e-01 9.9975711107254028e-01 -2.1665243431925774e-02 4.0435031987726688e-03 9.1417700052261353e-01 1.6510000000000000e+03 1.0740763092041016e+02
9.9951428174972534e-01 -6.4219697378575802e-03 -3.0497103929519653e-02 9.0021198987960815e-01 9.9953305721282959e-01 -2.9828736558556557e-02 6.6265538334846497e-03 9.1266423463821411e-01 2.5340000000000000e+03 8.5009582519531250e+01
-5.0445902161300182e-03 9.9309200048446655e-01 -1.1722921580076218e-01 6.3296961784362793e-01 2.3169038817286491e-02 6.0318046808242798e-01 -7.9726809263229370e-01 6.3837903738021851e-01 4.0450000000000000e+03 1.7765045166015625e+02
9.9916481971740723e-01 -4.7632181085646152e-03 -4.0583252906799316e-02 9.1679197549819946e-01 9.9985462427139282e-01 -1.4106463640928268e-02 -9.5802163705229759e-03 9.2640340328216553e-01 1.0310000000000000e+03 9.7634735107421875e+01
-6.3538990914821625e-02 4.0474665164947510e-01 -9.1221868991851807e-01 2.1703951358795166e+00 -3.6701399367302656e-03 -2.7625209093093872e-01 -9.6107816696166992e-01 2.2051386833190918e+00 6.9620000000000000e+03 1.7741526794433594e+02
-6.8649038672447205e-02 6.6690725088119507e-01 -7.4197179079055786e-01 2.0873577594757080e+00 -2.9294183477759361e-03 4.1580457240343094e-02 -9.9913084506988525e-01 2.0309946537017822e+00 1.7980000000000000e+03 1.7353758239746094e+02
9.9930310249328613e-01 -1.2668954441323876e-03 -3.7306357175111771e-02 9.1219055652618408e-01 9.9977254867553711e-01 -2.1331662312150002e-02 -2.3480993695557117e-04 9.1396975517272949e-01 1.7170000000000000e+03 6.8494377136230469e+01
9.9964243173599243e-01 6.7770071327686310e-03 -2.5868114084005356e-02 8.9790725708007812e-01 9.9966323375701904e-01 -2.5896230712532997e-02 -1.6929096309468150e-03 9.1466557979583740e-01 2.7090000000000000e+03 1.0817977142333984e+02
9.9961441755294800e-01 8.9840302243828773e-03 -2.6273204013705254e-02 8.9875394105911255e-01 9.9960303306579590e-01 -2.7460390701889992e-02 -6.2917908653616905e-03 9.2827916145324707e-01 1.4680000000000000e+03 1.2368733215332031e+02
-5.2639592438936234e-02 8.3826911449432373e-01 -5.4270988702774048e-01 1.7462379932403564e+00 4.0824329480528831e-03 2.4769937992095947e-01 -9.6882838010787964e-01 1.6900420188903809e+00 3.7120000000000000e+03 1.7218325805664062e+02
-5.1260828971862793e-02 5.2953684329986572e-01 -8.4673666954040527e-01 1.7667968273162842e+00 1.4655765146017075e-02 -1.6423727571964264e-01 -9.8631197214126587e-01 1.7598501443862915e+00 6.8130000000000000e+03 1.6955305480957031e+02
-3.2462827861309052e-02 2.0994929969310760e-01 -9.7717314958572388e-01 1.5609731674194336e+00 -1.6248535364866257e-02 -4.8283225297927856e-01 -8.7556207180023193e-01 1.6185127496719360e+00 5.2650000000000000e+03 1.8661424255371094e+02
-1.8140146508812904e-02 9.3343727290630341e-02 -9.9546873569488525e-01 1.1878271102905273e+00 1.9212135812267661e-03 -5.8567994832992554e-01 -8.1054013967514038e-01 1.2304830551147461e+00 8.6920000000000000e+03 1.7242787170410156e+02
-1.3326297514140606e-02 1.3061128556728363e-01 -9.9134403467178345e-01 7.7428394556045532e-01 -1.4575266279280186e-02 -5.9355860948562622e-01 -8.0465877056121826e-01 7.9145288467407227e-01 1.5058000000000000e+04 1.3507421875000000e+02
-6.9587236794177443e-05 -2.1441178396344185e-02 -9.9977016448974609e-01 1.0350382328033447e+00 -4.4856173917651176e-03 -6.7075675725936890e-01 -7.4166393280029297e-01 1.1266424655914307e+00 1.6130000000000000e+03 1.3591567993164062e+02
9.9951654672622681e-01 -8.8508967310190201e-03 -2.9806924983859062e-02 8.9564210176467896e-01 9.9955368041992188e-01 -2.8502404689788818e-02 8.9451754465699196e-03 8.9695698022842407e-01 2.1030000000000000e+03 1.1867665100097656e+02
9.9887382984161377e-01 2.1773630287498236e-03 -4.7396045178174973e-02 9.1821944713592529e-01 9.9954396486282349e-01 -2.7709579095244408e-02 -1.2004557065665722e-02 9.2269325256347656e-01 1.0190000000000000e+03 1.0998052215576172e+02
-2.0365236327052116e-02 6.7617738246917725e-01 -7.3645722866058350e-01 1.4598211050033569e+00 1.8132833763957024e-02 6.2648020684719086e-03 -9.9981600046157837e-01 1.4415701627731323e+00 1.0616000000000000e+04 1.4295452880859375e+02
9.9985408782958984e-01 6.6870637238025665e-03 -1.5717187896370888e-02 2.5835815072059631e-01 9.9914765357971191e-01 -4.1280884295701981e-02 9.7551646831561811e-06 2.6760554313659668e-01 1.0230000000000000e+03 1.3512875366210938e+02
9.9956017732620239e-01 -4.1390670230612159e-04 -2.9655022546648979e-02 8.9383977651596069e-01 9.9963921308517456e-01 -2.6187185198068619e-02 5.9780548326671124e-03 8.9930880069732666e-01 3.2230000000000000e+03 1.0483679962158203e+02
9.9944132566452026e-01 1.8919687136076391e-04 -3.3419232815504074e-02 8.9837473630905151e-01 9.9959754943847656e-01 -2.7969358488917351e-02 4.7323284670710564e-03 8.9750826358795166e-01 4.9510000000000000e+03 8.5124824523925781e+01
-9.9969226121902466e-01 -2.4806099012494087e-02 1.8674352031666785e-04 1.4892693758010864e+00 -9.9998539686203003e-01 4.9284202978014946e-03 -2.2108147386461496e-03 1.5914956331253052e+00 1.5640000000000000e+03 2.1438427734375000e+02
9.9942255020141602e-01 -3.9210947579704225e-04 -3.3978167921304703e-02 8.9890521764755249e-01 9.9965602159500122e-01 -2.5567809119820595e-02 5.8515025302767754e-03 8.9522355794906616e-01 4.8690000000000000e+03 8.5938171386718750e+01
-9.9952018260955811e-01 -2.7374010533094406e-02 -1.4492668211460114e-02 1.5363061428070068e+00 -9.9998772144317627e-01 1.5278904465958476e-03 4.7272634692490101e-03 1.5606114864349365e+00 2.0270000000000000e+03 2.0428860473632812e+02
9.9949115514755249e-01 6.0884171398356557e-04 -3.1889770179986954e-02 8.8950461149215698e-01 9.9959146976470947e-01 -2.8536293655633926e-02 1.6338523710146546e-03 8.9857918024063110e-01 4.7000000000000000e+03 8.6771255493164062e+01
-9.9908465147018433e-01 -2.4095078930258751e-02 -3.5343691706657410e-02 1.6079444885253906e+00 -9.9992752075195312e-01 4.0559116750955582e-03 1.1335971765220165e-02 1.5374251604080200e+00 1.8870000000000000e+03 2.0136619567871094e+02
9.9956589937210083e-01 1.0394377750344574e-04 -2.9461719095706940e-02 8.8852328062057495e-01 9.9960917234420776e-01 -2.7958421036601067e-02 -3.1713527278043330e-05 9.0555036067962646e-01 3.8400000000000000e+03 8.2825393676757812e+01
9.9969023466110229e-01 -2.8019829187542200e-03 -2.4728635326027870e-02 8.9064425230026245e-01 9.9967980384826660e-01 -2.4184947833418846e-02 7.4515962041914463e-03 8.9919865131378174e-01 3.9310000000000000e+03 8.1154670715332031e+01
9.9971324205398560e-01 -3.3554616384208202e-03 -2.3711282759904861e-02 8.8169896602630615e-01 9.9970114231109619e-01 -2.3989662528038025e-02 4.7056991606950760e-03 9.0136986970901489e-01 3.5240000000000000e+03 7.9042015075683594e+01
9.9981755018234253e-01 3.7953691207803786e-04 -1.9098641350865364e-02 8.8142257928848267e-01 9.9947625398635864e-01 -2.3671217262744904e-02 2.2065507248044014e-02 8.7010759115219116e-01 2.1590000000000000e+03 8.0011230468750000e+01
9.9963140487670898e-01 -2.5061687920242548e-03 -2.7031090110540390e-02 9.0078198909759521e-01 9.9935400485992432e-01 -2.0360335707664490e-02 2.9615705832839012e-02 8.6041367053985596e-01 1.5500000000000000e+03 8.4372901916503906e+01
1.4648378128185868e-03 2.8851601481437683e-01 -9.5747393369674683e-01 1.3949202299118042e+00 5.8562392368912697e-03 -4.0896534919738770e-01 -9.1253119707107544e-01 1.4009802341461182e+00 9.1770000000000000e+03 1.4080886840820312e+02
-1.1701459996402264e-02 6.4853572845458984e-01 -7.6109427213668823e-01 1.1525859832763672e+00 1.1272061616182327e-02 -2.4790611118078232e-02 -9.9962913990020752e-01 1.2285954952239990e+00 1.4018000000000000e+04 1.3474545288085938e+02
-5.1936293020844460e-03 6.3911145925521851e-01 -7.6909661293029785e-01 1.1505483388900757e+00 1.3641060329973698e-02 -3.4616399556398392e-02 -9.9930751323699951e-01 1.1296228170394897e+00 1.1017000000000000e+04 1.3503030395507812e+02
-1.7886916175484657e-03 4.6371388435363770e-01 -8.8598328828811646e-01 1.1585700511932373e+00 1.0921101085841656e-02 -1.9628198444843292e-01 -9.8048657178878784e-01 1.1423101425170898e+00 8.7370000000000000e+03 1.3507369995117188e+02
5.6032678112387657e-03 -1.2934742867946625e-01 -9.9158352613449097e-01 8.5964739322662354e-01 2.1742058452218771e-03 -7.8221392631530762e-01 -6.2300604581832886e-01 8.8986450433731079e-01 1.3283000000000000e+04 1.4755920410156250e+02
9.9969959259033203e-01 6.2246769666671753e-03 -2.3704729974269867e-02 8.9287495613098145e-01 9.9986743927001953e-01 -1.4462363906204700e-02 -7.4817445129156113e-03 9.2680305242538452e-01 1.0800000000000000e+03 1.0654907226562500e+02
-1.5610584989190102e-02 6.0387301445007324e-01 -7.9692763090133667e-01 1.4542877674102783e+00 1.9766649231314659e-02 -6.1296366155147552e-02 -9.9792379140853882e-01 1.4366800785064697e+00 9.7840000000000000e+03 1.6091833496093750e+02
9.9882602691650391e-01 -9.3779675662517548e-03 -4.7526065260171890e-02 9.0660548210144043e-01 9.9892675876617432e-01 -4.6315342187881470e-02 -4.9564283108338714e-04 9.1509222984313965e-01 1.3380000000000000e+03 1.2687966918945312e+02
-1.2639006599783897e-02 9.9370813369750977e-01 -1.1128592491149902e-01 6.5021109580993652e-01 1.3721107505261898e-02 6.2074142694473267e-01 -7.8389525413513184e-01 6.1845886707305908e-01 3.3510000000000000e+03 1.4145010375976562e+02
-2.3792188148945570e-03 7.7709370851516724e-01 -6.2938040494918823e-01 9.6084845066070557e-01 1.7645794898271561e-02 1.3563789427280426e-01 -9.9060142040252686e-01 9.3500941991806030e-01 7.5280000000000000e+03 1.3432865905761719e+02
-2.5173529982566833e-02 7.8972876071929932e-01 -6.1293941736221313e-01 9.1546452045440674e-01 1.7645794898271561e-02 1.3563789427280426e-01 -9.9060142040252686e-01 9.3500941991806030e-01 1.2470000000000000e+03 2.1308580017089844e+02
2.2375816479325294e-03 5.4588752985000610e-01 -8.3785545825958252e-01 1.0664818286895752e+00 1.0169815272092819e-02 -1.2748305499553680e-01 -9.9178856611251831e-01 1.0385612249374390e+00 9.4250000000000000e+03 1.3779829406738281e+02
4.5203124172985554e-03 -2.2174128890037537e-01 -9.7509509325027466e-01 8.4873735904693604e-01 -7.2550433687865734e-03 -8.6077606678009033e-01 -5.0893217325210571e-01 8.7745928764343262e-01 9.5820000000000000e+03 1.6324862670898438e+02
-4.2896296828985214e-02 9.8159247636795044e-01 -1.8610718846321106e-01 1.0025371313095093e+00 1.3859295286238194e-03 5.7888561487197876e-01 -8.1540757417678833e-01 9.2917567491531372e-01 2.0590000000000000e+03 1.4313696289062500e+02
-4.0366992354393005e-02 8.7780368328094482e-01 -4.7731652855873108e-01 1.2141035795211792e+00 1.4663203619420528e-03 3.0582973361015320e-01 -9.5208507776260376e-01 1.1667517423629761e+00 3.8880000000000000e+03 1.5173533630371094e+02
-4.0824409574270248e-02 8.7846034765243530e-01 -4.7606807947158813e-01 1.2160989046096802e+00 6.1303871916607022e-04 3.0678993463516235e-01 -9.5177698135375977e-01 1.1658412218093872e+00 3.8620000000000000e+03 1.5174598693847656e+02
-4.1270390152931213e-02 8.7888717651367188e-01 -4.7524127364158630e-01 1.2163579463958740e+00 1.4924188144505024e-03 3.0865064263343811e-01 -9.5117419958114624e-01 1.1658419370651245e+00 3.8600000000000000e+03 1.5158056640625000e+02
-4.0615640580654144e-02 8.7916064262390137e-01 -4.7479152679443359e-01 1.2148042917251587e+00 1.9388672662898898e-03 3.0852043628692627e-01 -9.5121568441390991e-01 1.1659505367279053e+00 3.8620000000000000e+03 1.5163671875000000e+02
-3.8130261003971100e-02 8.7887096405029297e-01 -4.7553330659866333e-01 1.2159777879714966e+00 9.7461533732712269e-04 3.0722922086715698e-01 -9.5163506269454956e-01 1.1665599346160889e+00 3.8690000000000000e+03 1.5156629943847656e+02
-3.5171940922737122e-02 8.8253444433212280e-01 -4.6893060207366943e-01 1.2120183706283569e+00 1.3395199785009027e-03 3.1360164284706116e-01 -9.4955372810363770e-01 1.1654841899871826e+00 3.8020000000000000e+03 1.5138533020019531e+02
-3.7755649536848068e-02 9.0489327907562256e-01 -4.2396053671836853e-01 1.1851081848144531e+00 -4.8778005293570459e-04 3.6041152477264404e-01 -9.3279325962066650e-01 1.1327904462814331e+00 3.5390000000000000e+03 1.4950239562988281e+02
-4.2671211063861847e-02 8.9891380071640015e-01 -4.3604266643524170e-01 1.1129201650619507e+00 -4.5070573687553406e-03 3.4468269348144531e-01 -9.3870848417282104e-01 1.0684847831726074e+00 4.6040000000000000e+03 1.4505451965332031e+02
-3.1706020236015320e-02 9.0047246217727661e-01 -4.3375575542449951e-01 1.1051942110061646e+00 -2.9187549371272326e-03 3.4138146042823792e-01 -9.3992042541503906e-01 1.0795031785964966e+00 4.6100000000000000e+03 1.4216398620605469e+02
-1.1140064336359501e-02 5.1510941982269287e-01 -8.5705196857452393e-01 1.1834702491760254e+00 -3.3380105160176754e-03 -1.5160125494003296e-01 -9.8843610286712646e-01 1.1721824407577515e+00 9.5950000000000000e+03 1.6077592468261719e+02
1.6495229210704565e-03 -2.3518072068691254e-01 -9.7195023298263550e-01 1.0036525726318359e+00 -5.8535002171993256e-03 -8.7762767076492310e-01 -4.7930729389190674e-01 1.0367333889007568e+00 4.2370000000000000e+03 1.7955676269531250e+02
-1.2719607912003994e-02 -4.6153664588928223e-02 -9.9885338544845581e-01 1.5165876150131226e+00 -1.2617320753633976e-02 -6.5573215484619141e-01 -7.5488817691802979e-01 1.6266303062438965e+00 2.8470000000000000e+03 1.8323204040527344e+02
9.9908483028411865e-01 3.1747173052281141e-03 -4.2655061930418015e-02 8.9615887403488159e-01 9.9907320737838745e-01 -4.2844146490097046e-02 -4.1286693885922432e-03 8.9600223302841187e-01 1.9880000000000000e+03 1.0220472717285156e+02
9.9961173534393311e-01 -3.8852982688695192e-03 -2.7590891346335411e-02 8.9192080497741699e-01 9.9967342615127563e-01 -2.5490442290902138e-02 1.8323190743103623e-03 8.9721655845642090e-01 2.6790000000000000e+03 9.8615814208984375e+01
9.9956071376800537e-01 -1.2006410397589207e-02 -2.7095211669802666e-02 8.8914895057678223e-01 9.9950236082077026e-01 -2.9819784685969353e-02 1.0283979587256908e-02 8.9167749881744385e-01 2.6230000000000000e+03 1.0988179016113281e+02
9.9937862157821655e-01 -2.3406646214425564e-03 -3.5170398652553558e-02 8.9832371473312378e-01 9.9949902296066284e-01 -3.1648177653551102e-02 -4.2982702143490314e-04 9.0829181671142578e-01 1.0430000000000000e+03 9.4096832275390625e+01
9.9944072961807251e-01 4.6161684440448880e-04 -3.3436920493841171e-02 8.9915925264358521e-01 9.9961465597152710e-01 -2.7135564014315605e-02 5.8365892618894577e-03 8.9291113615036011e-01 2.0840000000000000e+03 9.0046066284179688e+01
9.9942779541015625e-01 1.4445482520386577e-03 -3.3794619143009186e-02 8.9720690250396729e-01 9.9966138601303101e-01 -2.5791337713599205e-02 3.4468783996999264e-03 8.9427787065505981e-01 3.1430000000000000e+03 8.9452667236328125e+01
9.9947369098663330e-01 2.3425823019351810e-04 -3.2437872141599655e-02 8.9633524417877197e-01 9.9961614608764648e-01 -2.7679761871695518e-02 -1.2073682155460119e-03 9.0607589483261108e-01 3.4790000000000000e+03 8.6116218566894531e+01
-9.9940931797027588e-01 -3.2433524727821350e-02 1.1357696726918221e-02 1.4748407602310181e+00 -9.9999636411666870e-01 1.2436327524483204e-03 -2.4037410039454699e-03 1.6193841695785522e+00 1.4570000000000000e+03 2.2097941589355469e+02
9.9935197830200195e-01 3.0775526538491249e-03 -3.5861268639564514e-02 8.9754176139831543e-01 9.9960613250732422e-01 -2.8060397133231163e-02 4.3955890578217804e-04 8.9630699157714844e-01 3.8890000000000000e+03 8.8296478271484375e+01
-9.9940878152847290e-01 -3.2411668449640274e-02 1.1474557220935822e-02 1.4789481163024902e+00 -9.9993783235549927e-01 1.2677138147410005e-04 1.1153963394463062e-02 1.5784809589385986e+00 1.7620000000000000e+03 2.0903121948242188e+02
9.9940210580825806e-01 2.8479194734245539e-03 -3.4459583461284637e-02 8.9771991968154907e-01 9.9961692094802856e-01 -2.7583835646510124e-02 -2.2664987482130527e-03 9.0352725982666016e-01 4.2020000000000000e+03 8.3157302856445312e+01
-9.9951386451721191e-01 -3.1145244836807251e-02 1.4727030647918582e-03 1.5089670419692993e+00 -9.9968844652175903e-01 9.0012904256582260e-03 2.3281672969460487e-02 1.5436285734176636e+00 1.0800000000000000e+03 2.1908703613281250e+02
9.9929440021514893e-01 3.7101532798260450e-03 -3.7375211715698242e-02 9.0045458078384399e-01 9.9958997964859009e-01 -2.8561141341924667e-02 -1.9877436570823193e-03 9.0332704782485962e-01 3.2040000000000000e+03 8.6112174987792969e+01
-9.9946099519729614e-01 -3.0431728810071945e-02 1.2309459969401360e-02 1.4724326133728027e+00 -9.9966597557067871e-01 4.4833035208284855e-03 2.5451350957155228e-02 1.5330158472061157e+00 1.3760000000000000e+03 2.1046801757812500e+02
3.0493108555674553e-02 -1.3971377909183502e-01 -9.8972225189208984e-01 1.4526761770248413e+00 2.1951418370008469e-02 -8.1792342662811279e-01 -5.7490813732147217e-01 1.4770911931991577e+00 1.1230000000000000e+03 1.5158058166503906e+02
-2.6057314127683640e-02 9.4011843204498291e-01 -3.3985033631324768e-01 8.4742552042007446e-01 5.0876367837190628e-02 4.2886900901794434e-01 -9.0193283557891846e-01 8.5130149126052856e-01 1.8760000000000000e+03 1.7572654724121094e+02
-2.6057314127683640e-02 9.4011843204498291e-01 -3.3985033631324768e-01 8.4742552042007446e-01 4.5154962688684464e-02 3.2943823933601379e-01 -9.4309681653976440e-01 8.8905113935470581e-01 1.8760000000000000e+03 1.7572654724121094e+02
5.0036474131047726e-03 6.5390479564666748e-01 -7.5656032562255859e-01 1.0847084522247314e+00 5.5401571094989777e-02 3.6259442567825317e-02 -9.9780559539794922e-01 1.0395649671554565e+00 3.6460000000000000e+03 1.3932473754882812e+02
-3.7838930729776621e-03 9.9575823545455933e-01 -9.1930225491523743e-02 5.9140759706497192e-01 9.5704138278961182e-02 6.4045560359954834e-01 -7.6200878620147705e-01 6.0638272762298584e-01 1.1000000000000000e+03 9.7306045532226562e+01
-3.7838930729776621e-03 9.9575823545455933e-01 -9.1930225491523743e-02 5.9140759706497192e-01 2.1093633025884628e-02 6.3357740640640259e-01 -7.7339172363281250e-01 5.8457571268081665e-01 3.9210000000000000e+03 1.7589247131347656e+02
-6.5441399812698364e-02 2.1083998680114746e-01 -9.7532755136489868e-01 2.4682331085205078e+00 -1.9659431651234627e-02 -4.5020973682403564e-01 -8.9270639419555664e-01 2.5733494758605957e+00 3.4240000000000000e+03 1.9292932128906250e+02
9.9887555837631226e-01 -2.3392336443066597e-03 -4.7352284193038940e-02 9.2545294761657715e-01 9.9951815605163574e-01 -3.0305383726954460e-02 6.7221317440271378e-03 8.9980334043502808e-01 1.4100000000000000e+03 9.5385726928710938e+01
-5.3139194846153259e-02 3.6108300089836121e-01 -9.3101835250854492e-01 2.2426278591156006e+00 -7.4926195666193962e-03 -3.0906230211257935e-01 -9.5101225376129150e-01 2.2843353748321533e+00 6.9400000000000000e+03 1.7857031250000000e+02
-5.9203665703535080e-02 5.0789898633956909e-01 -8.5937976837158203e-01 2.0848870277404785e+00 -8.6047993972897530e-03 -1.5327358245849609e-01 -9.8814630508422852e-01 2.0822300910949707e+00 3.6070000000000000e+03 1.7499148559570312e+02
-3.5277713090181351e-02 -5.4723922163248062e-02 -9.9787807464599609e-01 1.9630057811737061e+00 -1.7296375706791878e-02 -7.0944941043853760e-01 -7.0454412698745728e-01 2.0949749946594238e+00 4.5670000000000000e+03 1.9180972290039062e+02
9.9953973293304443e-01 -8.7982341647148132e-03 -2.9033744707703590e-02 8.9359152317047119e-01 9.9964046478271484e-01 -2.6756258681416512e-02 -1.7021979438140988e-03 9.0697944164276123e-01 1.9000000000000000e+03 9.6509475708007812e+01
-4.7647543251514435e-02 5.6339395046234131e-01 -8.2481330633163452e-01 1.7671079635620117e+00 1.0538226924836636e-02 -1.1148798465728760e-01 -9.9370992183685303e-01 1.7499989271163940e+00 6.2900000000000000e+03 1.7231860351562500e+02
-3.5687904804944992e-02 3.6220631003379822e-01 -9.3141442537307739e-01 1.6042133569717407e+00 -1.7364511266350746e-02 -3.1582063436508179e-01 -9.4865995645523071e-01 1.6345865726470947e+00 6.5060000000000000e+03 1.7697279357910156e+02
-1.6545087099075317e-02 1.2589754164218903e-01 -9.9190527200698853e-01 1.2418830394744873e+00 -1.5074692782945931e-04 -5.6290358304977417e-01 -8.2652264833450317e-01 1.2940738201141357e+00 5.5100000000000000e+03 1.8046151733398438e+02
-1.6136232763528824e-02 2.3949995636940002e-01 -9.7076225280761719e-01 8.8846188783645630e-01 -2.1183101460337639e-02 -4.6615311503410339e-01 -8.8445043563842773e-01 9.0560871362686157e-01 1.1901000000000000e+04 1.3520869445800781e+02
4.3145650997757912e-03 -2.0017212629318237e-01 -9.7975122928619385e-01 4.5613765716552734e-01 -2.2881684824824333e-02 -8.6418747901916504e-01 -5.0264948606491089e-01 4.5777633786201477e-01 5.4340000000000000e+03 1.3700006103515625e+02
4.4268574565649033e-03 -5.9976041316986084e-01 -8.0016738176345825e-01 1.0874689817428589e+00 1.5915841795504093e-03 -9.9811351299285889e-01 -6.1374787241220474e-02 9.7392386198043823e-01 1.4690000000000000e+03 1.9576582336425781e+02
9.9958926439285278e-01 1.8600607290863991e-03 -2.8597496449947357e-02 8.9616781473159790e-01 9.9965375661849976e-01 -2.5873705744743347e-02 4.7779045999050140e-03 8.9350342750549316e-01 2.4050000000000000e+03 1.0530561065673828e+02
9.9923998117446899e-01 -1.8688377458602190e-03 -3.8936324417591095e-02 9.0460497140884399e-01 9.9950146675109863e-01 -3.0741987749934196e-02 7.1927020326256752e-03 8.8160860538482666e-01 2.3020000000000000e+03 9.9165863037109375e+01
4.4618841260671616e-02 7.2157132625579834e-01 -6.9090098142623901e-01 1.6759390830993652e+00 2.1202655509114265e-02 8.8616363704204559e-02 -9.9584013223648071e-01 1.6106456518173218e+00 1.8620000000000000e+03 1.5916735839843750e+02
-4.9005389213562012e-02 7.3070269823074341e-01 -6.8093478679656982e-01 1.6630047559738159e+00 2.1202655509114265e-02 8.8616363704204559e-02 -9.9584013223648071e-01 1.6106456518173218e+00 3.8850000000000000e+03 1.5916735839843750e+02
9.9958115816116333e-01 6.6539848921820521e-04 -2.8931535780429840e-02 8.9338934421539307e-01 9.9958544969558716e-01 -2.8149943798780441e-02 6.0448129661381245e-03 8.9884024858474731e-01 2.9090000000000000e+03 1.1107837677001953e+02
-9.9985337257385254e-01 -1.4920289628207684e-02 8.4046525880694389e-03 1.4575072526931763e+00 -9.9998795986175537e-01 3.8718178402632475e-03 -3.0073486268520355e-03 1.5889688730239868e+00 1.1660000000000000e+03 2.2384733581542969e+02
9.9956077337265015e-01 8.9220696827396750e-04 -2.9623139649629593e-02 8.9467221498489380e-01 9.9960178136825562e-01 -2.7586590498685837e-02 5.9426892548799515e-03 8.9742714166641235e-01 4.8740000000000000e+03 8.7306320190429688e+01
-9.9972426891326904e-01 -2.3474983870983124e-02 6.4525444759055972e-04 1.4905387163162231e+00 -9.9997615814208984e-01 1.7558460822328925e-03 -6.6811856813728809e-03 1.5994470119476318e+00 1.7550000000000000e+03 2.1088775634765625e+02
9.9942737817764282e-01 -1.1129479389637709e-03 -3.3817455172538757e-02 9.0075087547302246e-01 9.9961388111114502e-01 -2.6941858232021332e-02 6.8067214451730251e-03 8.9212971925735474e-01 5.0710000000000000e+03 8.5099243164062500e+01
-9.9972343444824219e-01 -2.3024756461381912e-02 4.7942749224603176e-03 1.4817789793014526e+00 -9.9998283386230469e-01 -4.2638534796424210e-04 -5.8425674214959145e-03 1.5934218168258667e+00 2.1980000000000000e+03 2.0222474670410156e+02
9.9938517808914185e-01 -1.1713447747752070e-03 -3.5041902214288712e-02 8.9708507061004639e-01 9.9955505132675171e-01 -2.8830360621213913e-02 7.6605929061770439e-03 8.8434386253356934e-01 5.1950000000000000e+03 8.5959861755371094e+01
-9.9933248758316040e-01 -3.4562729299068451e-02 -1.1829962953925133e-02 1.5378903150558472e+00 -9.9977123737335205e-01 1.3208238407969475e-02 -1.6826923936605453e-02 1.6556450128555298e+00 1.8930000000000000e+03 1.9962863159179688e+02
