9.9962013959884644e-01 -2.7342487126588821e-02 3.4725703299045563e-03 9.0312141180038452e-01 9.9968141317367554e-01 -1.0623185895383358e-02 -2.2892147302627563e-02 9.3794894218444824e-01 5.5600000000000000e+03 8.9315650939941406e+01
-9.9981790781021118e-01 1.3308668509125710e-02 1.3676174916327000e-02 1.5372844934463501e+00 -9.9953210353851318e-01 -2.9218392446637154e-02 -9.0524964034557343e-03 1.5780228376388550e+00 1.3530000000000000e+03 2.1394308471679688e+02
9.9955564737319946e-01 -2.9550237581133842e-02 3.9156600832939148e-03 8.9478188753128052e-01 9.9970942735671997e-01 -1.1349292472004890e-02 -2.1264521405100822e-02 9.3108034133911133e-01 5.4530000000000000e+03 8.8746009826660156e+01
-9.9961239099502563e-01 1.6696143895387650e-02 2.2276369854807854e-02 1.5306937694549561e+00 -9.9984544515609741e-01 -1.5112249180674553e-02 -8.9871725067496300e-03 1.6124289035797119e+00 1.8170000000000000e+03 2.0746119689941406e+02
9.9963212013244629e-01 -2.7031818404793739e-02 2.2169651929289103e-03 9.0524619817733765e-01 9.9971067905426025e-01 -6.4674150198698044e-03 -2.3168241605162621e-02 9.3851923942565918e-01 4.9460000000000000e+03 8.9650016784667969e+01
-9.9941325187683105e-01 3.1816534698009491e-02 1.2680889107286930e-02 1.5518224239349365e+00 -9.9928957223892212e-01 -3.5394910722970963e-02 -1.2946412898600101e-02 1.6008330583572388e+00 2.4500000000000000e+03 2.0172080993652344e+02
9.9961352348327637e-01 -2.7755845338106155e-02 -1.5790897887200117e-03 9.0813779830932617e-01 9.9967455863952637e-01 -7.9162148758769035e-03 -2.4253195151686668e-02 9.3538087606430054e-01 5.1180000000000000e+03 8.8365959167480469e+01
-9.9948829412460327e-01 2.0574685186147690e-02 2.4491639807820320e-02 1.5194776058197021e+00 -9.9909955263137817e-01 -3.5973824560642242e-02 -2.2494163364171982e-02 1.6525539159774780e+00 1.8520000000000000e+03 1.9682127380371094e+02
9.9955391883850098e-01 -2.9765093699097633e-02 -2.4302867241203785e-03 9.0596610307693481e-01 9.9968659877777100e-01 -1.1051611043512821e-02 -2.2461336106061935e-02 9.3006294965744019e-01 4.2840000000000000e+03 8.3243476867675781e+01
-9.9963521957397461e-01 4.5629679225385189e-03 2.6619305834174156e-02 1.5137578248977661e+00 -9.9951916933059692e-01 -3.0470846220850945e-02 5.7449680753052235e-03 1.5769188404083252e+00 1.7150000000000000e+03 2.0802273559570312e+02
1.1870361864566803e-02 7.5733667612075806e-01 -6.5291672945022583e-01 1.3096719980239868e+00 8.2439919933676720e-03 3.0325971543788910e-02 -9.9950599670410156e-01 1.2741241455078125e+00 6.9330000000000000e+03 1.6776835632324219e+02
2.6631774380803108e-03 9.3002903461456299e-01 -3.6747637391090393e-01 1.8941670656204224e+00 3.6195297725498676e-03 3.3910113573074341e-01 -9.4074302911758423e-01 1.8839584589004517e+00 2.4050000000000000e+03 1.7632191467285156e+02
1.7096146941184998e-02 9.8282802104949951e-01 -1.8372988700866699e-01 1.0984369516372681e+00 9.5860250294208527e-03 5.1261520385742188e-01 -8.5856503248214722e-01 1.2303553819656372e+00 1.2190000000000000e+03 1.7299270629882812e+02
7.8509695827960968e-02 5.0424957275390625e-01 -8.5998183488845825e-01 8.1880265474319458e-01 1.0002790391445160e-01 -1.7832660675048828e-01 -9.7887390851974487e-01 8.0681246519088745e-01 1.0560000000000000e+03 9.8711174011230469e+01
9.9946641921997070e-01 -2.9355691745877266e-02 -1.4322225935757160e-02 3.6854764819145203e-01 9.9988806247711182e-01 -1.1736143380403519e-02 -9.2778913676738739e-03 3.6253559589385986e-01 1.0600000000000000e+03 1.2165377044677734e+02
-3.6513190716505051e-02 5.2481001615524292e-01 -8.5043585300445557e-01 2.7764770984649658e+00 -1.2615287676453590e-02 -2.5561475753784180e-01 -9.6669638156890869e-01 2.7016651630401611e+00 3.3980000000000000e+03 1.8573048400878906e+02
2.2993028163909912e-02 -1.5752676129341125e-01 -9.8724693059921265e-01 1.8880870342254639e+00 2.5666004512459040e-03 -8.4340554475784302e-01 -5.3727132081985474e-01 1.8636378049850464e+00 4.0500000000000000e+03 2.0075061035156250e+02
1.7916930839419365e-02 3.6004805564880371e-01 -9.3276172876358032e-01 1.7632957696914673e+00 2.3255705833435059e-02 -3.5002362728118896e-01 -9.3645215034484863e-01 1.7663902044296265e+00 4.5440000000000000e+03 1.4773040771484375e+02
-6.3481240067631006e-04 2.9655757546424866e-01 -9.5501476526260376e-01 1.8389071226119995e+00 2.3255705833435059e-02 -3.5002362728118896e-01 -9.3645215034484863e-01 1.7663902044296265e+00 1.6490000000000000e+03 1.4261302185058594e+02
-1.6499057412147522e-02 -6.4750409126281738e-01 -7.6188331842422485e-01 1.0993884801864624e+00 -1.1178221553564072e-02 -9.9825882911682129e-01 -5.7916641235351562e-02 1.1450870037078857e+00 1.3300000000000000e+03 2.2108346557617188e+02
9.9953305721282959e-01 -2.9828736558556557e-02 6.6265538334846497e-03 9.1266423463821411e-01 9.9996340274810791e-01 -5.3817839361727238e-03 -6.6473111510276794e-03 9.1297340393066406e-01 3.2380000000000000e+03 8.5009582519531250e+01
9.9967205524444580e-01 -2.4151869118213654e-02 8.5031185299158096e-03 9.0033304691314697e-01 9.9973881244659424e-01 -9.2907240614295006e-03 -2.0877720788121223e-02 9.3429744243621826e-01 1.9490000000000000e+03 8.4923538208007812e+01
2.4378754198551178e-02 7.7701854705810547e-01 -6.2900555133819580e-01 1.1284903287887573e+00 1.1464575305581093e-02 7.7752411365509033e-02 -9.9690681695938110e-01 1.1185833215713501e+00 7.3340000000000000e+03 1.6215544128417969e+02
-2.9294183477759361e-03 4.1580457240343094e-02 -9.9913084506988525e-01 2.0309946537017822e+00 -3.9718756452202797e-03 -6.7592883110046387e-01 -7.3695629835128784e-01 2.0444161891937256e+00 4.5250000000000000e+03 1.9266850280761719e+02
1.5393341891467571e-03 -6.1148688197135925e-02 -9.9812740087509155e-01 2.0659842491149902e+00 -7.8008724376559258e-03 -7.5084310770034790e-01 -6.6043454408645630e-01 2.1024515628814697e+00 4.4960000000000000e+03 1.9566459655761719e+02
-4.8022307455539703e-03 -1.6589474678039551e-01 -9.8613172769546509e-01 2.0900740623474121e+00 -7.1721472777426243e-03 -8.2114958763122559e-01 -5.7066780328750610e-01 2.1109070777893066e+00 3.3170000000000000e+03 2.0288392639160156e+02
9.9952650070190430e-01 -2.8378127142786980e-02 -1.1892659589648247e-02 9.3664228916168213e-01 9.9987304210662842e-01 -6.1636781319975853e-03 -1.4696949161589146e-02 9.2179393768310547e-01 1.7010000000000000e+03 7.1061424255371094e+01
9.9977254867553711e-01 -2.1331662312150002e-02 -2.3480993695557117e-04 9.1396975517272949e-01 9.9954366683959961e-01 -8.9483633637428284e-03 -2.8848901391029358e-02 9.3878763914108276e-01 2.8680000000000000e+03 1.0762622070312500e+02
1.2685423716902733e-03 9.0375161170959473e-01 -4.2805549502372742e-01 1.4316816329956055e+00 1.0570775484666228e-03 2.8955757617950439e-01 -9.5716011524200439e-01 1.3839774131774902e+00 3.6800000000000000e+03 1.7691413879394531e+02
1.3831916730850935e-03 7.5855720043182373e-01 -6.5160495042800903e-01 1.4954918622970581e+00 9.4713196158409119e-03 6.4288787543773651e-02 -9.9788635969161987e-01 1.4574959278106689e+00 5.5050000000000000e+03 1.6515653991699219e+02
9.9961650371551514e-01 -2.6359990239143372e-02 -8.4777828305959702e-03 9.1196626424789429e-01 9.9951094388961792e-01 -1.3221441768109798e-02 -2.8337214142084122e-02 9.3636816740036011e-01 1.0250000000000000e+03 7.2632637023925781e+01
-1.4575266279280186e-02 -5.9355860948562622e-01 -8.0465877056121826e-01 7.9145288467407227e-01 6.9216109113767743e-04 -9.9223989248275757e-01 -1.2433716654777527e-01 8.4023189544677734e-01 3.2680000000000000e+03 1.9999540710449219e+02
9.9925786256790161e-01 -3.8491860032081604e-02 1.4356597093865275e-03 9.0737652778625488e-01 9.9991369247436523e-01 -9.5452778041362762e-03 -9.0257050469517708e-03 9.1507506370544434e-01 1.4900000000000000e+03 7.4175903320312500e+01
9.9963432550430298e-01 -2.5962185114622116e-02 7.5587877072393894e-03 9.0142697095870972e-01 9.9989491701126099e-01 -7.2567728348076344e-03 -1.2545634992420673e-02 9.1717737913131714e-01 1.4540000000000000e+03 7.4707267761230469e+01
9.9942278861999512e-01 -3.3600986003875732e-02 4.9961665645241737e-03 8.9588338136672974e-01 9.9972271919250488e-01 -8.6091281846165657e-03 -2.1918963640928268e-02 9.2643296718597412e-01 1.7340000000000000e+03 7.5000274658203125e+01
9.9928963184356689e-01 -3.5789806395769119e-02 1.1811268515884876e-02 8.9050465822219849e-01 9.9980914592742920e-01 -7.7716079540550709e-03 -1.7922112718224525e-02 9.2670953273773193e-01 1.3610000000000000e+03 7.5679466247558594e+01
9.9937373399734497e-01 -3.4955266863107681e-02 5.4986076429486275e-03 8.9756762981414795e-01 9.9977445602416992e-01 -6.0174604877829552e-03 -2.0363658666610718e-02 9.2819529771804810e-01 2.3820000000000000e+03 7.6831245422363281e+01
9.9976307153701782e-01 -2.0047880709171295e-02 -8.4711853414773941e-03 9.0748292207717896e-01 9.9924969673156738e-01 -5.8103143237531185e-03 -3.8295030593872070e-02 9.2856949567794800e-01 2.9340000000000000e+03 8.4874549865722656e+01
-7.1189566515386105e-03 9.6895778179168701e-01 -2.4712358415126801e-01 2.1879575252532959e+00 -5.0669121555984020e-03 4.6500054001808167e-01 -8.8529586791992188e-01 2.1795291900634766e+00 1.2930000000000000e+03 1.8130935668945312e+02
1.8739920109510422e-02 7.7633082866668701e-01 -6.3004696369171143e-01 1.0633716583251953e+00 1.9326319918036461e-02 9.6261881291866302e-02 -9.9516832828521729e-01 1.0282742977142334e+00 1.2642000000000000e+04 1.5144802856445312e+02
1.8302248790860176e-02 7.0065677165985107e-01 -7.1326369047164917e-01 1.1418724060058594e+00 1.0901363566517830e-02 1.1299870908260345e-02 -9.9987673759460449e-01 1.0933527946472168e+00 6.5710000000000000e+03 1.3723362731933594e+02
1.7559850588440895e-02 6.9377094507217407e-01 -7.1998161077499390e-01 9.6357148885726929e-01 1.2789209373295307e-02 1.1237874627113342e-02 -9.9985510110855103e-01 9.2761236429214478e-01 7.4250000000000000e+03 1.6899569702148438e+02
2.0618177950382233e-03 5.8728218078613281e-01 -8.0937963724136353e-01 1.4953773021697998e+00 9.4396965578198433e-03 -1.2638832628726959e-01 -9.9193596839904785e-01 1.4626058340072632e+00 5.6230000000000000e+03 1.5500953674316406e+02
-6.8397290306165814e-05 5.2874422073364258e-01 -8.4878116846084595e-01 2.3422074317932129e+00 1.6273248940706253e-02 -2.0613473653793335e-01 -9.7838830947875977e-01 2.2808985710144043e+00 1.6240000000000000e+03 1.4137097167968750e+02
3.0355513095855713e-02 4.7618955373764038e-01 -8.7881857156753540e-01 1.1980144977569580e+00 5.5800143629312515e-02 -2.1747937798500061e-01 -9.7446870803833008e-01 1.1348088979721069e+00 1.2280000000000000e+03 1.8548008728027344e+02
9.9959754943847656e-01 -2.7969358488917351e-02 4.7323284670710564e-03 8.9750826358795166e-01 9.9996227025985718e-01 -6.9531924091279507e-03 -5.2008093334734440e-03 8.9592289924621582e-01 1.9550000000000000e+03 8.5124824523925781e+01
-1.7265381291508675e-02 5.4121428728103638e-01 -8.4070748090744019e-01 3.1810815334320068e+00 -1.0602558031678200e-03 -2.2449883818626404e-01 -9.7447383403778076e-01 3.0367889404296875e+00 5.0380000000000000e+03 1.8562861633300781e+02
9.9965602159500122e-01 -2.5567809119820595e-02 5.8515025302767754e-03 8.9522355794906616e-01 9.9980473518371582e-01 -7.8463777899742126e-03 -1.8138408660888672e-02 9.1461366415023804e-01 4.0300000000000000e+03 8.7016876220703125e+01
-9.9998772144317627e-01 1.5278904465958476e-03 4.7272634692490101e-03 1.5606114864349365e+00 -9.9897688627243042e-01 -4.4041916728019714e-02 -1.0261229239404202e-02 1.6326200962066650e+00 1.0300000000000000e+03 2.0428860473632812e+02
9.9959146976470947e-01 -2.8536293655633926e-02 1.6338523710146546e-03 8.9857918024063110e-01 9.9969917535781860e-01 -1.0196783579885960e-02 -2.2308811545372009e-02 9.2057007551193237e-01 4.7000000000000000e+03 8.8933685302734375e+01
-9.9992752075195312e-01 4.0559116750955582e-03 1.1335971765220165e-02 1.5374251604080200e+00 -9.9931836128234863e-01 -3.4339386969804764e-02 1.3551816344261169e-02 1.5558888912200928e+00 1.5820000000000000e+03 2.0476864624023438e+02
9.9960917234420776e-01 -2.7958421036601067e-02 -3.1713527278043330e-05 9.0555036067962646e-01 9.9973052740097046e-01 -7.2522615082561970e-03 -2.2052541375160217e-02 9.2239189147949219e-01 3.8400000000000000e+03 8.8089218139648438e+01
-9.9989038705825806e-01 1.3553792610764503e-02 5.9545068070292473e-03 1.5456449985504150e+00 -9.9909526109695435e-01 -4.2204916477203369e-02 5.2393856458365917e-03 1.5761866569519043e+00 1.7610000000000000e+03 2.0297155761718750e+02
9.9967980384826660e-01 -2.4184947833418846e-02 7.4515962041914463e-03 8.9919865131378174e-01 9.9975186586380005e-01 -3.7009622901678085e-03 -2.1968822926282883e-02 9.2747503519058228e-01 3.9310000000000000e+03 8.6635482788085938e+01
-9.9988073110580444e-01 1.2121885083615780e-02 -9.5684956759214401e-03 1.5771939754486084e+00 -9.9896913766860962e-01 -4.4230196624994278e-02 -1.0215972550213337e-02 1.6191885471343994e+00 2.0920000000000000e+03 1.9775048828125000e+02
9.9970114231109619e-01 -2.3989662528038025e-02 4.7056991606950760e-03 9.0136986970901489e-01 9.9979388713836670e-01 -7.0650894194841385e-03 -1.9035851582884789e-02 9.1793566942214966e-01 3.5240000000000000e+03 8.2682296752929688e+01
9.9947625398635864e-01 -2.3671217262744904e-02 2.2065507248044014e-02 8.7010759115219116e-01 9.9977177381515503e-01 -3.0018573161214590e-03 -2.1150067448616028e-02 9.2274987697601318e-01 2.1590000000000000e+03 8.4279891967773438e+01
9.9935400485992432e-01 -2.0360335707664490e-02 2.9615705832839012e-02 8.6041367053985596e-01 9.9977922439575195e-01 -1.1462119873613119e-03 -2.0982995629310608e-02 9.2377889156341553e-01 1.5640000000000000e+03 8.2737304687500000e+01
1.1272061616182327e-02 -2.4790611118078232e-02 -9.9962913990020752e-01 1.2285954952239990e+00 1.0966663248836994e-02 -6.9657969474792480e-01 -7.1739566326141357e-01 1.2057677507400513e+00 7.6110000000000000e+03 1.6033386230468750e+02
1.3641060329973698e-02 -3.4616399556398392e-02 -9.9930751323699951e-01 1.1296228170394897e+00 1.8266480416059494e-02 -7.1175986528396606e-01 -7.0218527317047119e-01 1.2063329219818115e+00 8.1800000000000000e+03 1.4764633178710938e+02
1.0921101085841656e-02 -1.9628198444843292e-01 -9.8048657178878784e-01 1.1423101425170898e+00 1.9972745329141617e-02 -8.3658432960510254e-01 -5.4747396707534790e-01 1.1801176071166992e+00 7.0980000000000000e+03 1.6946801757812500e+02
1.0921101085841656e-02 -1.9628198444843292e-01 -9.8048657178878784e-01 1.1423101425170898e+00 1.7467163503170013e-02 -8.1942516565322876e-01 -5.7291996479034424e-01 1.3311933279037476e+00 2.6980000000000000e+03 1.5134729003906250e+02
9.9975395202636719e-01 -1.5915432944893837e-02 1.5450358390808105e-02 9.0060108900070190e-01 9.9988025426864624e-01 -1.9516303436830640e-03 -1.5346623957157135e-02 9.2263352870941162e-01 1.4280000000000000e+03 8.9055747985839844e+01
6.4848922193050385e-03 7.8309005498886108e-01 -6.2187451124191284e-01 9.9642628431320190e-01 1.8018301576375961e-02 1.0668446123600006e-01 -9.9412965774536133e-01 9.6499848365783691e-01 1.0197000000000000e+04 1.5955358886718750e+02
1.0714201256632805e-02 6.4383572340011597e-01 -7.6508873701095581e-01 1.3497904539108276e+00 1.8276046961545944e-02 -6.3003726303577423e-02 -9.9784594774246216e-01 1.3038445711135864e+00 1.1111000000000000e+04 1.5777976989746094e+02
4.9143820069730282e-03 -3.9970550686120987e-02 -9.9918878078460693e-01 7.4563997983932495e-01 1.2272496707737446e-02 -7.7582114934921265e-01 -6.3083350658416748e-01 7.4753338098526001e-01 7.2820000000000000e+03 1.5784339904785156e+02
9.9892675876617432e-01 -4.6315342187881470e-02 -4.9564283108338714e-04 9.1509222984313965e-01 9.9970769882202148e-01 -2.2685948759317398e-02 -8.3709191530942917e-03 9.2513322830200195e-01 1.3380000000000000e+03 1.2687966918945312e+02
1.0169815272092819e-02 -1.2748305499553680e-01 -9.9178856611251831e-01 1.0385612249374390e+00 1.7807647585868835e-02 -7.9186403751373291e-01 -6.1043769121170044e-01 1.0733598470687866e+00 3.6800000000000000e+03 1.3779829406738281e+02
1.0169815272092819e-02 -1.2748305499553680e-01 -9.9178856611251831e-01 1.0385612249374390e+00 1.9124155864119530e-02 -7.7170717716217041e-01 -6.3569045066833496e-01 1.1020600795745850e+00 5.0530000000000000e+03 1.7568374633789062e+02
-1.5638561453670263e-03 5.1853730110451579e-04 -9.9999862909317017e-01 9.9236220121383667e-01 1.7807647585868835e-02 -7.9186403751373291e-01 -6.1043769121170044e-01 1.0733598470687866e+00 1.2350000000000000e+03 1.4434736633300781e+02
-1.5638561453670263e-03 5.1853730110451579e-04 -9.9999862909317017e-01 9.9236220121383667e-01 1.9124155864119530e-02 -7.7170717716217041e-01 -6.3569045066833496e-01 1.1020600795745850e+00 1.2350000000000000e+03 1.7568374633789062e+02
4.3786554597318172e-03 -3.6434179544448853e-01 -9.3125492334365845e-01 9.9906522035598755e-01 1.0341847315430641e-02 -9.2930430173873901e-01 -3.6917021870613098e-01 1.0499417781829834e+00 7.2000000000000000e+03 1.7080416870117188e+02
9.9984097480773926e-01 -1.6822481527924538e-02 5.9238411486148834e-03 9.0789651870727539e-01 9.9965089559555054e-01 -5.2403425797820091e-03 -2.5896957144141197e-02 9.2755693197250366e-01 1.9130000000000000e+03 9.6941856384277344e+01
9.9964314699172974e-01 -2.6128636673092842e-02 5.5586439557373524e-03 9.0825027227401733e-01 9.9975019693374634e-01 -9.2291319742798805e-03 -2.0357254892587662e-02 9.3051505088806152e-01 2.4400000000000000e+03 9.2852531433105469e+01
1.3859295286238194e-03 5.7888561487197876e-01 -8.1540757417678833e-01 9.2917567491531372e-01 3.1924439826980233e-04 -1.2660731375217438e-01 -9.9195283651351929e-01 9.1086667776107788e-01 1.0266000000000000e+04 1.5897555541992188e+02
1.4663203619420528e-03 3.0582973361015320e-01 -9.5208507776260376e-01 1.1667517423629761e+00 2.4505744222551584e-03 -3.8931962847709656e-01 -9.2109942436218262e-01 1.1777063608169556e+00 7.4720000000000000e+03 1.6924906921386719e+02
6.1303871916607022e-04 3.0678993463516235e-01 -9.5177698135375977e-01 1.1658412218093872e+00 3.6944467574357986e-03 -3.8936409354209900e-01 -9.2107653617858887e-01 1.1760516166687012e+00 7.4740000000000000e+03 1.6848916625976562e+02
1.4924188144505024e-03 3.0865064263343811e-01 -9.5117419958114624e-01 1.1658419370651245e+00 4.6208975836634636e-03 -3.8341930508613586e-01 -9.2356282472610474e-01 1.1778107881546021e+00 7.5220000000000000e+03 1.6879367065429688e+02
1.9388672662898898e-03 3.0852043628692627e-01 -9.5121568441390991e-01 1.1659505367279053e+00 4.6375803649425507e-03 -3.8324272632598877e-01 -9.2363601922988892e-01 1.1779677867889404e+00 7.5100000000000000e+03 1.6875299072265625e+02
9.7461533732712269e-04 3.0722922086715698e-01 -9.5163506269454956e-01 1.1665599346160889e+00 8.0307004973292351e-03 -4.0707042813301086e-01 -9.1336148977279663e-01 1.1729910373687744e+00 7.2850000000000000e+03 1.6803198242187500e+02
1.3395199785009027e-03 3.1360164284706116e-01 -9.4955372810363770e-01 1.1654841899871826e+00 4.0963427163660526e-03 -3.9065077900886536e-01 -9.2052978277206421e-01 1.1728320121765137e+00 7.6220000000000000e+03 1.6805050659179688e+02
-4.8778005293570459e-04 3.6041152477264404e-01 -9.3279325962066650e-01 1.1327904462814331e+00 4.3618585914373398e-03 -3.4573376178741455e-01 -9.3832242488861084e-01 1.1328854560852051e+00 7.4550000000000000e+03 1.7186076354980469e+02
4.4772662222385406e-03 8.4838628768920898e-02 -9.9638462066650391e-01 7.0276653766632080e-01 2.1421907469630241e-02 -6.8493843078613281e-01 -7.2828596830368042e-01 8.1866520643234253e-01 1.8380000000000000e+03 1.6449429321289062e+02
1.3086656108498573e-03 -6.3439919613301754e-03 -9.9997907876968384e-01 7.6616793870925903e-01 2.1740773692727089e-02 -7.9528045654296875e-01 -6.0585182905197144e-01 8.8656067848205566e-01 1.3790000000000000e+03 1.7672441101074219e+02
5.6840568780899048e-02 -3.7563227117061615e-02 -9.9767631292343140e-01 8.0667859315872192e-01 2.1740773692727089e-02 -7.9528045654296875e-01 -6.0585182905197144e-01 8.8656067848205566e-01 1.5170000000000000e+03 1.7672441101074219e+02
-1.4323949813842773e-02 2.5013208389282227e-01 -9.6810567378997803e-01 1.9566690921783447e+00 -9.6363425254821777e-03 -5.0287163257598877e-01 -8.6430740356445312e-01 1.9396442174911499e+00 2.7960000000000000e+03 1.7801850891113281e+02
9.9950236082077026e-01 -2.9819784685969353e-02 1.0283979587256908e-02 8.9167749881744385e-01 9.9973785877227783e-01 -1.2168991379439831e-02 -1.9395533949136734e-02 9.2743015289306641e-01 2.6230000000000000e+03 7.4785995483398438e+01
9.9949902296066284e-01 -3.1648177653551102e-02 -4.2982702143490314e-04 9.0829181671142578e-01 9.9969911575317383e-01 -1.5365135855972767e-02 -1.9121805205941200e-02 9.1468596458435059e-01 1.0430000000000000e+03 9.4096832275390625e+01
9.9961465597152710e-01 -2.7135564014315605e-02 5.8365892618894577e-03 8.9291113615036011e-01 9.9965757131576538e-01 -8.6038755252957344e-03 -2.4710936471819878e-02 9.2325532436370850e-01 2.0840000000000000e+03 9.0046066284179688e+01
9.9966138601303101e-01 -2.5791337713599205e-02 3.4468783996999264e-03 8.9427787065505981e-01 9.9964874982833862e-01 -8.3015020936727524e-03 -2.5171251967549324e-02 9.2514985799789429e-01 3.1430000000000000e+03 8.2090995788574219e+01
9.9961614608764648e-01 -2.7679761871695518e-02 -1.2073682155460119e-03 9.0607589483261108e-01 9.9979752302169800e-01 -7.9965740442276001e-03 -1.8467366695404053e-02 9.1588151454925537e-01 3.4790000000000000e+03 8.2206954956054688e+01
9.9960613250732422e-01 -2.8060397133231163e-02 4.3955890578217804e-04 8.9630699157714844e-01 9.9971359968185425e-01 -1.0032336227595806e-02 -2.1727871149778366e-02 9.1771668195724487e-01 3.8890000000000000e+03 8.8296478271484375e+01
9.9961692094802856e-01 -2.7583835646510124e-02 -2.2664987482130527e-03 9.0352725982666016e-01 9.9971514940261841e-01 -8.1332102417945862e-03 -2.2439727559685707e-02 9.1696566343307495e-01 4.2020000000000000e+03 8.6409484863281250e+01
-9.9968844652175903e-01 9.0012904256582260e-03 2.3281672969460487e-02 1.5436285734176636e+00 -9.9969869852066040e-01 -2.2477259859442711e-02 9.8708895966410637e-03 1.5925536155700684e+00 1.0800000000000000e+03 2.1908703613281250e+02
9.9958997964859009e-01 -2.8561141341924667e-02 -1.9877436570823193e-03 9.0332704782485962e-01 9.9973499774932861e-01 -9.6358060836791992e-03 -2.0905777812004089e-02 9.1718626022338867e-01 4.1630000000000000e+03 8.6227676391601562e+01
-9.9966597557067871e-01 4.4833035208284855e-03 2.5451350957155228e-02 1.5330158472061157e+00 -9.9952685832977295e-01 -3.0708933249115944e-02 -1.7227688804268837e-03 1.6185832023620605e+00 1.3760000000000000e+03 2.1046801757812500e+02
9.9959123134613037e-01 -2.8522586449980736e-02 -1.9623350817710161e-03 9.0392529964447021e-01 9.9974513053894043e-01 -9.6204224973917007e-03 -2.0423566922545433e-02 9.1654652357101440e-01 3.4100000000000000e+03 8.3136299133300781e+01
-9.9988132715225220e-01 9.7433952614665031e-03 1.1927126906812191e-02 1.5618352890014648e+00 -9.9945747852325439e-01 -2.9034897685050964e-02 1.5553734265267849e-02 1.5655881166458130e+00 1.6580000000000000e+03 2.0114012145996094e+02
9.9968719482421875e-01 -2.5005457922816277e-02 4.0448299841955304e-04 8.9506077766418457e-01 9.9970185756683350e-01 -1.2555052526295185e-02 -2.0941499620676041e-02 9.1500854492187500e-01 1.3640000000000000e+03 8.6198745727539062e+01
-9.9969172477722168e-01 1.0383645072579384e-02 2.2552259266376495e-02 1.5263952016830444e+00 -9.9957805871963501e-01 -2.4701250717043877e-02 1.5277032740414143e-02 1.5655306577682495e+00 1.4990000000000000e+03 2.0217034912109375e+02
2.1998919546604156e-02 8.6299771070480347e-01 -5.0472861528396606e-01 1.1472613811492920e+00 1.1171949096024036e-02 2.2043159604072571e-01 -9.7533845901489258e-01 1.1330025196075439e+00 5.4440000000000000e+03 1.5520747375488281e+02
-8.6047993972897530e-03 -1.5327358245849609e-01 -9.8814630508422852e-01 2.0822300910949707e+00 -1.0566693730652332e-02 -8.0725455284118652e-01 -5.9010887145996094e-01 2.1226720809936523e+00 1.9310000000000000e+03 2.1698446655273438e+02
9.9946480989456177e-01 -2.9751325026154518e-02 1.3603025116026402e-02 8.8726127147674561e-01 9.9967825412750244e-01 -1.8995074788108468e-03 -2.5291837751865387e-02 9.2799586057662964e-01 1.0770000000000000e+03 9.1870941162109375e+01
8.5448035970330238e-03 5.8448302745819092e-01 -8.1136089563369751e-01 1.6494959592819214e+00 1.3552830554544926e-02 -1.4277644455432892e-01 -9.8966211080551147e-01 1.6179995536804199e+00 7.0220000000000000e+03 1.7518840026855469e+02
-2.1183101460337639e-02 -4.6615311503410339e-01 -8.8445043563842773e-01 9.0560871362686157e-01 1.4550971100106835e-03 -9.6165382862091064e-01 -2.7426239848136902e-01 9.4582259654998779e-01 4.4570000000000000e+03 1.9395782470703125e+02
9.9950146675109863e-01 -3.0741987749934196e-02 7.1927020326256752e-03 8.8160860538482666e-01 9.9963718652725220e-01 -1.9469419494271278e-02 -1.8615448847413063e-02 9.1624379158020020e-01 2.4780000000000000e+03 9.9165863037109375e+01
9.9947565793991089e-01 -3.1009649857878685e-02 9.3171596527099609e-03 8.8476043939590454e-01 9.9970823526382446e-01 -1.1742354370653629e-02 -2.1106859669089317e-02 9.2365694046020508e-01 1.8590000000000000e+03 7.2338188171386719e+01
3.8418613839894533e-03 3.2953506708145142e-01 -9.4413560628890991e-01 1.8129518032073975e+00 1.1821232736110687e-02 -3.5022526979446411e-01 -9.3659096956253052e-01 1.8057411909103394e+00 5.7360000000000000e+03 1.7936122131347656e+02
-1.8288055434823036e-02 6.5212380886077881e-01 -7.5789189338684082e-01 2.6505014896392822e+00 8.1912763416767120e-03 -4.7443374991416931e-02 -9.9884033203125000e-01 2.5313925743103027e+00 3.9450000000000000e+03 1.6957769775390625e+02
-1.7714716494083405e-02 6.3263112306594849e-01 -7.7425062656402588e-01 3.0921132564544678e+00 -1.5999175957404077e-04 -1.2777893245220184e-01 -9.9180263280868530e-01 2.9397487640380859e+00 4.1690000000000000e+03 1.8951162719726562e+02
9.9961388111114502e-01 -2.6941858232021332e-02 6.8067214451730251e-03 8.9212971925735474e-01 9.9974888563156128e-01 -7.9820547252893448e-03 -2.0936863496899605e-02 9.2043405771255493e-01 3.6070000000000000e+03 8.7254501342773438e+01
9.9955505132675171e-01 -2.8830360621213913e-02 7.6605929061770439e-03 8.8434386253356934e-01 9.9968016147613525e-01 -1.3174458406865597e-02 -2.1587111055850983e-02 9.2120230197906494e-01 4.8220000000000000e+03 8.5959861755371094e+01
-9.9977123737335205e-01 1.3208238407969475e-02 -1.6826923936605453e-02 1.6556450128555298e+00 -9.9940937757492065e-01 -3.1776037067174911e-02 -1.3084537349641323e-02 1.6265394687652588e+00 1.8930000000000000e+03 2.0217614746093750e+02
