-3.1450625509023666e-02 -1.0772890597581863e-01 -9.9368268251419067e-01 8.0471509695053101e-01 2.0227059721946716e-02 -8.5339939594268799e-01 -5.2086484432220459e-01 8.3397364616394043e-01 1.5460000000000000e+03 1.2086675262451172e+02
4.7858498990535736e-02 3.7894284725189209e-01 -9.2418169975280762e-01 1.9557855129241943e+00 5.9970051050186157e-02 -3.7374371290206909e-01 -9.2559134960174561e-01 1.8591246604919434e+00 2.5810000000000000e+03 1.2493296813964844e+02
2.0954471081495285e-02 3.6386114358901978e-01 -9.3121743202209473e-01 2.5504593849182129e+00 2.5479272007942200e-02 -3.4934741258621216e-01 -9.3664681911468506e-01 2.3864774703979492e+00 3.2790000000000000e+03 2.0106922912597656e+02
3.4699544310569763e-02 7.3767328262329102e-01 -6.7426550388336182e-01 1.3892430067062378e+00 3.7477944046258926e-02 -1.2314257910475135e-03 -9.9929678440093994e-01 1.3605791330337524e+00 2.1410000000000000e+03 1.0636454010009766e+02
3.1704083085060120e-02 -6.0203325748443604e-01 -7.9784137010574341e-01 7.1241706609725952e-01 3.2316178083419800e-02 -9.9439692497253418e-01 -1.0065061599016190e-01 6.9450449943542480e-01 1.4640000000000000e+03 1.3304986572265625e+02
-4.4469945132732391e-02 -5.8512991666793823e-01 -8.0971932411193848e-01 6.8943530321121216e-01 3.2316178083419800e-02 -9.9439692497253418e-01 -1.0065061599016190e-01 6.9450449943542480e-01 1.4640000000000000e+03 1.3304986572265625e+02
4.0704365819692612e-02 5.1663558930158615e-02 -9.9783474206924438e-01 8.2148575782775879e-01 3.6050360649824142e-02 -6.6476315259933472e-01 -7.4618375301361084e-01 7.6966595649719238e-01 1.6494000000000000e+04 1.3829380798339844e+02
9.9988031387329102e-01 1.0548202320933342e-02 1.1319353245198727e-02 1.1829080581665039e+00 9.9996680021286011e-01 -2.7086231857538223e-03 -7.6913353987038136e-03 1.1238272190093994e+00 2.0070000000000000e+03 8.2688789367675781e+01
9.9998229742050171e-01 -7.4871489778161049e-04 5.9190224856138229e-03 1.1771341562271118e+00 9.9987518787384033e-01 -9.8329670727252960e-03 -1.2361500412225723e-02 1.1288793087005615e+00 1.3720000000000000e+03 1.1187026214599609e+02
9.9995887279510498e-01 7.7990274876356125e-03 -4.6218405477702618e-03 1.1811727285385132e+00 9.9933272600173950e-01 -6.8426541984081268e-03 -3.5876840353012085e-02 1.1697218418121338e+00 1.3940000000000000e+03 8.7204307556152344e+01
9.9963426589965820e-01 2.1057529374957085e-02 1.6972681507468224e-02 1.1763372421264648e+00 9.9995136260986328e-01 -8.4486845880746841e-03 -5.0978679209947586e-03 1.1236721277236938e+00 1.1520000000000000e+03 1.0132109832763672e+02
1.9933480769395828e-02 -2.2874289751052856e-01 -9.7328275442123413e-01 1.5126056671142578e+00 8.2437358796596527e-03 -8.5188281536102295e-01 -5.2366757392883301e-01 1.4768563508987427e+00 6.2570000000000000e+03 1.8213417053222656e+02
1.4574547298252583e-02 3.6896577477455139e-01 -9.2932868003845215e-01 1.2050268650054932e+00 -2.9522876720875502e-03 -3.2361209392547607e-01 -9.4618523120880127e-01 1.1696621179580688e+00 3.7890000000000000e+03 1.7869648742675781e+02
9.5508404076099396e-02 2.4208441376686096e-01 -9.6554309129714966e-01 4.9724894762039185e-01 4.4296175241470337e-02 -4.4150266051292419e-01 -8.9616590738296509e-01 5.2061790227890015e-01 2.6270000000000000e+03 2.0924819946289062e+02
-3.0273240059614182e-02 5.7729363441467285e-01 -8.1597524881362915e-01 2.6606569290161133e+00 -1.0143539868295193e-02 -4.0799338370561600e-02 -9.9911594390869141e-01 2.5399286746978760e+00 2.1030000000000000e+03 1.5209986877441406e+02
6.5542249940335751e-03 -7.7460058033466339e-02 -9.9697381258010864e-01 2.2001669406890869e+00 -1.5827408060431480e-02 -7.6021236181259155e-01 -6.4948189258575439e-01 2.1027171611785889e+00 2.4440000000000000e+03 2.0390261840820312e+02
-8.6185550317168236e-03 7.6353973709046841e-03 -9.9993377923965454e-01 2.2406318187713623e+00 -1.5827408060431480e-02 -7.6021236181259155e-01 -6.4948189258575439e-01 2.1027171611785889e+00 1.1680000000000000e+03 2.0390261840820312e+02
3.7240702658891678e-02 4.0245074033737183e-01 -9.1468381881713867e-01 1.0985587835311890e+00 9.1647990047931671e-03 -4.6925675868988037e-01 -8.8301414251327515e-01 1.0592588186264038e+00 2.0830000000000000e+03 1.3578300476074219e+02
2.4243405088782310e-02 1.9791226089000702e-01 -9.7991985082626343e-01 1.1607607603073120e+00 9.1647990047931671e-03 -4.6925675868988037e-01 -8.8301414251327515e-01 1.0592588186264038e+00 4.2860000000000000e+03 1.8012878417968750e+02
3.5011719912290573e-02 1.5779146552085876e-01 -9.8685157299041748e-01 5.8075368404388428e-01 2.6035567745566368e-02 -5.7804888486862183e-01 -8.1558674573898315e-01 5.8808028697967529e-01 1.4151000000000000e+04 1.4272560119628906e+02
1.3644528575241566e-02 -5.0572794675827026e-01 -8.6258512735366821e-01 7.3162108659744263e-01 1.0873034596443176e-02 -9.6624547243118286e-01 -2.5739365816116333e-01 7.5588136911392212e-01 3.3050000000000000e+03 1.7991316223144531e+02
-2.1661099046468735e-02 5.2709120512008667e-01 -8.4953266382217407e-01 1.7331079244613647e+00 -8.3173122256994247e-03 -1.2957845628261566e-01 -9.9153429269790649e-01 1.5770274400711060e+00 4.5570000000000000e+03 1.4786437988281250e+02
6.3131980597972870e-02 6.7122757434844971e-01 -7.3855811357498169e-01 2.2958698272705078e+00 4.8548925668001175e-02 -3.0796000733971596e-02 -9.9834591150283813e-01 2.1330027580261230e+00 6.7640000000000000e+03 1.8644041442871094e+02
3.4815300256013870e-02 7.2423934936523438e-01 -6.8866914510726929e-01 1.5804132223129272e+00 3.7902824580669403e-02 1.3551590964198112e-02 -9.9918955564498901e-01 1.4967129230499268e+00 3.9430000000000000e+03 1.8972381591796875e+02
-9.8557138442993164e-01 -7.9940550029277802e-02 -1.4919312298297882e-01 1.9964426755905151e+00 -9.8009860515594482e-01 -1.8783071637153625e-01 -6.4236856997013092e-02 1.8693728446960449e+00 1.9600000000000000e+03 2.0234693908691406e+02
-3.5427186638116837e-02 9.8188972473144531e-01 -1.8611128628253937e-01 1.1471455097198486e+00 -3.9378073066473007e-02 5.3459364175796509e-01 -8.4419131278991699e-01 1.1021089553833008e+00 4.0560000000000000e+03 1.4100582885742188e+02
1.2655968964099884e-01 2.4101936817169189e-01 -9.6223294734954834e-01 1.3881859779357910e+00 1.1902610212564468e-01 -3.8554471731185913e-01 -9.1497975587844849e-01 1.4561396837234497e+00 3.4340000000000000e+03 1.3879037475585938e+02
1.6320200264453888e-01 -4.3840679526329041e-01 -8.8383513689041138e-01 1.2743108272552490e+00 1.6507877409458160e-01 -9.3426668643951416e-01 -3.1606140732765198e-01 1.2804908752441406e+00 4.5140000000000000e+03 1.8081501770019531e+02
1.5610089898109436e-01 -2.4189775809645653e-02 -9.8744481801986694e-01 1.3113811016082764e+00 1.4903455972671509e-01 -6.7659264802932739e-01 -7.2111797332763672e-01 1.3125119209289551e+00 5.3420000000000000e+03 1.7599119567871094e+02
