6.4428716897964478e-02 7.1215611696243286e-01 -6.9905835390090942e-01 1.0180116891860962e+00 1.7923383042216301e-02 -6.6638445854187012e-01 -7.4539291858673096e-01 9.8827022314071655e-01 5.8230000000000000e+03 1.5125125122070312e+02
1.4080381020903587e-02 7.0191675424575806e-01 -7.1211981773376465e-01 8.8004320859909058e-01 3.6050360649824142e-02 -6.6476315259933472e-01 -7.4618375301361084e-01 7.6966595649719238e-01 8.2040000000000000e+03 1.3829380798339844e+02
1.6644055023789406e-02 4.5027995109558105e-01 -8.9273238182067871e-01 6.4579981565475464e-01 3.0921859666705132e-02 -8.6198103427886963e-01 -5.0599664449691772e-01 5.8700060844421387e-01 4.7510000000000000e+03 1.7564849853515625e+02
9.9892306327819824e-01 -4.4653251767158508e-02 1.2606051750481129e-02 1.1664057970046997e+00 9.9995136260986328e-01 -8.4486845880746841e-03 -5.0978679209947586e-03 1.1236721277236938e+00 1.0230000000000000e+03 1.1507820129394531e+02
-7.5489585287868977e-03 6.7745059728622437e-01 -7.3552954196929932e-01 1.2026871442794800e+00 1.8382541835308075e-02 -6.8339532613754272e-01 -7.2981697320938110e-01 1.1701517105102539e+00 8.2950000000000000e+03 1.6415611267089844e+02
-1.9954580813646317e-02 6.7905020713806152e-01 -7.3382055759429932e-01 1.0071146488189697e+00 1.8382541835308075e-02 -6.8339532613754272e-01 -7.2981697320938110e-01 1.1701517105102539e+00 2.3520000000000000e+03 1.6415611267089844e+02
9.9935019016265869e-01 -2.5498820468783379e-02 2.5472413748502731e-02 1.1594008207321167e+00 9.9948531389236450e-01 2.4162018671631813e-02 -2.1104170009493828e-02 1.1611157655715942e+00 2.1450000000000000e+03 9.4875526428222656e+01
-4.0738401003181934e-03 9.2819851636886597e-01 -3.7206298112869263e-01 1.2491254806518555e+00 -2.9522876720875502e-03 -3.2361209392547607e-01 -9.4618523120880127e-01 1.1696621179580688e+00 3.1880000000000000e+03 1.7869648742675781e+02
1.0657949745655060e-01 8.9311921596527100e-01 -4.3701142072677612e-01 5.0583380460739136e-01 4.4296175241470337e-02 -4.4150266051292419e-01 -8.9616590738296509e-01 5.2061790227890015e-01 2.0850000000000000e+03 2.0924819946289062e+02
-3.6196097731590271e-02 5.9141379594802856e-01 -8.0555540323257446e-01 2.2102012634277344e+00 -1.5827408060431480e-02 -7.6021236181259155e-01 -6.4948189258575439e-01 2.1027171611785889e+00 2.4440000000000000e+03 2.0390261840820312e+02
-9.7106611356139183e-03 8.6554461717605591e-01 -5.0073778629302979e-01 1.1368619203567505e+00 9.1647990047931671e-03 -4.6925675868988037e-01 -8.8301414251327515e-01 1.0592588186264038e+00 2.4740000000000000e+03 1.6966612243652344e+02
3.4446171484887600e-03 2.7648434042930603e-01 -9.6101224422454834e-01 6.4716666936874390e-01 3.1661719083786011e-02 -9.2293876409530640e-01 -3.8364258408546448e-01 6.6061496734619141e-01 6.6160000000000000e+03 1.4075559997558594e+02
-1.5174821019172668e-02 1.2855212390422821e-01 -9.9158668518066406e-01 8.9663678407669067e-01 -7.3354197666049004e-03 -9.6536159515380859e-01 -2.6081299781799316e-01 9.3688583374023438e-01 2.2640000000000000e+03 1.8586483764648438e+02
-1.5174821019172668e-02 1.2855212390422821e-01 -9.9158668518066406e-01 8.9663678407669067e-01 1.0873034596443176e-02 -9.6624547243118286e-01 -2.5739365816116333e-01 7.5588136911392212e-01 3.3050000000000000e+03 1.7991316223144531e+02
-9.9133485555648804e-01 2.5165952742099762e-02 -1.2892590463161469e-01 1.9060795307159424e+00 -9.8009860515594482e-01 -1.8783071637153625e-01 -6.4236856997013092e-02 1.8693728446960449e+00 1.2620000000000000e+03 2.1471791076660156e+02
1.2663947045803070e-01 8.5255467891693115e-01 -5.0706321001052856e-01 1.4433467388153076e+00 1.1902610212564468e-01 -3.8554471731185913e-01 -9.1497975587844849e-01 1.4561396837234497e+00 3.4340000000000000e+03 1.4366995239257812e+02
1.4045004546642303e-01 2.3757718503475189e-01 -9.6116113662719727e-01 1.2623592615127563e+00 1.6507877409458160e-01 -9.3426668643951416e-01 -3.1606140732765198e-01 1.2804908752441406e+00 4.5140000000000000e+03 1.8081501770019531e+02
1.4225107431411743e-01 6.6516685485839844e-01 -7.3301959037780762e-01 1.3610470294952393e+00 1.4903455972671509e-01 -6.7659264802932739e-01 -7.2111797332763672e-01 1.3125119209289551e+00 8.5640000000000000e+03 1.5998062133789062e+02
