-6.0866652056574821e-03 9.8072093725204468e-01 -1.9531896710395813e-01 6.2737381458282471e-01 -1.8418576568365097e-02 -3.2431441545486450e-01 -9.4576996564865112e-01 6.8668770790100098e-01 1.0510000000000000e+03 4.8039772033691406e+01
3.6385585553944111e-03 7.0812356472015381e-01 -7.0607918500900269e-01 1.3673907518386841e+00 7.1485422551631927e-02 -6.3928997516632080e-01 -7.6563578844070435e-01 1.2854529619216919e+00 1.1880000000000000e+03 1.7852832031250000e+02
2.0578665658831596e-02 7.5518000125885010e-01 -6.5519440174102783e-01 9.5576298236846924e-01 2.7301410213112831e-02 -6.0565674304962158e-01 -7.9525762796401978e-01 9.9390631914138794e-01 6.4080000000000000e+03 1.6137127685546875e+02
1.4330225996673107e-02 9.1191416978836060e-01 -4.1013064980506897e-01 7.2442197799682617e-01 4.0148396044969559e-02 -3.8262069225311279e-01 -9.2303282022476196e-01 6.9880092144012451e-01 8.9530000000000000e+03 1.4210232543945312e+02
9.9957567453384399e-01 1.6507605090737343e-02 -2.4002701044082642e-02 1.1843979358673096e+00 9.9988031387329102e-01 1.0548202320933342e-02 1.1319353245198727e-02 1.1829080581665039e+00 1.3650000000000000e+03 1.1006666564941406e+02
9.9975919723510742e-01 1.2351009063422680e-02 -1.8138518556952477e-02 1.1708173751831055e+00 9.9998229742050171e-01 -7.4871489778161049e-04 5.9190224856138229e-03 1.1771341562271118e+00 1.7290000000000000e+03 1.1771254730224609e+02
9.9991708993911743e-01 1.1048563756048679e-02 -6.6100480034947395e-03 1.1532001495361328e+00 9.9995887279510498e-01 7.7990274876356125e-03 -4.6218405477702618e-03 1.1811727285385132e+00 1.9410000000000000e+03 8.7204307556152344e+01
-3.9714365266263485e-03 8.5820835828781128e-01 -5.1328611373901367e-01 1.6668955087661743e+00 3.1790167093276978e-02 -4.3869218230247498e-01 -8.9807492494583130e-01 1.6879773139953613e+00 4.2360000000000000e+03 1.4268934631347656e+02
9.9999654293060303e-01 2.6646833866834641e-03 5.9555892221396789e-05 1.1366940736770630e+00 9.9983108043670654e-01 1.3741521164774895e-02 1.2209847569465637e-02 1.1722304821014404e+00 2.0280000000000000e+03 8.1099601745605469e+01
-1.2371545657515526e-02 9.9102175235748291e-01 -1.3312698900699615e-01 1.1634479761123657e+00 1.4712923206388950e-02 -1.1747049540281296e-01 -9.9296736717224121e-01 1.1670768260955811e+00 1.4220000000000000e+03 1.4524958801269531e+02
9.9886161088943481e-01 2.8873378410935402e-02 -3.7969991564750671e-02 1.2060461044311523e+00 9.9989479780197144e-01 3.8839317858219147e-03 1.3974287547171116e-02 1.1498293876647949e+00 1.2370000000000000e+03 1.1389026641845703e+02
-4.0253754705190659e-02 7.3824435472488403e-01 -6.7333120107650757e-01 2.2245435714721680e+00 -1.1474725790321827e-02 -6.2032961845397949e-01 -7.8425723314285278e-01 2.2279007434844971e+00 3.7140000000000000e+03 1.9975848388671875e+02
-3.1165609136223793e-02 6.5055423974990845e-01 -7.5881999731063843e-01 1.8565967082977295e+00 2.3191245272755623e-02 -7.2303795814514160e-01 -6.9041889905929565e-01 1.8314447402954102e+00 2.1760000000000000e+03 1.7367866516113281e+02
-3.4260936081409454e-02 8.6057913303375244e-01 -5.0816297531127930e-01 8.2679510116577148e-01 1.3644528575241566e-02 -5.0572794675827026e-01 -8.6258512735366821e-01 7.3162108659744263e-01 2.1600000000000000e+03 1.8503750610351562e+02
-2.6195261627435684e-02 5.3485041856765747e-01 -8.4454059600830078e-01 1.1592971086502075e+00 6.4069540239870548e-03 -8.1771081686019897e-01 -5.7559353113174438e-01 1.1644043922424316e+00 1.6320000000000000e+03 2.1567279052734375e+02
-9.9205821752548218e-01 1.1190027743577957e-01 -5.7435691356658936e-02 1.9469330310821533e+00 -9.8557138442993164e-01 -7.9940550029277802e-02 -1.4919312298297882e-01 1.9964426755905151e+00 1.5640000000000000e+03 1.9231950378417969e+02
1.3805778324604034e-01 8.4633749723434448e-01 -5.1444417238235474e-01 1.2906265258789062e+00 1.6320200264453888e-01 -4.3840679526329041e-01 -8.8383513689041138e-01 1.2743108272552490e+00 6.1760000000000000e+03 1.6415657043457031e+02
