9.9953365325927734e-01 -1.8541358411312103e-02 -2.4260660633444786e-02 1.1797668933868408e+00 9.9999785423278809e-01 9.6412363927811384e-04 -1.7858286155387759e-03 1.1658304929733276e+00 1.2360000000000000e+03 1.1987621307373047e+02
1.5411516651511192e-02 -8.7225145101547241e-01 -4.8881489038467407e-01 4.7312518954277039e-01 2.0205894485116005e-02 9.6107900142669678e-01 -2.7553409337997437e-01 4.5441287755966187e-01 7.6920000000000000e+03 1.7425233459472656e+02
1.4399940147995949e-02 -8.3106261491775513e-01 -5.5599236488342285e-01 5.1069027185440063e-01 7.7554378658533096e-03 9.7281599044799805e-01 -2.3144984245300293e-01 5.5968356132507324e-01 3.4840000000000000e+03 1.4932246398925781e+02
9.9971371889114380e-01 3.1594373285770416e-03 -2.3713773116469383e-02 1.1753979921340942e+00 9.9971461296081543e-01 -2.1992998197674751e-02 9.3192774802446365e-03 1.1681127548217773e+00 1.1250000000000000e+03 1.1534169006347656e+02
9.9943679571151733e-01 6.7899660207331181e-03 -3.2865557819604874e-02 1.1902347803115845e+00 9.9966758489608765e-01 -1.9714970141649246e-02 1.6615560278296471e-02 1.1547722816467285e+00 1.1160000000000000e+03 1.2077239990234375e+02
9.9963837862014771e-01 1.7216319218277931e-02 -2.0656911656260490e-02 1.1851871013641357e+00 9.9990350008010864e-01 -1.1069491505622864e-02 8.3973035216331482e-03 1.1646466255187988e+00 1.3430000000000000e+03 7.5372093200683594e+01
9.9987637996673584e-01 1.4020295813679695e-02 -7.1188434958457947e-03 1.1546797752380371e+00 9.9970716238021851e-01 -2.0224222913384438e-02 1.3283924199640751e-02 1.1525826454162598e+00 2.0040000000000000e+03 9.9447639465332031e+01
9.9970823526382446e-01 1.5051339752972126e-02 -1.8891967833042145e-02 1.1772310733795166e+00 9.9965077638626099e-01 -1.5901973471045494e-02 2.1107824519276619e-02 1.1480668783187866e+00 1.7120000000000000e+03 6.7398490905761719e+01
-1.5513217449188232e-01 -9.4371539354324341e-01 -2.9212215542793274e-01 4.8552343249320984e-01 -1.5531928837299347e-01 8.8344115018844604e-01 -4.4204962253570557e-01 6.1555063724517822e-01 1.5920000000000000e+03 1.6475033569335938e+02
9.8749387264251709e-01 -1.4317798614501953e-01 -6.5998680889606476e-02 1.1526327133178711e+00 9.9200218915939331e-01 1.1538016796112061e-01 -5.1175970584154129e-02 1.1480481624603271e+00 1.1660000000000000e+03 1.1427272796630859e+02
9.9100607633590698e-01 -1.2296698242425919e-01 -5.2783478051424026e-02 1.1286845207214355e+00 9.9052309989929199e-01 1.2275059521198273e-01 -6.1613347381353378e-02 1.1768906116485596e+00 1.0500000000000000e+03 9.1351425170898438e+01
