9.9953365325927734e-01 -1.8541358411312103e-02 -2.4260660633444786e-02 1.1797668933868408e+00 9.9943161010742188e-01 -7.3333508335053921e-03 -3.2903462648391724e-02 1.2055854797363281e+00 2.4300000000000000e+03 8.8616462707519531e+01
1.4399940147995949e-02 -8.3106261491775513e-01 -5.5599236488342285e-01 5.1069027185440063e-01 1.5927055850625038e-02 -1.5242967009544373e-01 -9.8818600177764893e-01 4.7337287664413452e-01 4.4440000000000000e+03 1.4932246398925781e+02
1.2831522151827812e-02 -3.4087756276130676e-01 -9.4002020359039307e-01 9.7224986553192139e-01 -6.0605318285524845e-03 3.0448374152183533e-01 -9.5249825716018677e-01 9.8703348636627197e-01 8.3940000000000000e+03 1.3345237731933594e+02
-1.4214959926903248e-02 -9.2659497261047363e-01 -3.7579205632209778e-01 9.1808432340621948e-01 4.9113817512989044e-02 -3.8015091419219971e-01 -9.2361956834793091e-01 8.7485665082931519e-01 3.6520000000000000e+03 1.9693400573730469e+02
8.0518992617726326e-03 6.6977970302104950e-02 -9.9772197008132935e-01 1.3507148027420044e+00 -2.6941489428281784e-02 7.4128144979476929e-01 -6.7065340280532837e-01 1.4362256526947021e+00 1.7770000000000000e+03 1.5220709228515625e+02
-8.9218588545918465e-03 4.9680697917938232e-01 -8.6781519651412964e-01 8.2016521692276001e-01 -2.2383969277143478e-02 9.7475522756576538e-01 -2.2215113043785095e-01 8.5405671596527100e-01 3.8470000000000000e+03 1.6159008789062500e+02
-6.6408230923116207e-03 -3.7133750319480896e-01 -9.2847418785095215e-01 1.1836743354797363e+00 3.1289269682019949e-03 3.4529489278793335e-01 -9.3848907947540283e-01 1.1988278627395630e+00 9.4810000000000000e+03 1.4653213500976562e+02
-1.4159881509840488e-02 -7.9364556074142456e-01 -6.0821563005447388e-01 1.2338904142379761e+00 -3.6470554769039154e-03 -1.2809792160987854e-01 -9.9175477027893066e-01 1.2085527181625366e+00 8.9840000000000000e+03 1.7035185241699219e+02
9.9933230876922607e-01 -9.0205045416951180e-03 -3.5406481474637985e-02 1.1924123764038086e+00 9.9944943189620972e-01 2.8620671946555376e-03 -3.3055931329727173e-02 1.2044539451599121e+00 2.0230000000000000e+03 9.3868553161621094e+01
9.9980813264846802e-01 -3.7587045226246119e-03 -1.9226485863327980e-02 4.4889119267463684e-01 9.9995177984237671e-01 2.3221645096782595e-04 -9.8182354122400284e-03 4.3819543719291687e-01 1.8590000000000000e+03 1.0010989379882812e+02
-1.0588317178189754e-02 -5.2463740110397339e-01 -8.5126006603240967e-01 7.8844386339187622e-01 -3.5750353708863258e-03 1.9356216490268707e-01 -9.8108142614364624e-01 8.4768939018249512e-01 5.4200000000000000e+03 1.9153929138183594e+02
9.9984425306320190e-01 8.1169893965125084e-03 -1.5669992193579674e-02 1.1357266902923584e+00 9.9958395957946777e-01 1.2516136281192303e-02 -2.5987094268202782e-02 1.1937484741210938e+00 1.0490000000000000e+03 8.5533843994140625e+01
-5.2612256258726120e-02 -3.4525196999311447e-02 -9.9801802635192871e-01 2.7780978679656982e+00 -4.1667655110359192e-02 6.6715782880783081e-01 -7.4375009536743164e-01 2.8268375396728516e+00 2.8750000000000000e+03 1.4978848266601562e+02
-1.8213348463177681e-02 -3.5713545978069305e-02 -9.9919605255126953e-01 2.7242457866668701e+00 -4.1667655110359192e-02 6.6715782880783081e-01 -7.4375009536743164e-01 2.8268375396728516e+00 2.0000000000000000e+03 2.1029550170898438e+02
9.8210282158106565e-04 2.0322610437870026e-01 -9.7913128137588501e-01 1.0688515901565552e+00 -2.8652546927332878e-02 8.4128934144973755e-01 -5.3982537984848022e-01 1.1260402202606201e+00 7.8390000000000000e+03 1.7275622558593750e+02
-1.6937332227826118e-02 -1.1353970319032669e-01 -9.9338907003402710e-01 1.9811099767684937e+00 -4.8934545367956161e-02 5.4718816280364990e-01 -8.3557796478271484e-01 2.0502188205718994e+00 3.4850000000000000e+03 1.9527833557128906e+02
1.0371558368206024e-01 1.1781354248523712e-01 -9.8760467767715454e-01 1.6764640808105469e+00 -2.0161839202046394e-02 8.0099922418594360e-01 -5.9832566976547241e-01 1.5279738903045654e+00 1.4250000000000000e+03 1.3592607116699219e+02
-7.4390083551406860e-02 -1.9107725471258163e-02 -9.9704617261886597e-01 1.3952338695526123e+00 -9.4660922884941101e-02 6.4376753568649292e-01 -7.5934362411499023e-01 1.5353337526321411e+00 2.5800000000000000e+03 1.5533381652832031e+02
-1.6063806414604187e-01 -9.8605358600616455e-01 -4.3516274541616440e-02 8.0566400289535522e-01 -1.5579871833324432e-01 -5.9359347820281982e-01 -7.8954005241394043e-01 8.6847275495529175e-01 1.0480000000000000e+03 2.2491018676757812e+02
9.8519694805145264e-01 -1.4292423427104950e-01 -9.4655044376850128e-02 1.1987310647964478e+00 9.8560899496078491e-01 -4.6160042285919189e-02 -1.6261723637580872e-01 1.1701525449752808e+00 1.4700000000000000e+03 9.9611564636230469e+01
-1.7161130905151367e-01 -9.3969136476516724e-01 -2.9585403203964233e-01 1.6080408096313477e+00 -1.4242160320281982e-01 -3.9897224307060242e-01 -9.0583509206771851e-01 1.5695730447769165e+00 1.3170000000000000e+03 2.2152543640136719e+02
3.2835721969604492e-02 5.3852081298828125e-01 -8.4197217226028442e-01 1.2019469738006592e+00 1.4113184064626694e-02 9.8601508140563965e-01 -1.6605743765830994e-01 1.2184154987335205e+00 1.8680000000000000e+03 1.9438072204589844e+02
9.8548257350921631e-01 -1.5144130587577820e-01 -7.6744668185710907e-02 4.4451260566711426e-01 9.8592698574066162e-01 -5.9137139469385147e-02 -1.5636771917343140e-01 4.2366361618041992e-01 1.5770000000000000e+03 1.1593857574462891e+02
