7.7554378658533096e-03 9.7281599044799805e-01 -2.3144984245300293e-01 5.5968356132507324e-01 -5.7686502113938332e-03 5.1426398754119873e-01 -8.5761255025863647e-01 4.8449492454528809e-01 3.4840000000000000e+03 1.4437263488769531e+02
1.3582791201770306e-02 7.4055349826812744e-01 -6.7186009883880615e-01 9.6706628799438477e-01 1.3390098512172699e-01 3.0962238088250160e-02 -9.9051094055175781e-01 8.5541081428527832e-01 1.0330000000000000e+03 1.3538171386718750e+02
1.3582791201770306e-02 7.4055349826812744e-01 -6.7186009883880615e-01 9.6706628799438477e-01 3.1975314021110535e-02 6.8878129124641418e-02 -9.9711251258850098e-01 9.0752619504928589e-01 5.3470000000000000e+03 1.6157310485839844e+02
-4.3627638369798660e-02 7.3733419179916382e-01 -6.7411780357360840e-01 2.3418672084808350e+00 -4.0992431342601776e-02 7.8760370612144470e-02 -9.9605035781860352e-01 2.1876258850097656e+00 1.7280000000000000e+03 1.6924797058105469e+02
1.6224198043346405e-02 6.0616485774517059e-02 -9.9802923202514648e-01 1.9181967973709106e+00 -1.2231366708874702e-02 -6.5849107503890991e-01 -7.5248914957046509e-01 1.9416494369506836e+00 5.9070000000000000e+03 1.9137971496582031e+02
3.7001270800828934e-02 -9.3305511400103569e-03 -9.9927175045013428e-01 1.5965523719787598e+00 -2.7211895212531090e-02 -7.2550851106643677e-01 -6.8767505884170532e-01 1.6035192012786865e+00 1.2190000000000000e+03 2.0213288879394531e+02
2.9923835769295692e-02 -3.0408540740609169e-02 -9.9908953905105591e-01 1.4374542236328125e+00 -2.7211895212531090e-02 -7.2550851106643677e-01 -6.8767505884170532e-01 1.6035192012786865e+00 1.1180000000000000e+03 1.3744654846191406e+02
1.0370949283242226e-02 2.8223086148500443e-02 -9.9954777956008911e-01 1.9818772077560425e+00 -2.8855850920081139e-02 -6.7491048574447632e-01 -7.3733526468276978e-01 2.0364532470703125e+00 2.5700000000000000e+03 2.1439338684082031e+02
9.9998676776885986e-01 3.5841763019561768e-03 -3.6915238015353680e-03 4.2342957854270935e-01 9.9971008300781250e-01 4.7949058935046196e-03 -2.3594431579113007e-02 4.4321981072425842e-01 1.0910000000000000e+03 7.2555671691894531e+01
1.3921041972935200e-03 1.1760254390537739e-02 -9.9992990493774414e-01 2.1511349678039551e+00 -1.3382678851485252e-02 -6.4773768186569214e-01 -7.6174587011337280e-01 2.2913904190063477e+00 1.2300000000000000e+03 1.7038049316406250e+02
-1.8215734511613846e-02 9.6386831998825073e-01 -2.6575568318367004e-01 9.6578562259674072e-01 6.5732081420719624e-03 4.2738267779350281e-01 -9.0404695272445679e-01 9.3902862071990967e-01 1.4260000000000000e+03 1.7164656066894531e+02
-6.5743653103709221e-03 8.3168500661849976e-01 -5.5520868301391602e-01 1.0495516061782837e+00 -9.6775991842150688e-03 1.7049929499626160e-01 -9.8531025648117065e-01 9.9165445566177368e-01 5.5700000000000000e+03 1.5177720642089844e+02
9.9990350008010864e-01 -1.1069491505622864e-02 8.3973035216331482e-03 1.1646466255187988e+00 9.9995499849319458e-01 -1.5941939782351255e-03 -9.3527529388666153e-03 1.1536923646926880e+00 2.1830000000000000e+03 1.0571690368652344e+02
1.5237217769026756e-02 -1.3816854357719421e-01 -9.9029147624969482e-01 8.0893856287002563e-01 1.0575657710433006e-02 -7.9290109872817993e-01 -6.0925865173339844e-01 8.2325267791748047e-01 9.9160000000000000e+03 1.3448973083496094e+02
-2.7086921036243439e-02 5.9486413002014160e-01 -8.0336970090866089e-01 2.2528924942016602e+00 -3.1041640788316727e-02 -1.1058892309665680e-01 -9.9338138103485107e-01 2.1888611316680908e+00 4.5060000000000000e+03 1.6793186950683594e+02
1.8454215023666620e-03 -4.7461491078138351e-02 -9.9887132644653320e-01 2.0020186901092529e+00 -1.5842413529753685e-02 -7.7900624275207520e-01 -6.2681597471237183e-01 1.9885532855987549e+00 2.7540000000000000e+03 1.9582061767578125e+02
3.6298058927059174e-02 7.5155806541442871e-01 -6.5866744518280029e-01 1.5142413377761841e+00 1.8909344449639320e-02 7.5078174471855164e-02 -9.9699836969375610e-01 1.4301866292953491e+00 1.1580000000000000e+03 9.3322799682617188e+01
5.0144128501415253e-02 -9.5340013504028320e-02 -9.9418097734451294e-01 2.1345176696777344e+00 1.9088683649897575e-02 -8.1739091873168945e-01 -5.7576721906661987e-01 2.0866556167602539e+00 1.6570000000000000e+03 1.5013880920410156e+02
-1.8812317401170731e-02 -8.1855334341526031e-02 -9.9646669626235962e-01 2.1591417789459229e+00 1.9088683649897575e-02 -8.1739091873168945e-01 -5.7576721906661987e-01 2.0866556167602539e+00 1.0230000000000000e+03 2.1043792724609375e+02
9.8860901594161987e-01 1.4563491940498352e-01 -3.7983261048793793e-02 1.1378593444824219e+00 9.8233926296234131e-01 7.4643142521381378e-02 -1.7157474160194397e-01 1.1490345001220703e+00 1.3790000000000000e+03 8.4240913391113281e+01
-1.2433719635009766e-01 6.5007156133651733e-01 -7.4963140487670898e-01 9.6470129489898682e-01 -1.4032495021820068e-01 -5.6938253343105316e-02 -9.8846697807312012e-01 1.0914804935455322e+00 2.4990000000000000e+03 1.2478471374511719e+02
-1.2433719635009766e-01 6.5007156133651733e-01 -7.4963140487670898e-01 9.6470129489898682e-01 -1.3573986291885376e-01 -2.7542395517230034e-02 -9.9036163091659546e-01 9.1884404420852661e-01 9.6640000000000000e+03 1.4835531616210938e+02
-1.3316763937473297e-01 6.6547185182571411e-01 -7.3444789648056030e-01 1.1469861268997192e+00 -1.4032495021820068e-01 -5.6938253343105316e-02 -9.8846697807312012e-01 1.0914804935455322e+00 1.7880000000000000e+03 2.0319686889648438e+02
-1.0851611196994781e-01 6.7913806438446045e-01 -7.2594469785690308e-01 7.2492974996566772e-01 -1.3573986291885376e-01 -2.7542395517230034e-02 -9.9036163091659546e-01 9.1884404420852661e-01 1.1390000000000000e+03 1.5731694030761719e+02
9.9133157730102539e-01 1.2448076158761978e-01 -4.2027361690998077e-02 1.1615606546401978e+00 9.8530769348144531e-01 7.1215488016605377e-02 -1.5523284673690796e-01 1.1547815799713135e+00 2.2720000000000000e+03 5.9408012390136719e+01
-2.1011926233768463e-02 -1.0932206362485886e-01 -9.9378436803817749e-01 1.0902684926986694e+00 -1.8256636336445808e-02 -8.0512833595275879e-01 -5.9281963109970093e-01 1.1348276138305664e+00 5.2650000000000000e+03 1.7356068420410156e+02
-2.3672685027122498e-02 -1.7365646362304688e-01 -9.8452162742614746e-01 1.7569726705551147e+00 -4.9119736999273300e-02 -7.9614937305450439e-01 -6.0310316085815430e-01 1.6545948982238770e+00 1.8190000000000000e+03 1.7595547485351562e+02
-3.0969904735684395e-02 -1.1498581618070602e-01 -9.9288421869277954e-01 1.6358489990234375e+00 -4.9119736999273300e-02 -7.9614937305450439e-01 -6.0310316085815430e-01 1.6545948982238770e+00 1.8190000000000000e+03 1.7595547485351562e+02
9.8949623107910156e-01 1.3439325988292694e-01 -5.3250633180141449e-02 4.0683588385581970e-01 9.8347580432891846e-01 7.2088770568370819e-02 -1.6606807708740234e-01 4.2724585533142090e-01 2.4510000000000000e+03 1.2791268920898438e+02
-5.0692509859800339e-02 -7.2790156118571758e-03 -9.9868780374526978e-01 2.4377777576446533e+00 -8.3603270351886749e-02 -6.3762575387954712e-01 -7.6579636335372925e-01 2.5809502601623535e+00 1.5820000000000000e+03 2.1398545837402344e+02
-3.7233564071357250e-03 -2.0128305256366730e-01 -9.7952598333358765e-01 7.3076200485229492e-01 1.3710575876757503e-03 -8.7596333026885986e-01 -4.8237568140029907e-01 7.4920397996902466e-01 5.2130000000000000e+03 1.6544921875000000e+02
9.8991811275482178e-01 1.2982751429080963e-01 -5.6629948318004608e-02 1.1663900613784790e+00 9.8390585184097290e-01 7.3075979948043823e-02 -1.6306175291538239e-01 1.1410133838653564e+00 1.6920000000000000e+03 9.7912528991699219e+01
