9.9953365325927734e-01 -1.8541358411312103e-02 -2.4260660633444786e-02 1.1797668933868408e+00 9.9982738494873047e-01 -6.3358987681567669e-03 -1.7469331622123718e-02 1.1995962858200073e+00 1.7430000000000000e+03 8.8616462707519531e+01
9.9961507320404053e-01 1.0510369902476668e-03 -2.7725137770175934e-02 1.1818521022796631e+00 9.9978089332580566e-01 -1.0262254625558853e-02 -1.8242692574858665e-02 1.1800737380981445e+00 2.3970000000000000e+03 9.6538589477539062e+01
9.9951320886611938e-01 1.6979442909359932e-02 -2.6171043515205383e-02 1.1892272233963013e+00 9.9987602233886719e-01 -7.5804032385349274e-03 -1.3805545866489410e-02 1.1663231849670410e+00 1.5700000000000000e+03 1.1281581878662109e+02
9.9947798252105713e-01 2.1428262814879417e-02 -2.4176152423024178e-02 1.1878880262374878e+00 9.9976485967636108e-01 1.0156996548175812e-02 -1.9160807132720947e-02 1.1613463163375854e+00 1.0300000000000000e+03 1.1826481628417969e+02
1.2831522151827812e-02 -3.4087756276130676e-01 -9.4002020359039307e-01 9.7224986553192139e-01 1.7764994874596596e-02 -9.1799056529998779e-01 -3.9620411396026611e-01 9.3817478418350220e-01 8.1310000000000000e+03 1.6876190185546875e+02
3.9997932617552578e-04 -8.1660114228725433e-03 -9.9996650218963623e-01 1.4860265254974365e+00 1.3448296114802361e-02 -6.9486957788467407e-01 -7.1901005506515503e-01 1.4906046390533447e+00 6.2390000000000000e+03 1.3741271972656250e+02
3.9997932617552578e-04 -8.1660114228725433e-03 -9.9996650218963623e-01 1.4860265254974365e+00 1.5218243934214115e-02 -6.3789242506027222e-01 -7.6997512578964233e-01 1.5576499700546265e+00 6.1620000000000000e+03 1.7230184936523438e+02
4.9667354673147202e-02 4.9253650009632111e-02 -9.9755066633224487e-01 1.3041195869445801e+00 9.9372100085020065e-03 -6.4052212238311768e-01 -7.6787543296813965e-01 1.3634723424911499e+00 5.5740000000000000e+03 1.6349980163574219e+02
9.9038239568471909e-03 2.8693056106567383e-01 -9.5790022611618042e-01 2.0060520172119141e+00 1.1088227853178978e-02 -4.3021699786186218e-01 -9.0265738964080811e-01 1.9507645368576050e+00 4.9020000000000000e+03 1.4809445190429688e+02
6.0477741062641144e-03 7.3632794618606567e-01 -6.7659789323806763e-01 9.8733133077621460e-01 1.6468936577439308e-02 6.6092118620872498e-02 -9.9767756462097168e-01 9.6130353212356567e-01 4.1020000000000000e+03 8.3823257446289062e+01
8.6029646918177605e-03 6.9756525754928589e-01 -7.1646964550018311e-01 1.6280841827392578e+00 6.2239237129688263e-02 3.8545135408639908e-02 -9.9731665849685669e-01 1.5320314168930054e+00 3.3010000000000000e+03 1.5511175537109375e+02
1.8223511055111885e-02 6.9060450792312622e-01 -7.2300297021865845e-01 1.4758776426315308e+00 1.6102400841191411e-03 -4.1155205108225346e-03 -9.9999016523361206e-01 1.4364851713180542e+00 3.0630000000000000e+03 1.8880247497558594e+02
9.9956530332565308e-01 -6.8879416212439537e-03 -2.8667742386460304e-02 1.1832752227783203e+00 9.9999654293060303e-01 2.6646833866834641e-03 5.9555892221396789e-05 1.1366940736770630e+00 1.2830000000000000e+03 8.1002853393554688e+01
-6.6408230923116207e-03 -3.7133750319480896e-01 -9.2847418785095215e-01 1.1836743354797363e+00 -1.5002654865384102e-02 -9.2243355512619019e-01 -3.8586422801017761e-01 1.2090938091278076e+00 3.8350000000000000e+03 1.9618696594238281e+02
9.9933761358261108e-01 -1.1585503816604614e-02 -3.4498427063226700e-02 7.2802567481994629e-01 9.9986338615417480e-01 8.6126364767551422e-03 -1.4111726544797421e-02 7.1202582120895386e-01 2.0430000000000000e+03 9.1424964904785156e+01
9.9963837862014771e-01 1.7216319218277931e-02 -2.0656911656260490e-02 1.1851871013641357e+00 9.9886161088943481e-01 2.8873378410935402e-02 -3.7969991564750671e-02 1.2060461044311523e+00 1.3430000000000000e+03 1.1389026641845703e+02
-8.4400428459048271e-03 9.8462665081024170e-01 -1.7446818947792053e-01 7.4405956268310547e-01 6.3608190976083279e-03 5.7359403371810913e-01 -8.1911492347717285e-01 8.4171175956726074e-01 1.5170000000000000e+03 1.8760369873046875e+02
-2.2710327059030533e-02 9.8996287584304810e-01 -1.3949133455753326e-01 8.7456524372100830e-01 6.3608190976083279e-03 5.7359403371810913e-01 -8.1911492347717285e-01 8.4171175956726074e-01 2.4820000000000000e+03 1.8760369873046875e+02
9.9980300664901733e-01 6.0308510437607765e-03 -1.8907375633716583e-02 1.1801582574844360e+00 9.9994331598281860e-01 -1.1362914228811860e-03 -1.0590774938464165e-02 1.1725775003433228e+00 1.5770000000000000e+03 1.0658920288085938e+02
9.9963444471359253e-01 8.5090603679418564e-03 -2.5659017264842987e-02 6.8880850076675415e-01 9.9983328580856323e-01 -7.8175710514187813e-03 -1.6502311453223228e-02 6.9021248817443848e-01 1.3200000000000000e+03 1.2833863830566406e+02
-4.8573210835456848e-02 5.5684734135866165e-02 -9.9726617336273193e-01 3.1492156982421875e+00 -6.4700230956077576e-02 -6.5657752752304077e-01 -7.5147843360900879e-01 3.1330354213714600e+00 3.0720000000000000e+03 2.0130957031250000e+02
-5.2612256258726120e-02 -3.4525196999311447e-02 -9.9801802635192871e-01 2.7780978679656982e+00 -6.6627882421016693e-02 -7.1771585941314697e-01 -6.9314104318618774e-01 2.7856116294860840e+00 1.5390000000000000e+03 2.1047499084472656e+02
-1.8213348463177681e-02 -3.5713545978069305e-02 -9.9919605255126953e-01 2.7242457866668701e+00 -6.6627882421016693e-02 -7.1771585941314697e-01 -6.9314104318618774e-01 2.7856116294860840e+00 1.5390000000000000e+03 2.1047499084472656e+02
-4.7959763556718826e-02 8.4657311439514160e-01 -5.3010731935501099e-01 2.6340806484222412e+00 -3.8249112665653229e-02 2.2101807594299316e-01 -9.7451943159103394e-01 2.4893586635589600e+00 2.1810000000000000e+03 1.3191496276855469e+02
9.9935328960418701e-01 -5.4098409600555897e-04 -3.5955201834440231e-02 1.1879822015762329e+00 9.9985611438751221e-01 -2.8763983864337206e-03 -1.6717631369829178e-02 1.1610572338104248e+00 2.1280000000000000e+03 9.4050941467285156e+01
9.9970823526382446e-01 1.5051339752972126e-02 -1.8891967833042145e-02 1.1772310733795166e+00 9.9917161464691162e-01 2.9056930914521217e-02 -2.8491560369729996e-02 1.1821521520614624e+00 1.2710000000000000e+03 1.1470652770996094e+02
-1.1213997378945351e-02 5.2585405111312866e-01 -8.5050082206726074e-01 1.7685889005661011e+00 -2.6612590998411179e-02 -1.5426193177700043e-01 -9.8767155408859253e-01 1.9011090993881226e+00 8.1860000000000000e+03 1.5250598144531250e+02
-3.5487033426761627e-02 2.8503444045782089e-02 -9.9896353483200073e-01 1.9910403490066528e+00 -3.5872794687747955e-02 -6.3999885320663452e-01 -7.6753801107406616e-01 2.0213775634765625e+00 3.1260000000000000e+03 1.9889958190917969e+02
-1.1312707327306271e-02 5.0729952752590179e-02 -9.9864828586578369e-01 1.8280977010726929e+00 -3.5872794687747955e-02 -6.3999885320663452e-01 -7.6753801107406616e-01 2.0213775634765625e+00 3.6050000000000000e+03 1.9889958190917969e+02
-8.6417992133647203e-04 4.6767622232437134e-01 -8.8389945030212402e-01 1.2349898815155029e+00 -4.5230318792164326e-03 -2.3602436482906342e-01 -9.7173660993576050e-01 1.3753936290740967e+00 1.6540000000000000e+03 1.7136802673339844e+02
-7.4390083551406860e-02 -1.9107725471258163e-02 -9.9704617261886597e-01 1.3952338695526123e+00 -1.4149121008813381e-02 -7.0877325534820557e-01 -7.0529437065124512e-01 1.5212545394897461e+00 1.0990000000000000e+03 1.5533381652832031e+02
9.8749387264251709e-01 -1.4317798614501953e-01 -6.5998680889606476e-02 1.1526327133178711e+00 9.8956221342086792e-01 -1.2955884635448456e-01 6.3095681369304657e-02 1.1445485353469849e+00 1.3910000000000000e+03 1.1150611114501953e+02
9.9100607633590698e-01 -1.2296698242425919e-01 -5.2783478051424026e-02 1.1286845207214355e+00 9.8913800716400146e-01 -1.2692090868949890e-01 7.4142351746559143e-02 1.0973836183547974e+00 1.0500000000000000e+03 9.1351425170898438e+01
-6.6196642816066742e-02 -1.3409879989922047e-02 -9.9771654605865479e-01 2.2411561012268066e+00 -1.0648501664400101e-01 -6.8769347667694092e-01 -7.1814936399459839e-01 2.2937123775482178e+00 2.4200000000000000e+03 1.5527148437500000e+02
-1.1848341673612595e-01 -4.7024121880531311e-01 -8.7454837560653687e-01 1.4167174100875854e+00 -1.3163340091705322e-01 -9.5429986715316772e-01 -2.6829901337623596e-01 1.4321855306625366e+00 2.3240000000000000e+03 1.9253657531738281e+02
3.2835721969604492e-02 5.3852081298828125e-01 -8.4197217226028442e-01 1.2019469738006592e+00 3.9367478340864182e-02 -1.4150069653987885e-01 -9.8915505409240723e-01 1.1459283828735352e+00 2.8210000000000000e+03 1.9438072204589844e+02
9.8717021942138672e-01 -1.3424786925315857e-01 -8.6443081498146057e-02 1.1613463163375854e+00 9.9223810434341431e-01 -1.1416758596897125e-01 4.9286663532257080e-02 1.1452217102050781e+00 1.1210000000000000e+03 1.0192952728271484e+02
