7.1639478206634521e-01 1.6011905670166016e-01 -6.7907321453094482e-01 3.9478728175163269e-01 7.4308204650878906e-01 -3.4934997558593750e-01 -5.7077473402023315e-01 3.9852941036224365e-01 1.1000000000000000e+03 3.9650637817382812e+02
7.1648621559143066e-01 2.0011590421199799e-01 -6.6828215122222900e-01 3.6048707365989685e-01 7.3421907424926758e-01 -3.0085542798042297e-01 -6.0861194133758545e-01 3.6681824922561646e-01 5.1500000000000000e+02 4.2508349609375000e+02
-1.7526662349700928e-01 2.9628050327301025e-01 -9.3888205289840698e-01 5.3863918781280518e-01 -1.7948223650455475e-01 -4.4910085201263428e-01 -8.7526822090148926e-01 5.4703819751739502e-01 1.0640000000000000e+04 2.7739126586914062e+02
7.7571576833724976e-01 2.1979081630706787e-01 -5.9157174825668335e-01 3.5298246145248413e-01 7.9898035526275635e-01 -2.3019754886627197e-01 -5.5555319786071777e-01 3.5270971059799194e-01 1.9030000000000000e+03 3.7468261718750000e+02
-2.2490045428276062e-01 2.6170915365219116e-01 -9.3857777118682861e-01 1.3839576244354248e+00 -1.6089989244937897e-01 -4.2812964320182800e-01 -8.8927841186523438e-01 1.4077320098876953e+00 1.4410000000000000e+03 3.4703717041015625e+02
-1.8816517293453217e-01 3.0357393622398376e-01 -9.3404322862625122e-01 5.3752279281616211e-01 -1.9298397004604340e-01 -4.3977189064025879e-01 -8.7713044881820679e-01 5.4496788978576660e-01 1.1636000000000000e+04 2.7885897827148438e+02
7.6691257953643799e-01 2.2804571688175201e-01 -5.9986680746078491e-01 3.4965804219245911e-01 7.9278779029846191e-01 -2.2636976838111877e-01 -5.6590121984481812e-01 3.4629952907562256e-01 1.9810000000000000e+03 3.7905554199218750e+02
-1.5498517453670502e-01 3.0430996417999268e-01 -9.3988037109375000e-01 6.1891049146652222e-01 -1.9298397004604340e-01 -4.3977189064025879e-01 -8.7713044881820679e-01 5.4496788978576660e-01 8.9470000000000000e+03 3.6472402954101562e+02
-1.8385815620422363e-01 3.2500109076499939e-01 -9.2766934633255005e-01 5.3337609767913818e-01 -1.8827672302722931e-01 -4.1962698101997375e-01 -8.8795554637908936e-01 5.3932100534439087e-01 1.3128000000000000e+04 2.7313955688476562e+02
7.6893800497055054e-01 2.3984277248382568e-01 -5.9262961149215698e-01 3.4689548611640930e-01 7.9875159263610840e-01 -2.1005918085575104e-01 -5.6380051374435425e-01 3.3944803476333618e-01 2.2970000000000000e+03 3.7359469604492188e+02
-1.7733989655971527e-01 3.2671362161636353e-01 -9.2833650112152100e-01 5.3376185894012451e-01 -1.8236938118934631e-01 -4.1904008388519287e-01 -8.8946437835693359e-01 5.3991562128067017e-01 1.3078000000000000e+04 2.7155032348632812e+02
7.7398765087127686e-01 2.4919588863849640e-01 -5.8210349082946777e-01 3.4678834676742554e-01 7.9879832267761230e-01 -2.0276997983455658e-01 -5.6639713048934937e-01 3.4298771619796753e-01 2.2950000000000000e+03 3.7200305175781250e+02
-1.0226048529148102e-01 4.6037694811820984e-01 -8.8181400299072266e-01 5.7343351840972900e-01 -1.0742177069187164e-01 -4.1187399625778198e-01 -9.0488684177398682e-01 6.1848235130310059e-01 9.3100000000000000e+02 4.7880667114257812e+02
-1.7628403007984161e-01 3.3292776346206665e-01 -9.2632782459259033e-01 5.3159105777740479e-01 -1.8086141347885132e-01 -4.1329354047775269e-01 -8.9245587587356567e-01 5.3744244575500488e-01 1.3559000000000000e+04 2.7024270629882812e+02
7.7407431602478027e-01 2.5086274743080139e-01 -5.8127170801162720e-01 3.4521344304084778e-01 8.0090606212615967e-01 -2.0050792396068573e-01 -5.6422162055969238e-01 3.3925500512123108e-01 2.4120000000000000e+03 3.7029312133789062e+02
-3.3393546938896179e-01 3.1216946244239807e-01 -8.8940274715423584e-01 4.0117329359054565e-01 -3.4068116545677185e-01 -3.6682733893394470e-01 -8.6566394567489624e-01 4.0307915210723877e-01 8.5800000000000000e+03 2.9879498291015625e+02
-3.1522497534751892e-01 3.6490851640701294e-01 -8.7605649232864380e-01 4.1704520583152771e-01 -3.2052406668663025e-01 -3.1433811783790588e-01 -8.9356356859207153e-01 4.1407153010368347e-01 1.2688000000000000e+04 2.8661657714843750e+02
-3.1552454829216003e-01 4.1569426655769348e-01 -8.5301959514617920e-01 4.1420477628707886e-01 -3.2187855243682861e-01 -2.6237002015113831e-01 -9.0970110893249512e-01 4.0745317935943604e-01 1.6016000000000000e+04 2.7554321289062500e+02
9.4780600070953369e-01 1.7615571618080139e-01 -2.6576837897300720e-01 6.3930284976959229e-01 9.5704382658004761e-01 -5.3562633693218231e-02 -2.8495302796363831e-01 6.4540636539459229e-01 3.8880000000000000e+03 2.6420162963867188e+02
-3.1315636634826660e-01 2.6266860961914062e-01 -9.1265457868576050e-01 4.2608898878097534e-01 -2.8547263145446777e-01 -3.8943484425544739e-01 -8.7569731473922729e-01 4.3890646100044250e-01 3.5600000000000000e+02 3.4753652954101562e+02
-3.7243115901947021e-01 6.7793834209442139e-01 -6.3379389047622681e-01 1.4379813671112061e+00 -3.3741024136543274e-01 1.6643295064568520e-02 -9.4121056795120239e-01 1.4267498254776001e+00 1.2200000000000000e+03 4.0101907348632812e+02
-3.7734398245811462e-01 6.4374446868896484e-01 -6.6573619842529297e-01 1.4888720512390137e+00 -3.3741024136543274e-01 1.6643295064568520e-02 -9.4121056795120239e-01 1.4267498254776001e+00 6.5300000000000000e+02 3.2300613403320312e+02
-3.2387232780456543e-01 6.8955403566360474e-01 -6.4778232574462891e-01 1.4237303733825684e+00 -3.3741024136543274e-01 1.6643295064568520e-02 -9.4121056795120239e-01 1.4267498254776001e+00 1.2200000000000000e+03 4.3871905517578125e+02
-2.8459390997886658e-01 3.6094015836715698e-01 -8.8810390233993530e-01 4.8262345790863037e-01 -2.7549222111701965e-01 -3.7946593761444092e-01 -8.8323801755905151e-01 4.8740214109420776e-01 1.7888000000000000e+04 3.5625875854492188e+02
-2.7354088425636292e-01 3.3939766883850098e-01 -8.9999139308929443e-01 4.8611450195312500e-01 -2.7549222111701965e-01 -3.7946593761444092e-01 -8.8323801755905151e-01 4.8740214109420776e-01 4.1940000000000000e+03 3.5625875854492188e+02
-1.1186002194881439e-01 2.6735502481460571e-01 -9.5708340406417847e-01 6.1194455623626709e-01 -1.1151963472366333e-01 -5.2796357870101929e-01 -8.4191322326660156e-01 6.1921340227127075e-01 3.7820000000000000e+03 4.6012612915039062e+02
-2.6524952054023743e-01 -1.1352029442787170e-01 -9.5747375488281250e-01 4.8218408226966858e-01 -2.6763606071472168e-01 -7.3396319150924683e-01 -6.2423473596572876e-01 5.1762878894805908e-01 9.9950000000000000e+03 2.8838818359375000e+02
-2.8256598114967346e-01 5.0469446182250977e-01 -8.1574517488479614e-01 5.8520323038101196e-01 -2.7815341949462891e-01 -2.2564058005809784e-01 -9.3365788459777832e-01 5.8128082752227783e-01 9.3940000000000000e+03 4.2489004516601562e+02
9.4954216480255127e-01 1.2684430181980133e-01 -2.8684547543525696e-01 7.0515114068984985e-01 9.5925205945968628e-01 -1.0968305915594101e-01 -2.6039433479309082e-01 7.1062171459197998e-01 1.0856000000000000e+04 2.6557937622070312e+02
2.9402477666735649e-02 7.1328085660934448e-01 -7.0026123523712158e-01 6.1305719614028931e-01 3.6165781319141388e-02 1.3715359382331371e-02 -9.9925166368484497e-01 6.0002565383911133e-01 1.7281000000000000e+04 3.4875549316406250e+02
6.5265059471130371e-02 1.7337925732135773e-01 -9.8269021511077881e-01 5.2129632234573364e-01 2.3028489202260971e-02 -5.7358306646347046e-01 -8.1882363557815552e-01 5.3558957576751709e-01 2.8580000000000000e+03 1.9924272155761719e+02
3.8826826959848404e-02 6.8606245517730713e-01 -7.2650581598281860e-01 6.1507904529571533e-01 4.5816887170076370e-02 -2.3094894364476204e-02 -9.9868291616439819e-01 6.0402083396911621e-01 1.9754000000000000e+04 3.5350006103515625e+02
6.4612947404384613e-02 1.3328000903129578e-01 -9.8896986246109009e-01 5.2424335479736328e-01 1.2450643628835678e-01 -6.3444554805755615e-01 -7.6287412643432617e-01 5.1068109273910522e-01 1.7200000000000000e+03 8.1840293884277344e+01
-2.7727237343788147e-01 -8.7359681725502014e-02 -9.5681154727935791e-01 6.7934566736221313e-01 -2.3678278923034668e-01 -7.5844883918762207e-01 -6.0719788074493408e-01 6.7902255058288574e-01 5.5990000000000000e+03 2.4888533020019531e+02
-1.5097467601299286e-01 1.2694114446640015e-01 -9.8035323619842529e-01 7.0509028434753418e-01 -9.8267361521720886e-02 -6.0947144031524658e-01 -7.8669434785842896e-01 7.0148211717605591e-01 6.1130000000000000e+03 1.6746261596679688e+02
-1.9813135266304016e-01 6.8724519014358521e-01 -6.9888353347778320e-01 7.1102738380432129e-01 -1.8406240642070770e-01 -1.8919570371508598e-02 -9.8273247480392456e-01 6.9985783100128174e-01 8.4550000000000000e+03 4.2670007324218750e+02
9.7930371761322021e-01 1.4914306998252869e-01 -1.3682328164577484e-01 6.9991135597229004e-01 9.8626601696014404e-01 1.1965977959334850e-02 -1.6473101079463959e-01 6.9991379976272583e-01 7.5800000000000000e+03 2.3091079711914062e+02
-1.4485266804695129e-01 1.3754454255104065e-01 -9.7984653711318970e-01 7.0325005054473877e-01 -1.5256033837795258e-01 -5.6881564855575562e-01 -8.0819189548492432e-01 7.2614860534667969e-01 9.9780000000000000e+03 2.7260803222656250e+02
-1.8964013457298279e-01 6.9745564460754395e-01 -6.9108045101165771e-01 7.1155416965484619e-01 -1.7852179706096649e-01 -1.5549988020211458e-03 -9.8393470048904419e-01 6.9862425327301025e-01 9.1560000000000000e+03 4.2331466674804688e+02
9.8109197616577148e-01 1.4319989085197449e-01 -1.3020102679729462e-01 6.9994568824768066e-01 9.8708200454711914e-01 1.1086685582995415e-02 -1.5983164310455322e-01 7.0305895805358887e-01 6.9240000000000000e+03 2.2858601379394531e+02
-1.4447511732578278e-01 1.6325284540653229e-01 -9.7594851255416870e-01 7.0062738656997681e-01 -9.3488454818725586e-02 -5.8105379343032837e-01 -8.0847787857055664e-01 6.9147002696990967e-01 6.3200000000000000e+03 1.4921977233886719e+02
-1.8438290059566498e-01 7.1689563989639282e-01 -6.7235678434371948e-01 7.1148997545242310e-01 -1.7133580148220062e-01 2.7309373021125793e-02 -9.8483407497406006e-01 6.9639700651168823e-01 1.0620000000000000e+04 4.1843106079101562e+02
9.8234826326370239e-01 1.3629105687141418e-01 -1.2812809646129608e-01 6.9932031631469727e-01 9.8831295967102051e-01 9.5755495131015778e-03 -1.5213736891746521e-01 7.0172011852264404e-01 6.0740000000000000e+03 2.2542706298828125e+02
-3.4449505805969238e-01 -4.8142238520085812e-03 -9.3877571821212769e-01 7.3000103235244751e-01 -2.9777365922927856e-01 -6.8529284000396729e-01 -6.6460853815078735e-01 7.1239095926284790e-01 5.2940000000000000e+03 2.6371817016601562e+02
-4.1678243875503540e-01 5.7963681221008301e-01 -7.0022392272949219e-01 7.3977202177047729e-01 -4.3277028203010559e-01 -1.2001292407512665e-01 -8.9348006248474121e-01 7.3213672637939453e-01 2.6710000000000000e+03 4.7186410522460938e+02
8.9788353443145752e-01 2.5419113039970398e-01 -3.5943302512168884e-01 7.1559751033782959e-01 9.0954041481018066e-01 -7.5911514461040497e-02 -4.0862420201301575e-01 7.2725009918212891e-01 2.3664000000000000e+04 2.2365045166015625e+02
-1.7626576125621796e-01 1.7899861931800842e-01 -9.6793073415756226e-01 7.2663557529449463e-01 -1.9167830049991608e-01 -5.2393364906311035e-01 -8.2991141080856323e-01 7.4449020624160767e-01 8.0900000000000000e+03 2.7115783691406250e+02
-2.7191039919853210e-01 7.2509807348251343e-01 -6.3269078731536865e-01 7.4343669414520264e-01 -2.6095655560493469e-01 6.1539515852928162e-02 -9.6338707208633423e-01 7.2658634185791016e-01 1.0899000000000000e+04 4.2110037231445312e+02
9.5922976732254028e-01 2.4360331892967224e-01 -1.4330281317234039e-01 7.1327698230743408e-01 9.6622347831726074e-01 6.7659951746463776e-02 -2.4866478145122528e-01 7.2312951087951660e-01 8.9120000000000000e+03 1.8899061584472656e+02
-1.7449590563774109e-01 -1.7104040598496795e-03 -9.8465639352798462e-01 7.0844137668609619e-01 -1.8373079597949982e-01 -6.8709653615951538e-01 -7.0295190811157227e-01 7.3465746641159058e-01 5.6370000000000000e+03 2.9643444824218750e+02
-2.5313043594360352e-01 5.8213162422180176e-01 -7.7268868684768677e-01 7.1913063526153564e-01 -2.5373443961143494e-01 -1.6660380363464355e-01 -9.5281791687011719e-01 7.1791565418243408e-01 2.7370000000000000e+03 4.3975155639648438e+02
9.6264129877090454e-01 1.9727843999862671e-01 -1.8548062443733215e-01 7.0485341548919678e-01 9.6944952011108398e-01 7.2131222113966942e-03 -2.4518495798110962e-01 7.1399903297424316e-01 1.3721000000000000e+04 2.4459568786621094e+02
-1.7212854325771332e-01 -8.8158657308667898e-04 -9.8507404327392578e-01 7.0852863788604736e-01 -1.7311558127403259e-01 -6.8461799621582031e-01 -7.0804601907730103e-01 7.4037843942642212e-01 3.1460000000000000e+03 2.6773458862304688e+02
-2.4505355954170227e-01 5.8423691987991333e-01 -7.7370268106460571e-01 7.2030234336853027e-01 -2.3514321446418762e-01 -1.5606735646724701e-01 -9.5934909582138062e-01 7.1827763319015503e-01 1.6810000000000000e+03 4.4650744628906250e+02
9.6518546342849731e-01 1.8820969760417938e-01 -1.8164312839508057e-01 7.0623481273651123e-01 9.7182190418243408e-01 3.4565546084195375e-03 -2.3569105565547943e-01 7.1506404876708984e-01 1.3210000000000000e+04 2.4502175903320312e+02
-1.9682988524436951e-01 2.0797574520111084e-01 -9.5812535285949707e-01 5.5332529544830322e-01 -2.0195892453193665e-01 -4.9290698766708374e-01 -8.4631866216659546e-01 5.6762200593948364e-01 2.1151000000000000e+04 3.1650451660156250e+02
-2.2204113006591797e-01 7.5820511579513550e-01 -6.1304390430450439e-01 5.9548246860504150e-01 -1.9441603124141693e-01 1.0054491460323334e-01 -9.7575259208679199e-01 5.7523250579833984e-01 4.0710000000000000e+03 4.4024307250976562e+02
9.7357350587844849e-01 1.1655777692794800e-01 -1.9638983905315399e-01 4.8517805337905884e-01 9.7871172428131104e-01 -5.4764207452535629e-02 -1.9779869914054871e-01 4.9275213479995728e-01 1.0179000000000000e+04 2.4483871459960938e+02
-1.7667822539806366e-01 2.5795567035675049e-01 -9.4986516237258911e-01 5.4534482955932617e-01 -1.8270441889762878e-01 -4.5168748497962952e-01 -8.7326842546463013e-01 5.5720371007919312e-01 1.6054000000000000e+04 2.9842593383789062e+02
-1.8535308539867401e-01 7.9254281520843506e-01 -5.8096486330032349e-01 5.8995294570922852e-01 -1.8059644103050232e-01 1.4999222755432129e-01 -9.7205311059951782e-01 5.7021230459213257e-01 3.8920000000000000e+03 4.2873733520507812e+02
9.7877138853073120e-01 1.2101315706968307e-01 -1.6541585326194763e-01 4.8308986425399780e-01 9.8298376798629761e-01 -3.1587067991495132e-02 -1.8095625936985016e-01 4.9558529257774353e-01 7.3410000000000000e+03 2.2884069824218750e+02
-2.0740221440792084e-01 5.2916686981916428e-02 -9.7682350873947144e-01 7.1493375301361084e-01 -1.6530244052410126e-01 -6.6307759284973145e-01 -7.3007071018218994e-01 7.0691227912902832e-01 5.3350000000000000e+03 1.9929502868652344e+02
-1.8854172527790070e-01 6.4030283689498901e-01 -7.4462348222732544e-01 7.5968492031097412e-01 -1.8115498125553131e-01 -7.7137239277362823e-02 -9.8042476177215576e-01 7.5001293420791626e-01 7.0600000000000000e+03 4.4395834350585938e+02
9.7428399324417114e-01 4.8127587884664536e-02 -2.2012390196323395e-01 6.2393820285797119e-01 9.8002856969833374e-01 -1.2231527268886566e-01 -1.5678982436656952e-01 6.3112306594848633e-01 1.2461000000000000e+04 2.3876879882812500e+02
-2.1331295371055603e-01 1.6323362290859222e-01 -9.6325093507766724e-01 7.0866346359252930e-01 -2.2173170745372772e-01 -5.2797663211822510e-01 -8.1980222463607788e-01 7.2800886631011963e-01 1.1010000000000000e+04 3.0053778076171875e+02
-2.0988091826438904e-01 7.3444461822509766e-01 -6.4539986848831177e-01 7.5540256500244141e-01 -1.9916900992393494e-01 6.0451596975326538e-02 -9.7809880971908569e-01 7.3975521326065063e-01 7.4220000000000000e+03 4.2748934936523438e+02
9.7093099355697632e-01 1.0557456314563751e-01 -2.1481850743293762e-01 6.2006056308746338e-01 9.7721934318542480e-01 -8.0564588308334351e-02 -1.9634598493576050e-01 6.2975740432739258e-01 1.1397000000000000e+04 2.2378550720214844e+02
-1.9121126830577850e-01 8.1479829549789429e-01 -5.4730409383773804e-01 7.5231957435607910e-01 -1.8054212629795074e-01 1.7679663002490997e-01 -9.6754711866378784e-01 7.3612350225448608e-01 3.8670000000000000e+03 4.0821951293945312e+02
9.7391635179519653e-01 1.1168730258941650e-01 -1.9751688838005066e-01 6.2062108516693115e-01 9.8043709993362427e-01 -6.0926638543605804e-02 -1.8716572225093842e-01 6.3007503747940063e-01 7.7370000000000000e+03 2.1113327026367188e+02
-1.5399952232837677e-01 3.5565006732940674e-01 -9.2184436321258545e-01 7.3095697164535522e-01 -2.0742435753345490e-01 -4.4718840718269348e-01 -8.7005609273910522e-01 7.2059935331344604e-01 9.0100000000000000e+02 2.7897763061523438e+02
-1.9466330111026764e-01 8.0337393283843994e-01 -5.6275808811187744e-01 7.5362765789031982e-01 -1.7997643351554871e-01 1.6016417741775513e-01 -9.7054409980773926e-01 7.3692929744720459e-01 4.5340000000000000e+03 4.1037536621093750e+02
9.7481906414031982e-01 1.1152645945549011e-01 -1.9310513138771057e-01 6.1954092979431152e-01 9.8121464252471924e-01 -5.8553706854581833e-02 -1.8381859362125397e-01 6.2944221496582031e-01 7.8900000000000000e+03 2.1321994018554688e+02
-1.9299779832363129e-01 8.0853754281997681e-01 -5.5589485168457031e-01 7.5218677520751953e-01 -1.8322022259235382e-01 1.6543047130107880e-01 -9.6905267238616943e-01 7.3657554388046265e-01 4.2770000000000000e+03 4.1006118774414062e+02
9.7355401515960693e-01 1.1340215802192688e-01 -1.9832462072372437e-01 6.2000775337219238e-01 9.7997409105300903e-01 -6.0659654438495636e-02 -1.8966104090213776e-01 6.3067775964736938e-01 8.1420000000000000e+03 2.1231294250488281e+02
-1.8325345218181610e-01 1.8678466975688934e-01 -9.6515774726867676e-01 7.1144902706146240e-01 -1.9385668635368347e-01 -5.1288300752639771e-01 -8.3628374338150024e-01 7.3008465766906738e-01 9.9300000000000000e+03 2.8371649169921875e+02
-1.8571673333644867e-01 7.4999779462814331e-01 -6.3483273983001709e-01 7.5900924205780029e-01 -1.7789085209369659e-01 7.9840965569019318e-02 -9.8080593347549438e-01 7.4126040935516357e-01 7.2590000000000000e+03 4.2148187255859375e+02
9.7740799188613892e-01 1.0229972749948502e-01 -1.8495525419712067e-01 6.1951345205307007e-01 9.8276728391647339e-01 -6.1798989772796631e-02 -1.7421033978462219e-01 6.3027614355087280e-01 8.9450000000000000e+03 2.2184213256835938e+02
-1.7889350652694702e-01 1.5203231573104858e-01 -9.7205114364624023e-01 7.1330523490905762e-01 -1.9125260412693024e-01 -5.4654628038406372e-01 -8.1529718637466431e-01 7.3391556739807129e-01 1.2666000000000000e+04 2.9301824951171875e+02
-1.8328914046287537e-01 7.2251677513122559e-01 -6.6661423444747925e-01 7.5967144966125488e-01 -1.7590767145156860e-01 3.5925514996051788e-02 -9.8375099897384644e-01 7.4406820535659790e-01 8.6540000000000000e+03 4.2726705932617188e+02
9.7827720642089844e-01 9.4364814460277557e-02 -1.8457804620265961e-01 6.1987352371215820e-01 9.8375767469406128e-01 -6.5432928502559662e-02 -1.6715088486671448e-01 6.2912821769714355e-01 9.7530000000000000e+03 2.3157553100585938e+02
-1.8104709684848785e-01 1.4215987920761108e-01 -9.7314566373825073e-01 7.1405500173568726e-01 -1.3959732651710510e-01 -5.8968752622604370e-01 -7.9547548294067383e-01 7.0204478502273560e-01 5.7950000000000000e+03 1.6761795043945312e+02
-1.7856878042221069e-01 7.1136707067489624e-01 -6.7975735664367676e-01 7.6068830490112305e-01 -1.7326861619949341e-01 2.0890871062874794e-02 -9.8465299606323242e-01 7.4531835317611694e-01 9.0860000000000000e+03 4.2846032714843750e+02
9.7830224037170410e-01 8.3321109414100647e-02 -1.8969006836414337e-01 6.2058579921722412e-01 9.8437559604644775e-01 -7.6192446053028107e-02 -1.5874278545379639e-01 6.2643325328826904e-01 9.9210000000000000e+03 2.3504498291015625e+02
-1.8591956794261932e-01 1.4208689332008362e-01 -9.7223728895187378e-01 7.1339416503906250e-01 -1.9820129871368408e-01 -5.5616754293441772e-01 -8.0708980560302734e-01 7.3413264751434326e-01 1.2940000000000000e+04 2.9658441162109375e+02
-1.8194739520549774e-01 7.1306878328323364e-01 -6.7707306146621704e-01 7.5985020399093628e-01 -1.7507353425025940e-01 2.3188799619674683e-02 -9.8428213596343994e-01 7.4457710981369019e-01 8.8640000000000000e+03 4.2884750366210938e+02
9.7718071937561035e-01 8.2840517163276672e-02 -1.9558940827846527e-01 6.2063074111938477e-01 9.8299956321716309e-01 -8.1303268671035767e-02 -1.6462574899196625e-01 6.2841248512268066e-01 1.0064000000000000e+04 2.3112365722656250e+02
-1.8980419635772705e-01 1.4706367254257202e-01 -9.7074532508850098e-01 7.1283280849456787e-01 -2.0158202946186066e-01 -5.5187398195266724e-01 -8.0919694900512695e-01 7.3351359367370605e-01 1.2652000000000000e+04 2.9763058471679688e+02
-1.8456758558750153e-01 7.1619570255279541e-01 -6.7305165529251099e-01 7.5959217548370361e-01 -1.7807672917842865e-01 2.7566557750105858e-02 -9.8363035917282104e-01 7.4423193931579590e-01 8.6110000000000000e+03 4.2884573364257812e+02
9.7632813453674316e-01 8.4415420889854431e-02 -1.9914181530475616e-01 6.2026518583297729e-01 9.8235011100769043e-01 -8.2456894218921661e-02 -1.6789585351943970e-01 6.2854385375976562e-01 1.0253000000000000e+04 2.3006936645507812e+02
-1.9089826941490173e-01 1.4668914675712585e-01 -9.7058755159378052e-01 7.1252012252807617e-01 -1.4763735234737396e-01 -5.8679908514022827e-01 -7.9615944623947144e-01 6.9617068767547607e-01 5.8680000000000000e+03 1.6689230346679688e+02
-1.8515273928642273e-01 7.1697717905044556e-01 -6.7205810546875000e-01 7.5974822044372559e-01 -1.7809309065341949e-01 3.0140602961182594e-02 -9.8355191946029663e-01 7.4389964342117310e-01 8.5420000000000000e+03 4.2852471923828125e+02
9.7622221708297729e-01 8.5580512881278992e-02 -1.9916373491287231e-01 6.1910092830657959e-01 9.8233866691589355e-01 -8.2980059087276459e-02 -1.6770546138286591e-01 6.2741029262542725e-01 1.0256000000000000e+04 2.2621095275878906e+02
