1.4399940147995949e-02 -8.3106261491775513e-01 -5.5599236488342285e-01 5.1069027185440063e-01 -5.7686502113938332e-03 5.1426398754119873e-01 -8.5761255025863647e-01 4.8449492454528809e-01 1.2913000000000000e+04 1.4932246398925781e+02
-8.7423872901126742e-04 -7.4849742650985718e-01 -6.6313719749450684e-01 6.8170213699340820e-01 4.4649213552474976e-02 6.4870029687881470e-01 -7.5973308086395264e-01 6.7925947904586792e-01 5.2100000000000000e+03 1.5037121582031250e+02
-8.7423872901126742e-04 -7.4849742650985718e-01 -6.6313719749450684e-01 6.8170213699340820e-01 -1.7026437446475029e-02 6.6502088308334351e-01 -7.4663060903549194e-01 6.6028237342834473e-01 2.5270000000000000e+03 1.8525999450683594e+02
-1.4214959926903248e-02 -9.2659497261047363e-01 -3.7579205632209778e-01 9.1808432340621948e-01 2.6876542717218399e-02 3.5374835133552551e-01 -9.3495446443557739e-01 8.6791676282882690e-01 3.6520000000000000e+03 1.9693400573730469e+02
-4.0413085371255875e-03 -5.7337713241577148e-01 -8.1928151845932007e-01 6.7814141511917114e-01 3.1842554453760386e-03 7.7321290969848633e-01 -6.3413858413696289e-01 5.2700734138488770e-01 1.8450000000000000e+03 1.6305258178710938e+02
9.9963837862014771e-01 1.7216319218277931e-02 -2.0656911656260490e-02 1.1851871013641357e+00 9.9995499849319458e-01 -1.5941939782351255e-03 -9.3527529388666153e-03 1.1536923646926880e+00 1.3430000000000000e+03 1.0571690368652344e+02
-1.0588317178189754e-02 -5.2463740110397339e-01 -8.5126006603240967e-01 7.8844386339187622e-01 -3.4697812050580978e-02 8.2838112115859985e-01 -5.5908924341201782e-01 8.0548739433288574e-01 2.1040000000000000e+03 2.0128279113769531e+02
-1.6768805682659149e-02 -8.1882327795028687e-01 -5.7380062341690063e-01 1.9208610057830811e+00 -5.4158944636583328e-02 5.8263981342315674e-01 -8.1092399358749390e-01 2.0258040428161621e+00 1.9060000000000000e+03 1.9969149780273438e+02
9.8658907413482666e-01 -1.3973100483417511e-01 -8.4363855421543121e-02 1.1763159036636353e+00 9.8311018943786621e-01 6.5867990255355835e-02 -1.7075030505657196e-01 1.1726475954055786e+00 3.2520000000000000e+03 9.1104553222656250e+01
9.8519694805145264e-01 -1.4292423427104950e-01 -9.4655044376850128e-02 1.1987310647964478e+00 9.8407036066055298e-01 5.7660799473524094e-02 -1.6816897690296173e-01 1.1565618515014648e+00 1.4700000000000000e+03 1.1801646423339844e+02
9.8669588565826416e-01 -1.4265848696231842e-01 -7.7972926199436188e-02 1.1603398323059082e+00 9.8425924777984619e-01 5.1596496254205704e-02 -1.6903105378150940e-01 1.1377351284027100e+00 1.5110000000000000e+03 8.3273994445800781e+01
9.8570704460144043e-01 -1.4768750965595245e-01 -8.1056110560894012e-02 1.1673873662948608e+00 9.8466426134109497e-01 5.2675433456897736e-02 -1.6631765663623810e-01 1.1482632160186768e+00 2.1160000000000000e+03 9.4963668823242188e+01
