9.9999785423278809e-01 9.6412363927811384e-04 -1.7858286155387759e-03 1.1658304929733276e+00 9.9943161010742188e-01 -7.3333508335053921e-03 -3.2903462648391724e-02 1.2055854797363281e+00 1.2360000000000000e+03 1.1987621307373047e+02
7.7554378658533096e-03 9.7281599044799805e-01 -2.3144984245300293e-01 5.5968356132507324e-01 1.5927055850625038e-02 -1.5242967009544373e-01 -9.8818600177764893e-01 4.7337287664413452e-01 3.4840000000000000e+03 9.7597587585449219e+01
6.5507912077009678e-03 7.8295749425888062e-01 -6.2204080820083618e-01 4.6686789393424988e-01 1.1870687827467918e-02 -6.8139886856079102e-01 -7.3181593418121338e-01 5.7891649007797241e-01 1.9700000000000000e+03 1.5687461853027344e+02
9.3552647158503532e-03 6.7375969886779785e-01 -7.3889112472534180e-01 5.8748257160186768e-01 1.1870687827467918e-02 -6.8139886856079102e-01 -7.3181593418121338e-01 5.7891649007797241e-01 1.4710000000000000e+03 1.4355560302734375e+02
9.3552647158503532e-03 6.7375969886779785e-01 -7.3889112472534180e-01 5.8748257160186768e-01 1.1091982014477253e-03 -7.5254613161087036e-01 -6.5853869915008545e-01 5.4819846153259277e-01 1.1770000000000000e+03 1.2860493469238281e+02
7.5606189668178558e-02 7.0831495523452759e-01 -7.0183587074279785e-01 5.3559166193008423e-01 1.1870687827467918e-02 -6.8139886856079102e-01 -7.3181593418121338e-01 5.7891649007797241e-01 1.6920000000000000e+03 2.2382565307617188e+02
7.5606189668178558e-02 7.0831495523452759e-01 -7.0183587074279785e-01 5.3559166193008423e-01 1.1091982014477253e-03 -7.5254613161087036e-01 -6.5853869915008545e-01 5.4819846153259277e-01 1.1770000000000000e+03 2.2382565307617188e+02
-1.8215734511613846e-02 9.6386831998825073e-01 -2.6575568318367004e-01 9.6578562259674072e-01 2.5196384638547897e-02 -2.1077971160411835e-01 -9.7720867395401001e-01 8.8397729396820068e-01 3.4040000000000000e+03 1.7271267700195312e+02
-6.5743653103709221e-03 8.3168500661849976e-01 -5.5520868301391602e-01 1.0495516061782837e+00 -1.8248273059725761e-02 -4.8242285847663879e-01 -8.7574839591979980e-01 1.0408623218536377e+00 2.8030000000000000e+03 1.6427862548828125e+02
3.6298058927059174e-02 7.5155806541442871e-01 -6.5866744518280029e-01 1.5142413377761841e+00 7.7244495041668415e-03 -5.8943378925323486e-01 -8.0777972936630249e-01 1.5099788904190063e+00 1.1580000000000000e+03 1.3021490478515625e+02
-3.4157313406467438e-02 7.2310787439346313e-01 -6.8989008665084839e-01 2.0907988548278809e+00 -8.6367242038249969e-03 -6.3734179735183716e-01 -7.7053284645080566e-01 1.9618812799453735e+00 1.5170000000000000e+03 1.6150000000000000e+02
-1.2433719635009766e-01 6.5007156133651733e-01 -7.4963140487670898e-01 9.6470129489898682e-01 -1.3478267192840576e-01 -7.0026367902755737e-01 -7.0104521512985229e-01 1.1370638608932495e+00 5.6560000000000000e+03 1.9209617614746094e+02
-1.3316763937473297e-01 6.6547185182571411e-01 -7.3444789648056030e-01 1.1469861268997192e+00 -1.3478267192840576e-01 -7.0026367902755737e-01 -7.0104521512985229e-01 1.1370638608932495e+00 1.7880000000000000e+03 2.0319686889648438e+02
-1.2936849892139435e-01 6.8972498178482056e-01 -7.1242070198059082e-01 7.7186846733093262e-01 -1.3281667232513428e-01 -6.8351578712463379e-01 -7.1775060892105103e-01 7.6529669761657715e-01 8.8720000000000000e+03 1.4855255126953125e+02
9.9133157730102539e-01 1.2448076158761978e-01 -4.2027361690998077e-02 1.1615606546401978e+00 9.8584753274917603e-01 -5.4754815995693207e-02 -1.5844994783401489e-01 1.1965811252593994e+00 2.2720000000000000e+03 1.2823304748535156e+02
9.9039602279663086e-01 1.2853094935417175e-01 -5.0946094095706940e-02 1.1504120826721191e+00 9.8330712318420410e-01 -4.9518540501594543e-02 -1.7508552968502045e-01 1.1873838901519775e+00 2.4810000000000000e+03 1.1262273406982422e+02
9.8991811275482178e-01 1.2982751429080963e-01 -5.6629948318004608e-02 1.1663900613784790e+00 9.8560178279876709e-01 -5.1930774003267288e-02 -1.6091091930866241e-01 1.1695024967193604e+00 1.6920000000000000e+03 1.0246953582763672e+02
