9.9961507320404053e-01 1.0510369902476668e-03 -2.7725137770175934e-02 1.1818521022796631e+00 9.9961513280868530e-01 2.2405209019780159e-02 -1.6358580440282822e-02 1.1632292270660400e+00 1.2550000000000000e+03 6.3817920684814453e+01
9.9951320886611938e-01 1.6979442909359932e-02 -2.6171043515205383e-02 1.1892272233963013e+00 9.9978792667388916e-01 4.4961348176002502e-03 -2.0100437104701996e-02 1.1615709066390991e+00 1.5250000000000000e+03 4.9914096832275391e+01
9.9947798252105713e-01 2.1428262814879417e-02 -2.4176152423024178e-02 1.1878880262374878e+00 9.9987620115280151e-01 -1.5732340514659882e-02 -4.1992866317741573e-04 1.1225678920745850e+00 1.0300000000000000e+03 7.5765014648437500e+01
9.9985891580581665e-01 -1.5280564315617085e-02 6.9575891830027103e-03 1.1119768619537354e+00 9.9937421083450317e-01 3.1567007303237915e-02 -1.5957485884428024e-02 1.1546657085418701e+00 1.1050000000000000e+03 6.3131221771240234e+01
9.9971371889114380e-01 3.1594373285770416e-03 -2.3713773116469383e-02 1.1753979921340942e+00 9.9974733591079712e-01 1.7963215708732605e-02 -1.3516269624233246e-02 1.1566715240478516e+00 1.1250000000000000e+03 6.4489097595214844e+01
9.9943679571151733e-01 6.7899660207331181e-03 -3.2865557819604874e-02 1.1902347803115845e+00 9.9993723630905151e-01 9.5168612897396088e-03 5.9161051176488400e-03 1.1065746545791626e+00 1.5440000000000000e+03 5.3157382965087891e+01
9.9953502416610718e-01 -2.0583388395607471e-03 -3.0423913151025772e-02 1.1766567230224609e+00 9.9993717670440674e-01 8.4513118490576744e-03 -7.3693725280463696e-03 1.1455154418945312e+00 2.4560000000000000e+03 8.6556175231933594e+01
9.8749387264251709e-01 -1.4317798614501953e-01 -6.5998680889606476e-02 1.1526327133178711e+00 9.8793393373489380e-01 1.5135776996612549e-01 3.2823815941810608e-02 1.1512910127639771e+00 1.5900000000000000e+03 5.4788887023925781e+01
9.8625570535659790e-01 -1.4467279613018036e-01 -7.9808220267295837e-02 1.1652237176895142e+00 9.9147087335586548e-01 1.2259656935930252e-01 4.4221773743629456e-02 1.1409885883331299e+00 1.7200000000000000e+03 9.8955230712890625e+01
9.8519694805145264e-01 -1.4292423427104950e-01 -9.4655044376850128e-02 1.1987310647964478e+00 9.9007320404052734e-01 1.3584300875663757e-01 3.6080755293369293e-02 1.1431179046630859e+00 1.4700000000000000e+03 9.9611564636230469e+01
