-4.5818794518709183e-02 4.0925481915473938e-01 -9.1126894950866699e-01 7.3733282089233398e-01 -1.8418576568365097e-02 -3.2431441545486450e-01 -9.4576996564865112e-01 6.8668770790100098e-01 1.9360000000000000e+03 8.4319183349609375e+01
-2.0155793055891991e-02 7.5596287846565247e-02 -9.9693477153778076e-01 2.5530223846435547e+00 3.7792047951370478e-03 -6.3028240203857422e-01 -7.7635663747787476e-01 2.6015450954437256e+00 3.4550000000000000e+03 2.0321765136718750e+02
1.9914889708161354e-02 -1.0111999697983265e-02 -9.9975049495697021e-01 2.1118459701538086e+00 1.4599733985960484e-02 -7.3329287767410278e-01 -6.7975610494613647e-01 2.1891553401947021e+00 1.0530000000000000e+03 1.5601391601562500e+02
-2.8454225510358810e-02 3.4186676144599915e-01 -9.3931752443313599e-01 2.6243119239807129e+00 4.8077790997922421e-03 -3.7239453196525574e-01 -9.2806208133697510e-01 2.6246764659881592e+00 4.5170000000000000e+03 1.9870378112792969e+02
5.7884886860847473e-02 9.6904434263706207e-02 -9.9360901117324829e-01 1.2531692981719971e+00 6.0426056385040283e-02 -6.3336127996444702e-01 -7.7149343490600586e-01 1.2701482772827148e+00 6.1000000000000000e+03 1.6049114990234375e+02
-4.5517724356614053e-04 7.8930586576461792e-02 -9.9687993526458740e-01 6.8355435132980347e-01 3.4446563571691513e-02 -6.3492107391357422e-01 -7.7180874347686768e-01 6.9681459665298462e-01 2.4740000000000000e+03 7.0329689025878906e+01
4.7243103384971619e-02 7.6878674328327179e-02 -9.9592053890228271e-01 1.2578278779983521e+00 7.1485422551631927e-02 -6.3928997516632080e-01 -7.6563578844070435e-01 1.2854529619216919e+00 5.6860000000000000e+03 1.7852832031250000e+02
1.4080381020903587e-02 7.0191675424575806e-01 -7.1211981773376465e-01 8.8004320859909058e-01 4.0704365819692612e-02 5.1663558930158615e-02 -9.9783474206924438e-01 8.2148575782775879e-01 8.2040000000000000e+03 1.3349295043945312e+02
3.0902964994311333e-02 3.1884336471557617e-01 -9.4730341434478760e-01 7.0519369840621948e-01 4.0148396044969559e-02 -3.8262069225311279e-01 -9.2303282022476196e-01 6.9880092144012451e-01 1.5588000000000000e+04 1.4210232543945312e+02
1.6644055023789406e-02 4.5027995109558105e-01 -8.9273238182067871e-01 6.4579981565475464e-01 4.2549673467874527e-02 -3.8855835795402527e-01 -9.2044115066528320e-01 4.8211839795112610e-01 1.5024000000000000e+04 1.4291107177734375e+02
-3.1310193240642548e-02 -4.9471509456634521e-01 -8.6849099397659302e-01 1.5161036252975464e+00 2.2674626670777798e-03 -9.7140741348266602e-01 -2.3740795254707336e-01 1.5197986364364624e+00 2.9190000000000000e+03 1.9144877624511719e+02
-2.6791067793965340e-02 -4.9587920308113098e-01 -8.6797815561294556e-01 1.3378204107284546e+00 2.2674626670777798e-03 -9.7140741348266602e-01 -2.3740795254707336e-01 1.5197986364364624e+00 2.9190000000000000e+03 1.9144877624511719e+02
-6.4221392385661602e-03 2.5269529223442078e-01 -9.6752464771270752e-01 1.6423408985137939e+00 3.1790167093276978e-02 -4.3869218230247498e-01 -8.9807492494583130e-01 1.6879773139953613e+00 4.2360000000000000e+03 1.3998068237304688e+02
9.9892306327819824e-01 -4.4653251767158508e-02 1.2606051750481129e-02 1.1664057970046997e+00 9.9963426589965820e-01 2.1057529374957085e-02 1.6972681507468224e-02 1.1763372421264648e+00 1.0230000000000000e+03 1.1507820129394531e+02
-2.8627447318285704e-03 1.5602253377437592e-01 -9.8774933815002441e-01 1.3749295473098755e+00 1.5881547704339027e-02 -5.3879046440124512e-01 -8.4229010343551636e-01 1.3925648927688599e+00 6.9130000000000000e+03 1.5136485290527344e+02
9.9996703863143921e-01 -8.0422153696417809e-03 -1.1452293256297708e-03 7.1472251415252686e-01 9.9969643354415894e-01 1.5022304840385914e-02 -1.9527900964021683e-02 7.6354140043258667e-01 1.0530000000000000e+03 9.6747421264648438e+01
-4.0738401003181934e-03 9.2819851636886597e-01 -3.7206298112869263e-01 1.2491254806518555e+00 1.4574547298252583e-02 3.6896577477455139e-01 -9.2932868003845215e-01 1.2050268650054932e+00 3.1880000000000000e+03 1.4910758972167969e+02
1.1812782613560557e-03 5.8837920427322388e-01 -8.0858421325683594e-01 1.1903818845748901e+00 1.4712923206388950e-02 -1.1747049540281296e-01 -9.9296736717224121e-01 1.1670768260955811e+00 5.2520000000000000e+03 1.8862091064453125e+02
-1.7761681228876114e-02 -2.2891449928283691e-01 -9.7328448295593262e-01 5.0346893072128296e-01 2.4546839296817780e-02 -8.6739355325698853e-01 -4.9701696634292603e-01 5.8304983377456665e-01 3.2590000000000000e+03 1.6461982727050781e+02
1.0657949745655060e-01 8.9311921596527100e-01 -4.3701142072677612e-01 5.0583380460739136e-01 9.5508404076099396e-02 2.4208441376686096e-01 -9.6554309129714966e-01 4.9724894762039185e-01 2.0850000000000000e+03 1.5860247802734375e+02
9.9950480461120605e-01 -3.1312800943851471e-02 3.0986564233899117e-03 6.8089890480041504e-01 9.9962246417999268e-01 2.7099393308162689e-02 4.5308764092624187e-03 7.0318830013275146e-01 1.2410000000000000e+03 1.0091571044921875e+02
-2.9357569292187691e-02 -1.1324937641620636e-01 -9.9313271045684814e-01 2.5264551639556885e+00 -6.1586746014654636e-03 -7.8621900081634521e-01 -6.1791729927062988e-01 2.5617785453796387e+00 3.4710000000000000e+03 1.9647018432617188e+02
-3.6196097731590271e-02 5.9141379594802856e-01 -8.0555540323257446e-01 2.2102012634277344e+00 6.5542249940335751e-03 -7.7460058033466339e-02 -9.9697381258010864e-01 2.2001669406890869e+00 2.7570000000000000e+03 1.5766273498535156e+02
-3.3525358885526657e-02 2.1509937942028046e-02 -9.9920630455017090e-01 2.1402847766876221e+00 -1.1474725790321827e-02 -6.2032961845397949e-01 -7.8425723314285278e-01 2.2279007434844971e+00 2.7930000000000000e+03 1.9975848388671875e+02
-1.3525988906621933e-02 4.6720407903194427e-02 -9.9881637096405029e-01 2.3460252285003662e+00 -1.1474725790321827e-02 -6.2032961845397949e-01 -7.8425723314285278e-01 2.2279007434844971e+00 1.3450000000000000e+03 1.9975848388671875e+02
-1.6227949410676956e-02 -2.1140247583389282e-02 -9.9964481592178345e-01 1.8084331750869751e+00 2.3191245272755623e-02 -7.2303795814514160e-01 -6.9041889905929565e-01 1.8314447402954102e+00 2.1760000000000000e+03 1.6588786315917969e+02
1.3259385526180267e-01 -6.2205392867326736e-02 -9.8921656608581543e-01 1.9682488441467285e+00 2.3191245272755623e-02 -7.2303795814514160e-01 -6.9041889905929565e-01 1.8314447402954102e+00 1.2050000000000000e+03 1.6588786315917969e+02
-9.7106611356139183e-03 8.6554461717605591e-01 -5.0073778629302979e-01 1.1368619203567505e+00 2.4243405088782310e-02 1.9791226089000702e-01 -9.7991985082626343e-01 1.1607607603073120e+00 2.4740000000000000e+03 1.8012878417968750e+02
-1.5174821019172668e-02 1.2855212390422821e-01 -9.9158668518066406e-01 8.9663678407669067e-01 1.3644528575241566e-02 -5.0572794675827026e-01 -8.6258512735366821e-01 7.3162108659744263e-01 5.2570000000000000e+03 1.3425752258300781e+02
-2.3430936038494110e-02 5.6988966464996338e-01 -8.2138705253601074e-01 1.1636488437652588e+00 2.0520590245723724e-02 -1.4686402678489685e-01 -9.8894381523132324e-01 1.2993770837783813e+00 2.2120000000000000e+03 1.8108515930175781e+02
7.3796465992927551e-02 -2.0166633650660515e-02 -9.9706941843032837e-01 2.8108131885528564e+00 1.5680487453937531e-01 -7.3548930883407593e-01 -6.5914160013198853e-01 2.8656358718872070e+00 3.3160000000000000e+03 1.6791555786132812e+02
-9.9133485555648804e-01 2.5165952742099762e-02 -1.2892590463161469e-01 1.9060795307159424e+00 -9.8557138442993164e-01 -7.9940550029277802e-02 -1.4919312298297882e-01 1.9964426755905151e+00 1.2620000000000000e+03 2.1471791076660156e+02
-9.8442584276199341e-01 5.1156539469957352e-02 -1.6819244623184204e-01 2.0387003421783447e+00 -9.8453104496002197e-01 -7.9184107482433319e-02 -1.5629608929157257e-01 2.0144453048706055e+00 1.6020000000000000e+03 1.9246719360351562e+02
1.2663947045803070e-01 8.5255467891693115e-01 -5.0706321001052856e-01 1.4433467388153076e+00 1.2655968964099884e-01 2.4101936817169189e-01 -9.6223294734954834e-01 1.3881859779357910e+00 5.8720000000000000e+03 1.4366995239257812e+02
1.4045004546642303e-01 2.3757718503475189e-01 -9.6116113662719727e-01 1.2623592615127563e+00 1.6320200264453888e-01 -4.3840679526329041e-01 -8.8383513689041138e-01 1.2743108272552490e+00 8.7630000000000000e+03 1.6415657043457031e+02
1.3942587375640869e-01 1.3231769204139709e-01 -9.8135238885879517e-01 1.5265409946441650e+00 1.6832596063613892e-01 -5.7377815246582031e-01 -8.0152666568756104e-01 1.5423057079315186e+00 7.1330000000000000e+03 1.4574880981445312e+02
1.4225107431411743e-01 6.6516685485839844e-01 -7.3301959037780762e-01 1.3610470294952393e+00 1.5610089898109436e-01 -2.4189775809645653e-02 -9.8744481801986694e-01 1.3113811016082764e+00 5.3420000000000000e+03 1.7599119567871094e+02
