-9.9494189023971558e-01 -9.5033042132854462e-02 3.2545439898967743e-02 4.0429949760437012e-01 -9.9549657106399536e-01 8.7620005011558533e-02 -3.6184385418891907e-02 3.9849796891212463e-01 5.7400000000000000e+03 3.7267684936523438e+02
-9.9988007545471191e-01 -1.1204334907233715e-02 -1.0689997114241123e-02 3.7247270345687866e-01 -9.9996876716613770e-01 6.0925697907805443e-03 5.0231139175593853e-03 3.7377658486366272e-01 1.3200000000000000e+04 3.7856301879882812e+02
-9.8553633689880371e-01 1.0647945851087570e-01 1.3183405995368958e-01 4.1060417890548706e-01 -9.8380386829376221e-01 -1.0783239454030991e-01 -1.4318600296974182e-01 3.9237314462661743e-01 1.0424000000000000e+04 3.6206146240234375e+02
-9.5271736383438110e-01 1.9596163928508759e-01 2.3222520947456360e-01 4.6192049980163574e-01 -9.4495970010757446e-01 -2.0771884918212891e-01 -2.5279262661933899e-01 4.2631763219833374e-01 4.3060000000000000e+03 3.6043218994140625e+02
-9.8309487104415894e-01 -1.4214594848453999e-02 1.8254388868808746e-01 4.5110496878623962e-01 -9.8228722810745239e-01 1.4000807888805866e-02 -1.8685790896415710e-01 4.3078091740608215e-01 7.1010000000000000e+03 3.8317956542968750e+02
-9.6659290790557861e-01 -2.3651584982872009e-01 9.8784253001213074e-02 4.5167797803878784e-01 -9.6704983711242676e-01 2.3260785639286041e-01 -1.0348021239042282e-01 4.3968355655670166e-01 1.3775000000000000e+04 4.0920339965820312e+02
-9.6164512634277344e-01 -2.7334260940551758e-01 2.2859957069158554e-02 4.3556720018386841e-01 -9.6181774139404297e-01 2.7269557118415833e-01 -2.3319756612181664e-02 4.3211424350738525e-01 1.6724000000000000e+04 3.9163354492187500e+02
-9.3620586395263672e-01 -3.4867376089096069e-01 -4.4102400541305542e-02 4.2668208479881287e-01 -9.3758398294448853e-01 3.4515681862831116e-01 4.2463198304176331e-02 4.3052965402603149e-01 1.1470000000000000e+04 3.9086932373046875e+02
-9.0343993902206421e-01 -4.1430681943893433e-01 -1.1020953208208084e-01 4.2976740002632141e-01 -9.0416002273559570e-01 4.1238567233085632e-01 1.1150199919939041e-01 4.4295027852058411e-01 8.2940000000000000e+03 3.6902905273437500e+02
-9.7577130794525146e-01 -5.3954228758811951e-02 -2.1203592419624329e-01 3.9877212047576904e-01 -9.7710430622100830e-01 4.1744466871023178e-02 2.0862525701522827e-01 4.1873067617416382e-01 4.1590000000000000e+03 4.0983312988281250e+02
-9.7835922241210938e-01 1.1905815452337265e-01 -1.6922858357429504e-01 4.0063869953155518e-01 -9.7863960266113281e-01 -1.2901586294174194e-01 1.6006092727184296e-01 4.2251497507095337e-01 5.7840000000000000e+03 4.4597354125976562e+02
-9.0073752403259277e-01 3.8590750098228455e-01 -1.9936771690845490e-01 3.6942878365516663e-01 -9.0328782796859741e-01 -3.8602590560913086e-01 1.8723008036613464e-01 3.9220008254051208e-01 2.1680000000000000e+03 4.4148617553710938e+02
-8.5760140419006348e-01 4.9895647168159485e-01 -1.2474904954433441e-01 3.7504899501800537e-01 -8.5822033882141113e-01 -5.0167810916900635e-01 1.0852125287055969e-01 3.8875409960746765e-01 6.9450000000000000e+03 4.4028768920898438e+02
-9.2343235015869141e-01 3.8295856118202209e-01 2.4809462949633598e-02 2.9757875204086304e-01 -9.2071795463562012e-01 -3.8846766948699951e-01 -3.7032917141914368e-02 2.9489138722419739e-01 1.6220000000000000e+04 3.8524911499023438e+02
-8.0465644598007202e-01 -5.7404309511184692e-01 1.5166610479354858e-01 3.0579751729965210e-01 -8.0625230073928833e-01 5.7124555110931396e-01 -1.5373939275741577e-01 2.8824955224990845e-01 9.9080000000000000e+03 4.3677270507812500e+02
-8.8310903310775757e-01 -4.6877244114875793e-01 1.9258171319961548e-02 2.9504090547561646e-01 -8.8682669401168823e-01 4.6161147952079773e-01 -2.1291432902216911e-02 2.9277515411376953e-01 1.9683000000000000e+04 3.9369345092773438e+02
