1.3697723858058453e-02 -2.2501283884048462e-01 -9.7425955533981323e-01 1.2324981689453125e+00 -4.1408378630876541e-02 -8.7587541341781616e-01 -4.8075729608535767e-01 1.2395031452178955e+00 2.4170000000000000e+03 2.1738021850585938e+02
2.3451916873455048e-02 -1.6401323676109314e-01 -9.8617923259735107e-01 1.8612276315689087e+00 -7.3041699826717377e-02 -8.2261121273040771e-01 -5.6389349699020386e-01 1.9323929548263550e+00 2.0800000000000000e+03 2.1807884216308594e+02
1.3023058883845806e-02 -2.3317189887166023e-02 -9.9964338541030884e-01 2.2106387615203857e+00 -2.9473632574081421e-02 -7.1155476570129395e-01 -7.0201224088668823e-01 2.2710859775543213e+00 4.6570000000000000e+03 1.9551856994628906e+02
3.6385585553944111e-03 7.0812356472015381e-01 -7.0607918500900269e-01 1.3673907518386841e+00 4.7243103384971619e-02 7.6878674328327179e-02 -9.9592053890228271e-01 1.2578278779983521e+00 1.1880000000000000e+03 1.6183753967285156e+02
1.6468936577439308e-02 6.6092118620872498e-02 -9.9767756462097168e-01 9.6130353212356567e-01 7.7915133442729712e-04 -6.2669456005096436e-01 -7.7926462888717651e-01 1.0076023340225220e+00 2.5440000000000000e+03 1.1368395996093750e+02
6.2239237129688263e-02 3.8545135408639908e-02 -9.9731665849685669e-01 1.5320314168930054e+00 -4.6326997689902782e-03 -6.1369925737380981e-01 -7.8952634334564209e-01 1.6044223308563232e+00 2.1170000000000000e+03 2.1609825134277344e+02
2.0578665658831596e-02 7.5518000125885010e-01 -6.5519440174102783e-01 9.5576298236846924e-01 -4.0357238613069057e-03 -4.8185478895902634e-02 -9.9883019924163818e-01 9.0993517637252808e-01 6.4080000000000000e+03 1.4865168762207031e+02
1.4330225996673107e-02 9.1191416978836060e-01 -4.1013064980506897e-01 7.2442197799682617e-01 3.0902964994311333e-02 3.1884336471557617e-01 -9.4730341434478760e-01 7.0519369840621948e-01 8.9530000000000000e+03 1.3387922668457031e+02
1.8545532599091530e-02 9.4317299127578735e-01 -3.3178439736366272e-01 6.8588083982467651e-01 1.6644055023789406e-02 4.5027995109558105e-01 -8.9273238182067871e-01 6.4579981565475464e-01 9.0970000000000000e+03 1.4291107177734375e+02
3.1326462049037218e-03 9.0426111221313477e-01 -4.2696845531463623e-01 5.0161260366439819e-01 1.8633259460330009e-02 3.3315095305442810e-01 -9.4268935918807983e-01 4.6615645289421082e-01 2.0940000000000000e+03 1.6313417053222656e+02
4.1718250140547752e-03 -1.0323134064674377e-01 -9.9464857578277588e-01 8.2724475860595703e-01 -1.8496531993150711e-02 -8.1613111495971680e-01 -5.7757061719894409e-01 8.3406335115432739e-01 1.1240000000000000e+03 9.6958923339843750e+01
4.1718250140547752e-03 -1.0323134064674377e-01 -9.9464857578277588e-01 8.2724475860595703e-01 -2.6184195652604103e-02 -8.1493049860000610e-01 -5.7896685600280762e-01 8.3661460876464844e-01 5.1120000000000000e+03 1.7408412170410156e+02
-3.9714365266263485e-03 8.5820835828781128e-01 -5.1328611373901367e-01 1.6668955087661743e+00 -6.4221392385661602e-03 2.5269529223442078e-01 -9.6752464771270752e-01 1.6423408985137939e+00 4.8640000000000000e+03 1.4268934631347656e+02
-5.4066284792497754e-04 9.9819612503051758e-01 -6.0035459697246552e-02 1.2720936536788940e+00 -7.5489585287868977e-03 6.7745059728622437e-01 -7.3552954196929932e-01 1.2026871442794800e+00 1.0220000000000000e+03 1.4476040649414062e+02
9.9989390373229980e-01 -1.3545113615691662e-02 5.3490167483687401e-03 1.1520954370498657e+00 9.9935019016265869e-01 -2.5498820468783379e-02 2.5472413748502731e-02 1.1594008207321167e+00 1.9830000000000000e+03 9.4875526428222656e+01
-5.5186469107866287e-03 6.8080621957778931e-01 -7.3244279623031616e-01 9.8794323205947876e-01 -8.0888206139206886e-03 6.4957119524478912e-02 -9.9785524606704712e-01 9.1997939348220825e-01 5.3090000000000000e+03 1.7101411437988281e+02
-5.5201904615387321e-04 8.7983526289463043e-02 -9.9612182378768921e-01 1.2630186080932617e+00 -1.4799460768699646e-02 -6.0516107082366943e-01 -7.9596543312072754e-01 1.2938407659530640e+00 1.2020000000000000e+04 1.5527770996093750e+02
-1.2371545657515526e-02 9.9102175235748291e-01 -1.3312698900699615e-01 1.1634479761123657e+00 1.1812782613560557e-03 5.8837920427322388e-01 -8.0858421325683594e-01 1.1903818845748901e+00 1.4220000000000000e+03 1.8862091064453125e+02
-2.1690888330340385e-02 8.6576312780380249e-01 -4.9998375773429871e-01 1.2330787181854248e+00 1.3891574926674366e-02 2.3355086147785187e-01 -9.7224533557891846e-01 1.1997292041778564e+00 2.6530000000000000e+03 1.7821522521972656e+02
6.3608190976083279e-03 5.7359403371810913e-01 -8.1911492347717285e-01 8.4171175956726074e-01 -1.2565443757921457e-03 -1.2604022026062012e-01 -9.9202436208724976e-01 8.1718641519546509e-01 3.3030000000000000e+03 1.8760369873046875e+02
-1.5140151372179389e-03 9.8857647180557251e-01 -1.5071231126785278e-01 6.5847474336624146e-01 9.7239390015602112e-03 5.8368533849716187e-01 -8.1192165613174438e-01 6.6582918167114258e-01 1.7490000000000000e+03 1.3218238830566406e+02
-3.2251484692096710e-02 -1.2259665876626968e-01 -9.9193245172500610e-01 2.7283465862274170e+00 -4.6933375298976898e-02 -7.7548664808273315e-01 -6.2961709499359131e-01 2.7559731006622314e+00 1.5920000000000000e+03 2.1082914733886719e+02
-4.0253754705190659e-02 7.3824435472488403e-01 -6.7333120107650757e-01 2.2245435714721680e+00 -3.3525358885526657e-02 2.1509937942028046e-02 -9.9920630455017090e-01 2.1402847766876221e+00 2.7930000000000000e+03 1.5089364624023438e+02
-4.0253754705190659e-02 7.3824435472488403e-01 -6.7333120107650757e-01 2.2245435714721680e+00 -1.3525988906621933e-02 4.6720407903194427e-02 -9.9881637096405029e-01 2.3460252285003662e+00 1.3450000000000000e+03 1.5847732543945312e+02
-3.1165609136223793e-02 6.5055423974990845e-01 -7.5881999731063843e-01 1.8565967082977295e+00 -1.6227949410676956e-02 -2.1140247583389282e-02 -9.9964481592178345e-01 1.8084331750869751e+00 4.3600000000000000e+03 1.7367866516113281e+02
-3.8249112665653229e-02 2.2101807594299316e-01 -9.7451943159103394e-01 2.4893586635589600e+00 -2.7270762249827385e-02 -4.3811464309692383e-01 -8.9850527048110962e-01 2.5165057182312012e+00 3.5160000000000000e+03 1.9359710693359375e+02
4.2903772555291653e-03 8.6432373523712158e-01 -5.0291764736175537e-01 5.9695780277252197e-01 3.4446171484887600e-03 2.7648434042930603e-01 -9.6101224422454834e-01 6.4716666936874390e-01 4.3780000000000000e+03 1.2199816894531250e+02
-3.4260936081409454e-02 8.6057913303375244e-01 -5.0816297531127930e-01 8.2679510116577148e-01 -1.5174821019172668e-02 1.2855212390422821e-01 -9.9158668518066406e-01 8.9663678407669067e-01 2.1600000000000000e+03 1.8503750610351562e+02
9.9974153563380241e-03 5.1154494285583496e-01 -8.5919827222824097e-01 9.6283841133117676e-01 -7.0163770578801632e-03 -1.5500041842460632e-01 -9.8788952827453613e-01 9.4391876459121704e-01 1.0950000000000000e+04 1.4441920471191406e+02
-2.7393942698836327e-02 7.4625670909881592e-01 -6.6509431600570679e-01 1.4177836179733276e+00 6.7376866936683655e-03 1.0738862305879593e-01 -9.9419432878494263e-01 1.3153274059295654e+00 3.0080000000000000e+03 1.3931190490722656e+02
-2.7393942698836327e-02 7.4625670909881592e-01 -6.6509431600570679e-01 1.4177836179733276e+00 3.5770130343735218e-03 7.9262234270572662e-02 -9.9684739112854004e-01 1.5369817018508911e+00 1.7870000000000000e+03 1.3931190490722656e+02
-9.9205821752548218e-01 1.1190027743577957e-01 -5.7435691356658936e-02 1.9469330310821533e+00 -9.9133485555648804e-01 2.5165952742099762e-02 -1.2892590463161469e-01 1.9060795307159424e+00 1.2620000000000000e+03 2.1471791076660156e+02
1.3805778324604034e-01 8.4633749723434448e-01 -5.1444417238235474e-01 1.2906265258789062e+00 1.4045004546642303e-01 2.3757718503475189e-01 -9.6116113662719727e-01 1.2623592615127563e+00 6.1760000000000000e+03 1.4013844299316406e+02
3.9367478340864182e-02 -1.4150069653987885e-01 -9.8915505409240723e-01 1.1459283828735352e+00 2.5805475190281868e-02 -7.8293496370315552e-01 -6.2156814336776733e-01 1.1791390180587769e+00 4.6070000000000000e+03 1.5087585449218750e+02
-1.2671477161347866e-02 -3.8223198056221008e-01 -9.2397946119308472e-01 1.2151739597320557e+00 -1.3903142884373665e-02 -9.2218303680419922e-01 -3.8650369644165039e-01 1.2304514646530151e+00 3.8510000000000000e+03 1.6124954223632812e+02
