2.8408529236912727e-02 4.8176017403602600e-01 -8.7584245204925537e-01 1.5899956226348877e+00 2.5866450741887093e-02 -1.4952279627323151e-01 -9.8841983079910278e-01 1.5870659351348877e+00 3.7420000000000000e+03 1.8257217407226562e+02
-2.2185062989592552e-02 9.9963063001632690e-01 -1.5693059191107750e-02 5.9567588567733765e-01 6.5507912077009678e-03 7.8295749425888062e-01 -6.2204080820083618e-01 4.6686789393424988e-01 1.2700000000000000e+03 1.5687461853027344e+02
-2.2185062989592552e-02 9.9963063001632690e-01 -1.5693059191107750e-02 5.9567588567733765e-01 9.3552647158503532e-03 6.7375969886779785e-01 -7.3889112472534180e-01 5.8748257160186768e-01 1.2700000000000000e+03 1.2588425445556641e+02
-2.2185062989592552e-02 9.9963063001632690e-01 -1.5693059191107750e-02 5.9567588567733765e-01 7.5606189668178558e-02 7.0831495523452759e-01 -7.0183587074279785e-01 5.3559166193008423e-01 1.2700000000000000e+03 2.2382565307617188e+02
1.5426949597895145e-02 6.2906622886657715e-02 -9.9790018796920776e-01 1.9574521780014038e+00 -2.4326575919985771e-02 -6.1560559272766113e-01 -7.8767883777618408e-01 2.0953927040100098e+00 5.0320000000000000e+03 1.7669615173339844e+02
1.7608797177672386e-02 8.9261665940284729e-02 -9.9585258960723877e-01 1.3089574575424194e+00 1.8417656421661377e-02 -6.1164480447769165e-01 -7.9091811180114746e-01 1.3531781435012817e+00 9.3140000000000000e+03 1.3096897888183594e+02
1.7608797177672386e-02 8.9261665940284729e-02 -9.9585258960723877e-01 1.3089574575424194e+00 3.4527178853750229e-02 -5.3019475936889648e-01 -8.4717267751693726e-01 1.4036223888397217e+00 4.8650000000000000e+03 1.6555847167968750e+02
9.9974733591079712e-01 1.7963215708732605e-02 -1.3516269624233246e-02 1.1566715240478516e+00 9.9971461296081543e-01 -2.1992998197674751e-02 9.3192774802446365e-03 1.1681127548217773e+00 1.3960000000000000e+03 1.1534169006347656e+02
9.9996680021286011e-01 -2.7086231857538223e-03 -7.6913353987038136e-03 1.1238272190093994e+00 9.9976301193237305e-01 -2.0280916243791580e-02 -7.9163229092955589e-03 1.2000792026519775e+00 1.5940000000000000e+03 9.3959220886230469e+01
-1.5990072861313820e-02 7.5350540876388550e-01 -6.5724724531173706e-01 1.1231060028076172e+00 2.9896743595600128e-02 9.1574765741825104e-02 -9.9534928798675537e-01 1.0873409509658813e+00 5.5220000000000000e+03 1.4209942626953125e+02
-1.5990072861313820e-02 7.5350540876388550e-01 -6.5724724531173706e-01 1.1231060028076172e+00 -1.9219199195504189e-02 1.0223844647407532e-01 -9.9457418918609619e-01 1.1025880575180054e+00 1.5170000000000000e+03 1.5569743347167969e+02
9.9993723630905151e-01 9.5168612897396088e-03 5.9161051176488400e-03 1.1065746545791626e+00 9.9966758489608765e-01 -1.9714970141649246e-02 1.6615560278296471e-02 1.1547722816467285e+00 1.1160000000000000e+03 1.2077239990234375e+02
1.2503281235694885e-02 -1.0255721956491470e-01 -9.9464851617813110e-01 1.6490600109100342e+00 -2.9733838513493538e-02 -7.7869057655334473e-01 -6.2670308351516724e-01 1.7376353740692139e+00 2.0220000000000000e+03 1.7502917480468750e+02
-5.3364722989499569e-03 5.7435107231140137e-01 -8.1859171390533447e-01 7.9072660207748413e-01 1.5237217769026756e-02 -1.3816854357719421e-01 -9.9029147624969482e-01 8.0893856287002563e-01 2.6450000000000000e+03 1.3448973083496094e+02
-5.2180308848619461e-03 5.7778441905975342e-01 -8.1617271900177002e-01 6.6581523418426514e-01 1.5237217769026756e-02 -1.3816854357719421e-01 -9.9029147624969482e-01 8.0893856287002563e-01 4.0670000000000000e+03 1.7163536071777344e+02
-4.5460399240255356e-02 8.1330823898315430e-01 -5.8005440235137939e-01 2.4995002746582031e+00 -2.5848928838968277e-02 1.9609966874122620e-01 -9.8024320602416992e-01 2.5032546520233154e+00 3.1890000000000000e+03 1.3671849060058594e+02
-1.0143539868295193e-02 -4.0799338370561600e-02 -9.9911594390869141e-01 2.5399286746978760e+00 -6.6941450349986553e-03 -7.8077530860900879e-01 -6.2477606534957886e-01 2.5849895477294922e+00 1.7560000000000000e+03 1.9920558166503906e+02
6.9793346337974072e-03 -9.0216614305973053e-02 -9.9589776992797852e-01 2.4009721279144287e+00 -6.6941450349986553e-03 -7.8077530860900879e-01 -6.2477606534957886e-01 2.5849895477294922e+00 1.7560000000000000e+03 2.0261668395996094e+02
-1.9439052045345306e-01 9.8090624809265137e-01 5.9436075389385223e-03 6.8793094158172607e-01 -1.0851611196994781e-01 6.7913806438446045e-01 -7.2594469785690308e-01 7.2492974996566772e-01 1.1390000000000000e+03 1.5731694030761719e+02
9.8709106445312500e-01 1.5363144874572754e-01 4.5260701328516006e-02 1.1514687538146973e+00 9.9043214321136475e-01 1.2976159155368805e-01 -4.6966779977083206e-02 1.1504011154174805e+00 1.4540000000000000e+03 1.1513892364501953e+02
9.8793393373489380e-01 1.5135776996612549e-01 3.2823815941810608e-02 1.1512910127639771e+00 9.9200218915939331e-01 1.1538016796112061e-01 -5.1175970584154129e-02 1.1480481624603271e+00 1.1660000000000000e+03 1.1427272796630859e+02
-3.9378073066473007e-02 5.3459364175796509e-01 -8.4419131278991699e-01 1.1021089553833008e+00 -2.1011926233768463e-02 -1.0932206362485886e-01 -9.9378436803817749e-01 1.0902684926986694e+00 5.2650000000000000e+03 1.7356068420410156e+02
-7.8658752143383026e-02 5.2904981374740601e-01 -8.4493732452392578e-01 8.9809793233871460e-01 -2.1011926233768463e-02 -1.0932206362485886e-01 -9.9378436803817749e-01 1.0902684926986694e+00 1.6800000000000000e+03 1.7356068420410156e+02
1.1902610212564468e-01 -3.8554471731185913e-01 -9.1497975587844849e-01 1.4561396837234497e+00 1.5268748998641968e-01 -9.4391149282455444e-01 -2.9277604818344116e-01 1.4272038936614990e+00 1.6720000000000000e+03 1.5555801391601562e+02
1.4721825718879700e-01 1.5065407752990723e-01 -9.7756332159042358e-01 1.1562644243240356e+00 1.0994993895292282e-01 -5.3705871105194092e-01 -8.3634859323501587e-01 1.2056120634078979e+00 1.6480000000000000e+03 1.0478536224365234e+02
