-5.7686502113938332e-03 5.1426398754119873e-01 -8.5761255025863647e-01 4.8449492454528809e-01 1.5927055850625038e-02 -1.5242967009544373e-01 -9.8818600177764893e-01 4.7337287664413452e-01 4.4440000000000000e+03 1.4437263488769531e+02
9.9962717294692993e-01 1.0131978429853916e-02 -2.5355556979775429e-02 2.9582595825195312e-01 9.9944227933883667e-01 1.1413211002945900e-02 -3.1380042433738708e-02 3.0877065658569336e-01 1.9330000000000000e+03 9.1426277160644531e+01
2.6876542717218399e-02 3.5374835133552551e-01 -9.3495446443557739e-01 8.6791676282882690e-01 4.9113817512989044e-02 -3.8015091419219971e-01 -9.2361956834793091e-01 8.7485665082931519e-01 7.4980000000000000e+03 1.6242620849609375e+02
-1.1367066949605942e-01 8.5515685379505157e-02 -9.8983138799667358e-01 6.1413395404815674e-01 -3.4033928066492081e-02 -5.9425133466720581e-01 -8.0355906486511230e-01 6.7460256814956665e-01 3.4210000000000000e+03 8.7151123046875000e+01
-4.0992431342601776e-02 7.8760370612144470e-02 -9.9605035781860352e-01 2.1876258850097656e+00 -1.6118345782160759e-02 -6.9190764427185059e-01 -7.2180598974227905e-01 1.9890009164810181e+00 2.4240000000000000e+03 1.8500494384765625e+02
-9.8823055624961853e-02 5.2771229296922684e-02 -9.9370479583740234e-01 6.1350440979003906e-01 -1.9980641081929207e-02 -6.2302887439727783e-01 -7.8194367885589600e-01 6.7011427879333496e-01 1.6900000000000000e+03 8.7718734741210938e+01
-4.5266740024089813e-02 6.6647678613662720e-02 -9.9674922227859497e-01 2.1847949028015137e+00 -1.4215457253158092e-02 -6.4159333705902100e-01 -7.6691317558288574e-01 2.2201998233795166e+00 3.3300000000000000e+03 2.0407717895507812e+02
-6.2305927276611328e-02 8.6686939001083374e-02 -9.9428534507751465e-01 2.4561078548431396e+00 -3.9509292691946030e-03 -6.0011404752731323e-01 -7.9990470409393311e-01 2.5030071735382080e+00 2.7830000000000000e+03 2.0208802795410156e+02
-1.6382090747356415e-02 3.2365691661834717e-01 -9.4603270292282104e-01 2.7617623805999756e+00 1.6170971095561981e-02 -3.7920713424682617e-01 -9.2517048120498657e-01 2.7477905750274658e+00 1.9330000000000000e+03 1.7431462097167969e+02
-3.0153263360261917e-02 8.0535262823104858e-02 -9.9629551172256470e-01 1.9764117002487183e+00 -1.9256617873907089e-02 -5.9106302261352539e-01 -8.0639541149139404e-01 1.9986799955368042e+00 3.2620000000000000e+03 1.5808184814453125e+02
6.5732081420719624e-03 4.2738267779350281e-01 -9.0404695272445679e-01 9.3902862071990967e-01 2.5196384638547897e-02 -2.1077971160411835e-01 -9.7720867395401001e-01 8.8397729396820068e-01 1.4260000000000000e+03 1.7271267700195312e+02
-9.6775991842150688e-03 1.7049929499626160e-01 -9.8531025648117065e-01 9.9165445566177368e-01 -1.8248273059725761e-02 -4.8242285847663879e-01 -8.7574839591979980e-01 1.0408623218536377e+00 2.8030000000000000e+03 1.6427862548828125e+02
-1.4758461154997349e-02 5.4514127969741821e-01 -8.3821427822113037e-01 5.5018746852874756e-01 -1.1750159785151482e-02 -9.6006885170936584e-02 -9.9531131982803345e-01 5.1638764142990112e-01 1.0590000000000000e+03 1.2263755798339844e+02
-3.4697812050580978e-02 8.2838112115859985e-01 -5.5908924341201782e-01 8.0548739433288574e-01 -3.5750353708863258e-03 1.9356216490268707e-01 -9.8108142614364624e-01 8.4768939018249512e-01 2.1040000000000000e+03 2.0128279113769531e+02
5.8135781437158585e-03 7.0472615957260132e-01 -7.0945566892623901e-01 1.3823932409286499e+00 -3.8389402907341719e-03 -1.2893623113632202e-01 -9.9164551496505737e-01 1.4869654178619385e+00 2.3930000000000000e+03 1.0630452728271484e+02
1.8909344449639320e-02 7.5078174471855164e-02 -9.9699836969375610e-01 1.4301866292953491e+00 7.7244495041668415e-03 -5.8943378925323486e-01 -8.0777972936630249e-01 1.5099788904190063e+00 2.4010000000000000e+03 1.3021490478515625e+02
-4.6172816306352615e-02 -1.2287353165447712e-02 -9.9885785579681396e-01 2.8824009895324707e+00 -2.9734747484326363e-02 -7.2014051675796509e-01 -6.9319081306457520e-01 2.8992798328399658e+00 3.9680000000000000e+03 1.9753352355957031e+02
9.9981629848480225e-01 -1.3639165088534355e-02 -1.3461656868457794e-02 6.5848523378372192e-01 9.9984496831893921e-01 1.4284007251262665e-02 -1.0293478146195412e-02 6.8211007118225098e-01 1.3930000000000000e+03 1.0686506652832031e+02
-3.5687487572431564e-02 1.6145397722721100e-01 -9.8623472452163696e-01 3.1156852245330811e+00 -2.4620659649372101e-02 -4.8208346962928772e-01 -8.7577921152114868e-01 3.0930535793304443e+00 2.6080000000000000e+03 1.9675843811035156e+02
9.9906843900680542e-01 -2.4233551230281591e-03 -4.3086055666208267e-02 7.9924142360687256e-01 9.9873590469360352e-01 1.2565109878778458e-02 -4.8669025301933289e-02 8.5515034198760986e-01 1.4140000000000000e+03 1.1503819274902344e+02
9.9944126605987549e-01 -1.3948126696050167e-02 -3.0376091599464417e-02 7.9442286491394043e-01 9.9922680854797363e-01 2.9648847877979279e-02 -2.5820242241024971e-02 8.0910664796829224e-01 1.0860000000000000e+03 9.6492630004882812e+01
-4.1050285100936890e-02 5.5090260505676270e-01 -8.3355939388275146e-01 2.5809590816497803e+00 -2.6553444564342499e-02 -1.5372085571289062e-01 -9.8775750398635864e-01 2.5437631607055664e+00 6.0600000000000000e+03 1.8175637817382812e+02
-1.6755805909633636e-01 4.4759631156921387e-01 -8.7839728593826294e-01 1.5882213115692139e+00 -1.5210132300853729e-01 -2.3716361820697784e-01 -9.5948868989944458e-01 1.7562644481658936e+00 6.6580000000000000e+03 1.6622123718261719e+02
-1.4032495021820068e-01 -5.6938253343105316e-02 -9.8846697807312012e-01 1.0914804935455322e+00 -1.3478267192840576e-01 -7.0026367902755737e-01 -7.0104521512985229e-01 1.1370638608932495e+00 2.4990000000000000e+03 1.9209617614746094e+02
-1.3367021083831787e-01 2.8668636456131935e-02 -9.9061113595962524e-01 5.5465865135192871e-01 -1.4190864562988281e-01 -6.4168065786361694e-01 -7.5372928380966187e-01 5.8845418691635132e-01 1.4094000000000000e+04 1.4634120178222656e+02
9.8530769348144531e-01 7.1215488016605377e-02 -1.5523284673690796e-01 1.1547815799713135e+00 9.8584753274917603e-01 -5.4754815995693207e-02 -1.5844994783401489e-01 1.1965811252593994e+00 2.3000000000000000e+03 1.2823304748535156e+02
9.8407036066055298e-01 5.7660799473524094e-02 -1.6816897690296173e-01 1.1565618515014648e+00 9.8560899496078491e-01 -4.6160042285919189e-02 -1.6261723637580872e-01 1.1701525449752808e+00 2.0650000000000000e+03 1.1801646423339844e+02
9.8466426134109497e-01 5.2675433456897736e-02 -1.6631765663623810e-01 1.1482632160186768e+00 9.9006152153015137e-01 -4.4564627110958099e-02 -1.3338743150234222e-01 9.4873964786529541e-01 1.3340000000000000e+03 8.7407844543457031e+01
9.8390585184097290e-01 7.3075979948043823e-02 -1.6306175291538239e-01 1.1410133838653564e+00 9.8560178279876709e-01 -5.1930774003267288e-02 -1.6091091930866241e-01 1.1695024967193604e+00 1.9740000000000000e+03 1.0246953582763672e+02
