9.9978089332580566e-01 -1.0262254625558853e-02 -1.8242692574858665e-02 1.1800737380981445e+00 9.9961513280868530e-01 2.2405209019780159e-02 -1.6358580440282822e-02 1.1632292270660400e+00 1.2550000000000000e+03 9.6538589477539062e+01
9.9987602233886719e-01 -7.5804032385349274e-03 -1.3805545866489410e-02 1.1663231849670410e+00 9.9978792667388916e-01 4.4961348176002502e-03 -2.0100437104701996e-02 1.1615709066390991e+00 1.5250000000000000e+03 1.1281581878662109e+02
9.9976485967636108e-01 1.0156996548175812e-02 -1.9160807132720947e-02 1.1613463163375854e+00 9.9987620115280151e-01 -1.5732340514659882e-02 -4.1992866317741573e-04 1.1225678920745850e+00 1.3490000000000000e+03 1.1826481628417969e+02
1.8545532599091530e-02 9.4317299127578735e-01 -3.3178439736366272e-01 6.8588083982467651e-01 3.0921859666705132e-02 -8.6198103427886963e-01 -5.0599664449691772e-01 5.8700060844421387e-01 4.7510000000000000e+03 1.7564849853515625e+02
9.9957567453384399e-01 1.6507605090737343e-02 -2.4002701044082642e-02 1.1843979358673096e+00 9.9996680021286011e-01 -2.7086231857538223e-03 -7.6913353987038136e-03 1.1238272190093994e+00 1.3650000000000000e+03 1.1006666564941406e+02
9.9975919723510742e-01 1.2351009063422680e-02 -1.8138518556952477e-02 1.1708173751831055e+00 9.9987518787384033e-01 -9.8329670727252960e-03 -1.2361500412225723e-02 1.1288793087005615e+00 1.3720000000000000e+03 1.1771254730224609e+02
9.9991708993911743e-01 1.1048563756048679e-02 -6.6100480034947395e-03 1.1532001495361328e+00 9.9933272600173950e-01 -6.8426541984081268e-03 -3.5876840353012085e-02 1.1697218418121338e+00 1.3940000000000000e+03 8.0734161376953125e+01
-5.4066284792497754e-04 9.9819612503051758e-01 -6.0035459697246552e-02 1.2720936536788940e+00 1.8382541835308075e-02 -6.8339532613754272e-01 -7.2981697320938110e-01 1.1701517105102539e+00 1.0220000000000000e+03 1.6415611267089844e+02
9.9989390373229980e-01 -1.3545113615691662e-02 5.3490167483687401e-03 1.1520954370498657e+00 9.9948531389236450e-01 2.4162018671631813e-02 -2.1104170009493828e-02 1.1611157655715942e+00 1.9830000000000000e+03 6.6222221374511719e+01
9.9993628263473511e-01 -1.0626288130879402e-02 3.8044704124331474e-03 1.1372662782669067e+00 9.9908757209777832e-01 2.1091187372803688e-02 -3.7136599421501160e-02 1.1940932273864746e+00 1.7850000000000000e+03 8.4206291198730469e+01
9.9996238946914673e-01 -2.6118499226868153e-03 -8.2649821415543556e-03 1.1471252441406250e+00 9.9988132715225220e-01 -2.2596272174268961e-03 -1.5240921638906002e-02 1.1586666107177734e+00 1.1730000000000000e+03 9.8552246093750000e+01
4.2903772555291653e-03 8.6432373523712158e-01 -5.0291764736175537e-01 5.9695780277252197e-01 3.1661719083786011e-02 -9.2293876409530640e-01 -3.8364258408546448e-01 6.6061496734619141e-01 4.3780000000000000e+03 1.4075559997558594e+02
-1.1735786683857441e-02 6.7750638723373413e-01 -7.3542332649230957e-01 7.1402233839035034e-01 2.4568645283579826e-02 -9.9914830923080444e-01 3.3153504133224487e-02 6.1616712808609009e-01 2.3480000000000000e+03 1.7796356201171875e+02
-3.4260936081409454e-02 8.6057913303375244e-01 -5.0816297531127930e-01 8.2679510116577148e-01 -7.3354197666049004e-03 -9.6536159515380859e-01 -2.6081299781799316e-01 9.3688583374023438e-01 2.1600000000000000e+03 1.8586483764648438e+02
-3.4260936081409454e-02 8.6057913303375244e-01 -5.0816297531127930e-01 8.2679510116577148e-01 1.0873034596443176e-02 -9.6624547243118286e-01 -2.5739365816116333e-01 7.5588136911392212e-01 2.1600000000000000e+03 1.8503750610351562e+02
9.8845887184143066e-01 -1.3902780413627625e-01 6.0168828815221786e-02 1.1398713588714600e+00 9.8709106445312500e-01 1.5363144874572754e-01 4.5260701328516006e-02 1.1514687538146973e+00 1.8270000000000000e+03 7.8057853698730469e+01
-9.9205821752548218e-01 1.1190027743577957e-01 -5.7435691356658936e-02 1.9469330310821533e+00 -9.8009860515594482e-01 -1.8783071637153625e-01 -6.4236856997013092e-02 1.8693728446960449e+00 1.5640000000000000e+03 2.0234693908691406e+02
9.8956221342086792e-01 -1.2955884635448456e-01 6.3095681369304657e-02 1.1445485353469849e+00 9.8793393373489380e-01 1.5135776996612549e-01 3.2823815941810608e-02 1.1512910127639771e+00 1.3910000000000000e+03 1.1150611114501953e+02
1.3805778324604034e-01 8.4633749723434448e-01 -5.1444417238235474e-01 1.2906265258789062e+00 1.6507877409458160e-01 -9.3426668643951416e-01 -3.1606140732765198e-01 1.2804908752441406e+00 4.5140000000000000e+03 1.8081501770019531e+02
