6.0477741062641144e-03 7.3632794618606567e-01 -6.7659789323806763e-01 9.8733133077621460e-01 7.7915133442729712e-04 -6.2669456005096436e-01 -7.7926462888717651e-01 1.0076023340225220e+00 2.5440000000000000e+03 1.1368395996093750e+02
8.6029646918177605e-03 6.9756525754928589e-01 -7.1646964550018311e-01 1.6280841827392578e+00 -4.6326997689902782e-03 -6.1369925737380981e-01 -7.8952634334564209e-01 1.6044223308563232e+00 2.1170000000000000e+03 2.1609825134277344e+02
-8.9218588545918465e-03 4.9680697917938232e-01 -8.6781519651412964e-01 8.2016521692276001e-01 -1.8496531993150711e-02 -8.1613111495971680e-01 -5.7757061719894409e-01 8.3406335115432739e-01 1.1240000000000000e+03 1.6159008789062500e+02
-8.9218588545918465e-03 4.9680697917938232e-01 -8.6781519651412964e-01 8.2016521692276001e-01 -2.6184195652604103e-02 -8.1493049860000610e-01 -5.7896685600280762e-01 8.3661460876464844e-01 7.4090000000000000e+03 1.7408412170410156e+02
-2.4418679997324944e-02 8.2396793365478516e-01 -5.6611013412475586e-01 1.5608357191085815e+00 -3.1310193240642548e-02 -4.9471509456634521e-01 -8.6849099397659302e-01 1.5161036252975464e+00 6.5010000000000000e+03 1.7641702270507812e+02
-8.4400428459048271e-03 9.8462665081024170e-01 -1.7446818947792053e-01 7.4405956268310547e-01 -1.2565443757921457e-03 -1.2604022026062012e-01 -9.9202436208724976e-01 8.1718641519546509e-01 1.5170000000000000e+03 1.2311407470703125e+02
-2.2710327059030533e-02 9.8996287584304810e-01 -1.3949133455753326e-01 8.7456524372100830e-01 -1.2565443757921457e-03 -1.2604022026062012e-01 -9.9202436208724976e-01 8.1718641519546509e-01 2.4820000000000000e+03 1.2311407470703125e+02
-4.7959763556718826e-02 8.4657311439514160e-01 -5.3010731935501099e-01 2.6340806484222412e+00 -2.7270762249827385e-02 -4.3811464309692383e-01 -8.9850527048110962e-01 2.5165057182312012e+00 2.1810000000000000e+03 1.9359710693359375e+02
7.5123511254787445e-02 7.5389236211776733e-01 -6.5268880128860474e-01 1.0705980062484741e+00 6.3985489308834076e-02 -5.9414404630661011e-01 -8.0180966854095459e-01 1.1817080974578857e+00 4.7440000000000000e+03 1.2748690032958984e+02
3.2835721969604492e-02 5.3852081298828125e-01 -8.4197217226028442e-01 1.2019469738006592e+00 2.5805475190281868e-02 -7.8293496370315552e-01 -6.2156814336776733e-01 1.1791390180587769e+00 2.8210000000000000e+03 1.9438072204589844e+02
