9.9968141317367554e-01 -1.0623185895383358e-02 -2.2892147302627563e-02 9.3794894218444824e-01 9.9926924705505371e-01 1.6282256692647934e-02 -3.4580573439598083e-02 9.7231394052505493e-01 4.5980000000000000e+03 8.9315650939941406e+01
-9.9953210353851318e-01 -2.9218392446637154e-02 -9.0524964034557343e-03 1.5780228376388550e+00 -9.9937719106674194e-01 -1.1321756988763809e-02 -3.3421821892261505e-02 1.6026679277420044e+00 1.8710000000000000e+03 2.0733724975585938e+02
9.9970942735671997e-01 -1.1349292472004890e-02 -2.1264521405100822e-02 9.3108034133911133e-01 9.9917310476303101e-01 1.8164133653044701e-02 -3.6378528922796249e-02 9.7340601682662964e-01 4.1890000000000000e+03 8.8746009826660156e+01
-9.9984544515609741e-01 -1.5112249180674553e-02 -8.9871725067496300e-03 1.6124289035797119e+00 -9.9957203865051270e-01 -1.8916871398687363e-02 -2.2313084453344345e-02 1.5651582479476929e+00 2.4750000000000000e+03 2.0282263183593750e+02
9.9971067905426025e-01 -6.4674150198698044e-03 -2.3168241605162621e-02 9.3851923942565918e-01 9.9932026863098145e-01 1.4740043319761753e-02 -3.3792033791542053e-02 9.6715211868286133e-01 4.6640000000000000e+03 8.9650016784667969e+01
-9.9928957223892212e-01 -3.5394910722970963e-02 -1.2946412898600101e-02 1.6008330583572388e+00 -9.9902904033660889e-01 -2.4205045774579048e-02 -3.6811348050832748e-02 1.6124020814895630e+00 2.3760000000000000e+03 2.0172080993652344e+02
9.9967455863952637e-01 -7.9162148758769035e-03 -2.4253195151686668e-02 9.3538087606430054e-01 9.9894642829895020e-01 2.4174269288778305e-02 -3.9008129388093948e-02 9.8123490810394287e-01 3.2880000000000000e+03 8.8365959167480469e+01
-9.9909955263137817e-01 -3.5973824560642242e-02 -2.2494163364171982e-02 1.6525539159774780e+00 -9.9985384941101074e-01 -1.2627522461116314e-02 -1.1526162736117840e-02 1.5399488210678101e+00 1.5600000000000000e+03 1.9670056152343750e+02
9.9968659877777100e-01 -1.1051611043512821e-02 -2.2461336106061935e-02 9.3006294965744019e-01 9.9916821718215942e-01 1.8530435860157013e-02 -3.6323949694633484e-02 9.6677595376968384e-01 4.6050000000000000e+03 9.5287078857421875e+01
9.9969053268432617e-01 -1.4552592299878597e-02 -2.0178241655230522e-02 9.2637908458709717e-01 9.9907672405242920e-01 1.7132721841335297e-02 -3.9398454129695892e-02 9.6335220336914062e-01 5.3390000000000000e+03 8.7451828002929688e+01
9.9975365400314331e-01 -1.0287470184266567e-02 -1.9668657332658768e-02 9.2402446269989014e-01 9.9942451715469360e-01 1.1674610897898674e-02 -3.1848452985286713e-02 9.5285224914550781e-01 5.0370000000000000e+03 8.4686363220214844e+01
9.9979954957962036e-01 -1.2431142851710320e-02 -1.5691891312599182e-02 9.2157077789306641e-01 9.9927067756652832e-01 1.0443925857543945e-02 -3.6729034036397934e-02 9.5182394981384277e-01 3.3450000000000000e+03 7.9855621337890625e+01
9.9969220161437988e-01 -1.3251600787043571e-02 -2.0975485444068909e-02 9.0771138668060303e-01 9.9907112121582031e-01 2.5756392627954483e-02 -3.4548591822385788e-02 9.5788967609405518e-01 2.2560000000000000e+03 1.2144193267822266e+02
9.9967336654663086e-01 4.6565420925617218e-03 -2.5132536888122559e-02 9.2769354581832886e-01 9.9942106008529663e-01 1.7457874491810799e-02 -2.9201814904808998e-02 9.5681154727935791e-01 2.8140000000000000e+03 7.6504692077636719e+01
9.9957340955734253e-01 -1.0558045469224453e-02 -2.7232643216848373e-02 9.3829017877578735e-01 9.9923270940780640e-01 1.4628387056291103e-02 -3.6331623792648315e-02 9.6529650688171387e-01 1.8290000000000000e+03 7.5176170349121094e+01
9.9968975782394409e-01 -8.1915371119976044e-03 -2.3520115762948990e-02 3.6625465750694275e-01 9.9976336956024170e-01 1.1883705854415894e-02 -1.8219117075204849e-02 3.7049618363380432e-01 1.7280000000000000e+03 6.7790512084960938e+01
9.9995476007461548e-01 -6.9003077223896980e-03 -6.5545244142413139e-03 9.0745133161544800e-01 9.9911212921142578e-01 1.0420888662338257e-02 -4.0821615606546402e-02 9.5763367414474487e-01 1.3710000000000000e+03 9.1951164245605469e+01
9.9996340274810791e-01 -5.3817839361727238e-03 -6.6473111510276794e-03 9.1297340393066406e-01 9.9932706356048584e-01 8.2085952162742615e-03 -3.5750489681959152e-02 9.4346964359283447e-01 2.8400000000000000e+03 1.1244084167480469e+02
9.9973881244659424e-01 -9.2907240614295006e-03 -2.0877720788121223e-02 9.3429744243621826e-01 9.9931240081787109e-01 1.2670161202549934e-02 -3.4843940287828445e-02 9.4803804159164429e-01 4.3290000000000000e+03 8.4923538208007812e+01
-9.9870145320892334e-01 -4.7366008162498474e-02 -1.8761642277240753e-02 1.6358399391174316e+00 -9.9968200922012329e-01 -1.7816282808780670e-02 -1.7848292365670204e-02 1.5191011428833008e+00 1.6040000000000000e+03 2.1596383666992188e+02
9.9952954053878784e-01 1.1882684193551540e-03 -3.0649879947304726e-02 9.3412899971008301e-01 9.9970448017120361e-01 1.1040996760129929e-02 -2.1658483892679214e-02 9.6339941024780273e-01 4.4630000000000000e+03 8.2229217529296875e+01
-9.9807268381118774e-01 -6.1964455991983414e-02 -3.3670177217572927e-03 1.6172262430191040e+00 -9.9912399053573608e-01 -1.5896718949079514e-02 -3.8711685687303543e-02 1.5311731100082397e+00 2.1280000000000000e+03 2.0786262512207031e+02
9.9980103969573975e-01 -1.0528114624321461e-02 -1.6942854970693588e-02 9.2653501033782959e-01 9.9925386905670166e-01 1.0654347017407417e-02 -3.7124618887901306e-02 9.5049881935119629e-01 1.5920000000000000e+03 8.7373115539550781e+01
9.9951094388961792e-01 -1.3221441768109798e-02 -2.8337214142084122e-02 9.3636816740036011e-01 9.9897176027297974e-01 2.2548720240592957e-02 -3.9331570267677307e-02 9.4820380210876465e-01 2.5370000000000000e+03 7.6254547119140625e+01
9.9963057041168213e-01 -4.7271656803786755e-03 -2.6764221489429474e-02 9.2845022678375244e-01 9.9945467710494995e-01 1.2250933796167374e-02 -3.0662935227155685e-02 9.4468039274215698e-01 3.1090000000000000e+03 7.8050498962402344e+01
9.9960005283355713e-01 -5.4399240761995316e-03 -2.7749052271246910e-02 9.3330729007720947e-01 9.9941617250442505e-01 1.7474127933382988e-02 -2.9357736930251122e-02 9.5201039314270020e-01 2.7210000000000000e+03 5.9340682983398438e+01
9.9961972236633301e-01 -4.1642021387815475e-03 -2.7259351685643196e-02 9.3888652324676514e-01 9.9939978122711182e-01 1.5942985191941261e-02 -3.0754324048757553e-02 9.5799028873443604e-01 3.6230000000000000e+03 8.4970787048339844e+01
9.9946725368499756e-01 -2.9205773025751114e-02 -1.4571814797818661e-02 9.3410617113113403e-01 9.9810373783111572e-01 2.4740058928728104e-02 -5.6364163756370544e-02 9.5131117105484009e-01 1.6320000000000000e+03 8.4836074829101562e+01
9.9991369247436523e-01 -9.5452778041362762e-03 -9.0257050469517708e-03 9.1507506370544434e-01 9.9908632040023804e-01 1.4521554112434387e-02 -4.0197368711233139e-02 9.5154219865798950e-01 3.0130000000000000e+03 7.4175903320312500e+01
9.9989491701126099e-01 -7.2567728348076344e-03 -1.2545634992420673e-02 9.1717737913131714e-01 9.9921852350234985e-01 1.5082496218383312e-02 -3.6535948514938354e-02 9.5181107521057129e-01 3.0950000000000000e+03 7.4707267761230469e+01
9.9972271919250488e-01 -8.6091281846165657e-03 -2.1918963640928268e-02 9.2643296718597412e-01 9.9925148487091064e-01 1.7300534993410110e-02 -3.4598287194967270e-02 9.5238393545150757e-01 3.6170000000000000e+03 7.5093818664550781e+01
9.9980914592742920e-01 -7.7716079540550709e-03 -1.7922112718224525e-02 9.2670953273773193e-01 9.9922585487365723e-01 1.4497871510684490e-02 -3.6571234464645386e-02 9.5067363977432251e-01 3.6190000000000000e+03 7.6686904907226562e+01
9.9977445602416992e-01 -6.0174604877829552e-03 -2.0363658666610718e-02 9.2819529771804810e-01 9.9907535314559937e-01 1.6246311366558075e-02 -3.9806552231311798e-02 9.5429575443267822e-01 4.2370000000000000e+03 8.7421600341796875e+01
9.9924969673156738e-01 -5.8103143237531185e-03 -3.8295030593872070e-02 9.2856949567794800e-01 9.9925792217254639e-01 2.7771810069680214e-02 -2.6693612337112427e-02 9.6366471052169800e-01 2.3480000000000000e+03 1.0448509216308594e+02
9.9997723102569580e-01 -5.2410946227610111e-03 -4.2573702521622181e-03 9.0572476387023926e-01 9.9956464767456055e-01 1.1506804265081882e-02 -2.7166191488504410e-02 9.5115602016448975e-01 1.9640000000000000e+03 7.6141952514648438e+01
9.9998944997787476e-01 -4.5143663883209229e-03 -8.9922273764386773e-04 8.9939492940902710e-01 9.9950802326202393e-01 9.0896617621183395e-03 -3.0018819496035576e-02 9.5146125555038452e-01 1.9420000000000000e+03 7.6838203430175781e+01
9.9973857402801514e-01 -3.1245120335370302e-03 -2.2651094943284988e-02 9.2918574810028076e-01 9.9956333637237549e-01 1.1393344961106777e-02 -2.7261570096015930e-02 9.5965099334716797e-01 2.7590000000000000e+03 8.4234382629394531e+01
9.9982535839080811e-01 -1.4369553886353970e-02 -1.1946443468332291e-02 9.0832775831222534e-01 9.9908888339996338e-01 1.6164908185601234e-02 -3.9497144520282745e-02 9.4909644126892090e-01 3.7140000000000000e+03 7.7228591918945312e+01
-9.9870479106903076e-01 -3.9712719619274139e-02 -3.1806606799364090e-02 1.6228498220443726e+00 -9.9995237588882446e-01 2.7958755381405354e-03 -9.3483533710241318e-03 1.6074732542037964e+00 1.7550000000000000e+03 1.8852795410156250e+02
9.9975901842117310e-01 -1.1465294286608696e-02 -1.8721984699368477e-02 9.1809940338134766e-01 9.9921423196792603e-01 1.7518037930130959e-02 -3.5553339868783951e-02 9.4702231884002686e-01 2.4900000000000000e+03 8.2291641235351562e+01
9.9961876869201660e-01 -1.6234541311860085e-02 -2.2329425439238548e-02 9.0865856409072876e-01 9.9947988986968994e-01 1.5697056427598000e-02 -2.8173625469207764e-02 9.4848060607910156e-01 1.3330000000000000e+03 8.6009056091308594e+01
9.9994021654129028e-01 -6.9766766391694546e-03 -8.4139863029122353e-03 9.0620809793472290e-01 9.9931758642196655e-01 1.3974530622363091e-02 -3.4189164638519287e-02 9.5046198368072510e-01 1.4070000000000000e+03 8.5946395874023438e+01
9.9996227025985718e-01 -6.9531924091279507e-03 -5.2008093334734440e-03 8.9592289924621582e-01 9.9925148487091064e-01 1.5066047199070454e-02 -3.5630274564027786e-02 9.5309787988662720e-01 1.9550000000000000e+03 8.6454696655273438e+01
9.9980473518371582e-01 -7.8463777899742126e-03 -1.8138408660888672e-02 9.1461366415023804e-01 9.9926567077636719e-01 1.5418413095176220e-02 -3.5077072679996490e-02 9.5266193151473999e-01 4.0300000000000000e+03 8.7016876220703125e+01
-9.9897688627243042e-01 -4.4041916728019714e-02 -1.0261229239404202e-02 1.6326200962066650e+00 -9.9996560811996460e-01 -1.5646325191482902e-03 -8.1363273784518242e-03 1.5773115158081055e+00 1.0300000000000000e+03 2.0038201904296875e+02
9.9969917535781860e-01 -1.0196783579885960e-02 -2.2308811545372009e-02 9.2057007551193237e-01 9.9921125173568726e-01 1.8062496557831764e-02 -3.5366766154766083e-02 9.5223373174667358e-01 4.9610000000000000e+03 8.8933685302734375e+01
-9.9931836128234863e-01 -3.4339386969804764e-02 1.3551816344261169e-02 1.5558888912200928e+00 -9.9970334768295288e-01 1.7041038721799850e-02 1.7403248697519302e-02 1.4973938465118408e+00 1.5820000000000000e+03 2.0476864624023438e+02
9.9973052740097046e-01 -7.2522615082561970e-03 -2.2052541375160217e-02 9.2239189147949219e-01 9.9928319454193115e-01 1.4001317322254181e-02 -3.5171184688806534e-02 9.5086264610290527e-01 5.4270000000000000e+03 8.8089218139648438e+01
-9.9909526109695435e-01 -4.2204916477203369e-02 5.2393856458365917e-03 1.5761866569519043e+00 -9.9948674440383911e-01 -2.8345990926027298e-02 -1.4923013746738434e-02 1.6698821783065796e+00 1.0010000000000000e+03 2.2613386535644531e+02
9.9975186586380005e-01 -3.7009622901678085e-03 -2.1968822926282883e-02 9.2747503519058228e-01 9.9951958656311035e-01 8.6894119158387184e-03 -2.9746824875473976e-02 9.4465148448944092e-01 4.9830000000000000e+03 8.6635482788085938e+01
9.9979388713836670e-01 -7.0650894194841385e-03 -1.9035851582884789e-02 9.1793566942214966e-01 9.9938261508941650e-01 1.1351015418767929e-02 -3.3248707652091980e-02 9.4415235519409180e-01 4.4570000000000000e+03 8.6179206848144531e+01
9.9977177381515503e-01 -3.0018573161214590e-03 -2.1150067448616028e-02 9.2274987697601318e-01 9.9948954582214355e-01 9.7861224785447121e-03 -3.0410097911953926e-02 9.4878441095352173e-01 4.8090000000000000e+03 8.7061965942382812e+01
-9.9868667125701904e-01 -4.8847161233425140e-02 -1.5455817803740501e-02 1.6232980489730835e+00 -9.9965089559555054e-01 -1.5229083597660065e-02 -2.1588820964097977e-02 1.6835986375808716e+00 1.5180000000000000e+03 2.1028656005859375e+02
9.9977922439575195e-01 -1.1462119873613119e-03 -2.0982995629310608e-02 9.2377889156341553e-01 9.9941802024841309e-01 8.1017483025789261e-03 -3.3135287463665009e-02 9.5819073915481567e-01 4.4880000000000000e+03 8.9010025024414062e+01
-9.9817061424255371e-01 -5.6447695940732956e-02 -2.1656114608049393e-02 1.6385957002639771e+00 -9.9968338012695312e-01 -1.6700685024261475e-02 -1.8816949799656868e-02 1.6708368062973022e+00 1.2420000000000000e+03 2.2610467529296875e+02
9.9969965219497681e-01 -9.7523313015699387e-03 -2.2485423833131790e-02 9.2474716901779175e-01 9.9914836883544922e-01 1.5575923956930637e-02 -3.8209259510040283e-02 9.5773148536682129e-01 3.9950000000000000e+03 9.2871337890625000e+01
-9.9832910299301147e-01 -5.2198044955730438e-02 -2.4784864857792854e-02 1.6533758640289307e+00 -9.9928963184356689e-01 -3.3860873430967331e-02 -1.6542794182896614e-02 1.6886773109436035e+00 1.0580000000000000e+03 2.2957467651367188e+02
9.9952167272567749e-01 -7.3612513951957226e-03 -3.0040571466088295e-02 9.3319928646087646e-01 9.9937516450881958e-01 1.8334578722715378e-02 -3.0217189341783524e-02 9.4733458757400513e-01 1.4100000000000000e+03 7.9421180725097656e+01
1.0966663248836994e-02 -6.9657969474792480e-01 -7.1739566326141357e-01 1.2057677507400513e+00 -1.3009476475417614e-02 9.9850034713745117e-01 -5.3177438676357269e-02 1.1978462934494019e+00 1.8230000000000000e+03 1.6033386230468750e+02
9.9977880716323853e-01 -3.2133962959051132e-03 -2.0784603431820869e-02 9.2568433284759521e-01 9.9950510263442993e-01 1.4173855073750019e-02 -2.8084715828299522e-02 9.4355905055999756e-01 1.4820000000000000e+03 7.9891899108886719e+01
1.8266480416059494e-02 -7.1175986528396606e-01 -7.0218527317047119e-01 1.2063329219818115e+00 -6.8121529184281826e-03 9.9783337116241455e-01 -6.5438345074653625e-02 1.1895087957382202e+00 2.4340000000000000e+03 1.4764633178710938e+02
9.9979519844055176e-01 -1.7058640951290727e-03 -2.0164379850029945e-02 9.2322093248367310e-01 9.9939352273941040e-01 1.4093451201915741e-02 -3.1841710209846497e-02 9.5511955022811890e-01 2.7070000000000000e+03 9.0058280944824219e+01
1.9972745329141617e-02 -8.3658432960510254e-01 -5.4747396707534790e-01 1.1801176071166992e+00 -3.5307414364069700e-03 9.6404057741165161e-01 -2.6573175191879272e-01 1.2360349893569946e+00 5.5090000000000000e+03 1.6946801757812500e+02
1.7467163503170013e-02 -8.1942516565322876e-01 -5.7291996479034424e-01 1.3311933279037476e+00 -3.5307414364069700e-03 9.6404057741165161e-01 -2.6573175191879272e-01 1.2360349893569946e+00 2.6980000000000000e+03 1.5134729003906250e+02
9.9973040819168091e-01 9.5461827004328370e-04 -2.3199079558253288e-02 9.2284965515136719e-01 9.9963021278381348e-01 1.3507058843970299e-02 -2.3598758503794670e-02 9.3951445817947388e-01 3.2510000000000000e+03 8.7964294433593750e+01
-9.9807524681091309e-01 -5.9729192405939102e-02 -1.6680406406521797e-02 1.6544871330261230e+00 -9.9950230121612549e-01 2.3547813761979342e-03 -3.1457047909498215e-02 1.5104914903640747e+00 1.8550000000000000e+03 1.9628355407714844e+02
9.9988025426864624e-01 -1.9516303436830640e-03 -1.5346623957157135e-02 9.2263352870941162e-01 9.9942868947982788e-01 8.8799158111214638e-03 -3.2609675079584122e-02 9.4307869672775269e-01 5.0100000000000000e+03 8.9055747985839844e+01
9.9988555908203125e-01 -1.4850669540464878e-02 -2.8915749862790108e-03 8.8529610633850098e-01 9.9925911426544189e-01 2.3385811597108841e-02 -3.0567057430744171e-02 9.6122419834136963e-01 1.8060000000000000e+03 8.5355972290039062e+01
9.9970769882202148e-01 -2.2685948759317398e-02 -8.3709191530942917e-03 9.2513322830200195e-01 9.9836939573287964e-01 1.4161044731736183e-02 -5.5300597101449966e-02 9.5800232887268066e-01 2.4760000000000000e+03 7.7582794189453125e+01
9.9978095293045044e-01 -1.1943070217967033e-02 -1.7188968136906624e-02 9.0996807813644409e-01 9.9890410900115967e-01 2.1954886615276337e-02 -4.1334394365549088e-02 9.6203774213790894e-01 2.5520000000000000e+03 1.0088682556152344e+02
9.9992740154266357e-01 -1.0816792957484722e-02 -5.3245527669787407e-03 9.0022140741348267e-01 9.9914306402206421e-01 1.0774035006761551e-02 -3.9965324103832245e-02 9.5035707950592041e-01 1.3810000000000000e+03 9.7918174743652344e+01
9.9977910518646240e-01 -1.1498577892780304e-02 -1.7595715820789337e-02 9.2223387956619263e-01 9.9917656183242798e-01 1.0702072642743587e-02 -3.9138145744800568e-02 9.5025759935379028e-01 2.2940000000000000e+03 8.4581039428710938e+01
1.7807647585868835e-02 -7.9186403751373291e-01 -6.1043769121170044e-01 1.0733598470687866e+00 6.5850396640598774e-03 9.8383778333663940e-01 -1.7894047498703003e-01 1.1336133480072021e+00 3.6800000000000000e+03 1.2789818572998047e+02
1.9124155864119530e-02 -7.7170717716217041e-01 -6.3569045066833496e-01 1.1020600795745850e+00 6.5850396640598774e-03 9.8383778333663940e-01 -1.7894047498703003e-01 1.1336133480072021e+00 3.6930000000000000e+03 1.7568374633789062e+02
9.9959689378738403e-01 -7.6329098083078861e-03 -2.7348240837454796e-02 9.2796468734741211e-01 9.9937546253204346e-01 1.0624995455145836e-02 -3.3702716231346130e-02 9.5221453905105591e-01 2.3350000000000000e+03 1.1574817657470703e+02
1.0341847315430641e-02 -9.2930430173873901e-01 -3.6917021870613098e-01 1.0499417781829834e+00 -8.6356764659285545e-03 8.9051163196563721e-01 -4.5487833023071289e-01 1.0629515647888184e+00 7.1360000000000000e+03 1.7080416870117188e+02
9.9965089559555054e-01 -5.2403425797820091e-03 -2.5896957144141197e-02 9.2755693197250366e-01 9.9965971708297729e-01 1.4573849737644196e-02 -2.1636171266436577e-02 9.3424785137176514e-01 2.7950000000000000e+03 9.6941856384277344e+01
9.9975019693374634e-01 -9.2291319742798805e-03 -2.0357254892587662e-02 9.3051505088806152e-01 9.9915593862533569e-01 1.5629110857844353e-02 -3.7988156080245972e-02 9.5560091733932495e-01 3.7500000000000000e+03 9.2852531433105469e+01
9.9913036823272705e-01 -1.4574219472706318e-02 -3.9063729345798492e-02 9.5406401157379150e-01 9.9918109178543091e-01 2.4818418547511101e-02 -3.1957879662513733e-02 9.6377390623092651e-01 1.7920000000000000e+03 7.9236152648925781e+01
9.9970936775207520e-01 -1.8467726185917854e-02 -1.5494912862777710e-02 9.3325811624526978e-01 9.9893468618392944e-01 1.8585763871669769e-02 -4.2240455746650696e-02 9.4890624284744263e-01 2.4130000000000000e+03 7.7133522033691406e+01
9.9981909990310669e-01 -9.0902866795659065e-03 -1.6712104901671410e-02 9.2223399877548218e-01 9.9937790632247925e-01 1.1702006682753563e-02 -3.3271506428718567e-02 9.4488990306854248e-01 1.8750000000000000e+03 1.0025040435791016e+02
9.9973785877227783e-01 -1.2168991379439831e-02 -1.9395533949136734e-02 9.2743015289306641e-01 9.9931496381759644e-01 1.0048058815300465e-02 -3.5617049783468246e-02 9.4439440965652466e-01 3.5280000000000000e+03 8.5443878173828125e+01
9.9963569641113281e-01 -7.4722133576869965e-03 -2.5933451950550079e-02 9.2696410417556763e-01 9.9945890903472900e-01 1.2105567380785942e-02 -3.0582888051867485e-02 9.5110160112380981e-01 4.3590000000000000e+03 8.5439918518066406e+01
9.9966835975646973e-01 -8.6201615631580353e-03 -2.4264218285679817e-02 9.2741233110427856e-01 9.9933767318725586e-01 1.1945871636271477e-02 -3.4371294081211090e-02 9.5480346679687500e-01 4.0880000000000000e+03 8.5138511657714844e+01
9.9948990345001221e-01 -1.9146835431456566e-02 -2.5559868663549423e-02 9.1770666837692261e-01 9.9931079149246216e-01 1.6160676255822182e-02 -3.3419527113437653e-02 9.4890910387039185e-01 3.5810000000000000e+03 8.5477478027343750e+01
9.9969911575317383e-01 -1.5365135855972767e-02 -1.9121805205941200e-02 9.1468596458435059e-01 9.9927860498428345e-01 1.4737830497324467e-02 -3.5000920295715332e-02 9.4691270589828491e-01 2.2500000000000000e+03 8.5786773681640625e+01
9.9965757131576538e-01 -8.6038755252957344e-03 -2.4710936471819878e-02 9.2325532436370850e-01 9.9932903051376343e-01 1.4685222879052162e-02 -3.3554233610630035e-02 9.5110487937927246e-01 3.6090000000000000e+03 8.5493698120117188e+01
9.9964874982833862e-01 -8.3015020936727524e-03 -2.5171251967549324e-02 9.2514985799789429e-01 9.9931484460830688e-01 1.3633688911795616e-02 -3.4409400075674057e-02 9.4971442222595215e-01 3.6260000000000000e+03 8.4611312866210938e+01
9.9979752302169800e-01 -7.9965740442276001e-03 -1.8467366695404053e-02 9.1588151454925537e-01 9.9932694435119629e-01 1.3243324123322964e-02 -3.4208722412586212e-02 9.4797754287719727e-01 3.8360000000000000e+03 8.3145919799804688e+01
9.9971359968185425e-01 -1.0032336227595806e-02 -2.1727871149778366e-02 9.1771668195724487e-01 9.9933165311813354e-01 1.6757551580667496e-02 -3.2486673444509506e-02 9.4294148683547974e-01 4.4780000000000000e+03 7.9952880859375000e+01
9.9971514940261841e-01 -8.1332102417945862e-03 -2.2439727559685707e-02 9.1696566343307495e-01 9.9942022562026978e-01 1.6422158107161522e-02 -2.9824435710906982e-02 9.4392031431198120e-01 4.8690000000000000e+03 8.6409484863281250e+01
-9.9969869852066040e-01 -2.2477259859442711e-02 9.8708895966410637e-03 1.5925536155700684e+00 -9.9950951337814331e-01 -1.4560295268893242e-02 -2.7723928913474083e-02 1.6397486925125122e+00 1.3690000000000000e+03 2.0062196350097656e+02
9.9973499774932861e-01 -9.6358060836791992e-03 -2.0905777812004089e-02 9.1718626022338867e-01 9.9931770563125610e-01 1.7585884779691696e-02 -3.2476980239152908e-02 9.4727134704589844e-01 4.5690000000000000e+03 9.1604728698730469e+01
-9.9952685832977295e-01 -3.0708933249115944e-02 -1.7227688804268837e-03 1.6185832023620605e+00 -9.9964320659637451e-01 -1.8418544903397560e-02 -1.9341669976711273e-02 1.6050865650177002e+00 1.5700000000000000e+03 2.0653794860839844e+02
9.9974513053894043e-01 -9.6204224973917007e-03 -2.0423566922545433e-02 9.1654652357101440e-01 9.9937093257904053e-01 1.5918370336294174e-02 -3.1693607568740845e-02 9.4984549283981323e-01 5.1210000000000000e+03 8.6535903930664062e+01
-9.9945747852325439e-01 -2.9034897685050964e-02 1.5553734265267849e-02 1.5655881166458130e+00 -9.9901276826858521e-01 -7.8601203858852386e-03 -4.3723128736019135e-02 1.6700968742370605e+00 1.0160000000000000e+03 2.1595472717285156e+02
9.9970185756683350e-01 -1.2555052526295185e-02 -2.0941499620676041e-02 9.1500854492187500e-01 9.9911481142044067e-01 1.9334156066179276e-02 -3.7360459566116333e-02 9.5687538385391235e-01 5.4190000000000000e+03 8.6198745727539062e+01
9.9969929456710815e-01 -1.1925540864467621e-02 -2.1427972242236137e-02 9.1590845584869385e-01 9.9931645393371582e-01 1.5647022053599358e-02 -3.3490061759948730e-02 9.4951027631759644e-01 4.7750000000000000e+03 8.0776542663574219e+01
9.9974161386489868e-01 -1.4125587418675423e-02 -1.7811747267842293e-02 9.1613405942916870e-01 9.9940752983093262e-01 1.1158908717334270e-02 -3.2558184117078781e-02 9.3568682670593262e-01 2.4970000000000000e+03 7.8437316894531250e+01
9.9978768825531006e-01 -5.0132940523326397e-03 -1.9984982907772064e-02 9.1448169946670532e-01 9.9939650297164917e-01 1.4113269746303558e-02 -3.1740508973598480e-02 9.5319294929504395e-01 3.0910000000000000e+03 7.6279197692871094e+01
9.9970889091491699e-01 -7.2452202439308167e-03 -2.3012425750494003e-02 9.1829591989517212e-01 9.9950724840164185e-01 2.3930976167321205e-02 -2.0308656617999077e-02 9.2840218544006348e-01 1.6760000000000000e+03 8.8628051757812500e+01
-9.9912172555923462e-01 -3.9849877357482910e-02 -1.2953362427651882e-02 1.6491055488586426e+00 -9.9965381622314453e-01 1.2080617249011993e-02 -2.3370685055851936e-02 1.5540492534637451e+00 1.0690000000000000e+03 2.1205601501464844e+02
9.9976295232772827e-01 -1.1592871509492397e-02 -1.8430616706609726e-02 9.1947484016418457e-01 9.9927294254302979e-01 1.5175581909716129e-02 -3.4976284950971603e-02 9.4323790073394775e-01 4.3340000000000000e+03 8.8647766113281250e+01
-9.9866604804992676e-01 -4.8797015100717545e-02 -1.6878824681043625e-02 1.6451454162597656e+00 -9.9971783161163330e-01 -1.5138070099055767e-02 -1.8311310559511185e-02 1.5415503978729248e+00 2.3720000000000000e+03 2.0170530700683594e+02
9.9945574998855591e-01 5.9791994281113148e-03 -3.2442402094602585e-02 9.2262864112854004e-01 9.9974751472473145e-01 1.2239827774465084e-02 -1.8840352073311806e-02 9.6240139007568359e-01 3.8870000000000000e+03 8.7491249084472656e+01
-9.9842745065689087e-01 -5.5510692298412323e-02 -7.8170215710997581e-03 1.6616749763488770e+00 -9.9927109479904175e-01 -2.1616866812109947e-02 -3.1463287770748138e-02 1.5152877569198608e+00 1.4390000000000000e+03 2.1968807983398438e+02
9.9971431493759155e-01 -1.4069137163460255e-02 -1.9323954358696938e-02 9.2797702550888062e-01 9.9919229745864868e-01 1.2787990272045135e-02 -3.8096867501735687e-02 9.4824761152267456e-01 1.7190000000000000e+03 8.7886558532714844e+01
9.9935835599899292e-01 -1.1183427646756172e-02 -3.4024994820356369e-02 9.4472151994705200e-01 9.9895811080932617e-01 2.1038686856627464e-02 -4.0496550500392914e-02 9.6261721849441528e-01 1.4780000000000000e+03 7.0935836791992188e+01
9.9972808361053467e-01 -1.8495906144380569e-02 -1.4196753501892090e-02 9.0917140245437622e-01 9.9895274639129639e-01 2.3460041731595993e-02 -3.9281658828258514e-02 9.4819045066833496e-01 1.8180000000000000e+03 7.3354301452636719e+01
9.9973213672637939e-01 -5.8077611029148102e-03 -2.2401439025998116e-02 9.1915881633758545e-01 9.9942821264266968e-01 1.5055623836815357e-02 -3.0275745317339897e-02 9.4216203689575195e-01 3.1070000000000000e+03 8.0570884704589844e+01
9.9965697526931763e-01 -9.5722014084458351e-03 -2.4377053603529930e-02 9.2773532867431641e-01 9.9940991401672363e-01 2.1875880658626556e-02 -2.6481853798031807e-02 9.4305872917175293e-01 1.6220000000000000e+03 5.5554157257080078e+01
9.9950659275054932e-01 -4.5096287503838539e-03 -3.1084278598427773e-02 9.3992763757705688e-01 9.9941766262054443e-01 1.6569221392273903e-02 -2.9830906540155411e-02 9.5772755146026611e-01 3.6180000000000000e+03 8.4295158386230469e+01
9.9938637018203735e-01 -2.8162488713860512e-02 -2.0827248692512512e-02 9.3472820520401001e-01 9.9823731184005737e-01 2.7346180751919746e-02 -5.2673321217298508e-02 9.5094227790832520e-01 3.3750000000000000e+03 8.3554969787597656e+01
9.9963718652725220e-01 -1.9469419494271278e-02 -1.8615448847413063e-02 9.1624379158020020e-01 9.9897849559783936e-01 2.1659588441252708e-02 -3.9661016315221786e-02 9.5507407188415527e-01 3.1720000000000000e+03 8.8413841247558594e+01
9.9970823526382446e-01 -1.1742354370653629e-02 -2.1106859669089317e-02 9.2365694046020508e-01 9.9917340278625488e-01 1.7021043226122856e-02 -3.6914989352226257e-02 9.5036101341247559e-01 3.3620000000000000e+03 9.3403144836425781e+01
9.9963146448135376e-01 -6.9923046976327896e-03 -2.6230474933981895e-02 9.3020081520080566e-01 9.9941152334213257e-01 1.5385170467197895e-02 -3.0659096315503120e-02 9.4977605342864990e-01 2.8480000000000000e+03 8.5471107482910156e+01
9.9992179870605469e-01 -9.3710497021675110e-03 -8.2857878878712654e-03 9.0428960323333740e-01 9.9942517280578613e-01 1.0706283152103424e-02 -3.2166436314582825e-02 9.5076090097427368e-01 1.1120000000000000e+03 8.6130012512207031e+01
9.9974888563156128e-01 -7.9820547252893448e-03 -2.0936863496899605e-02 9.2043405771255493e-01 9.9931538105010986e-01 1.4330556616187096e-02 -3.4107867628335953e-02 9.5114564895629883e-01 3.6070000000000000e+03 8.7254501342773438e+01
9.9968016147613525e-01 -1.3174458406865597e-02 -2.1587111055850983e-02 9.2120230197906494e-01 9.9911308288574219e-01 1.8819667398929596e-02 -3.7668101489543915e-02 9.5243167877197266e-01 4.8220000000000000e+03 8.4957717895507812e+01
