9.9970942735671997e-01 -1.1349292472004890e-02 -2.1264521405100822e-02 9.3108034133911133e-01 9.9992984533309937e-01 -1.0503021068871021e-02 -5.4719676263630390e-03 9.1381055116653442e-01 1.3420000000000000e+03 9.3119224548339844e+01
9.9971067905426025e-01 -6.4674150198698044e-03 -2.3168241605162621e-02 9.3851923942565918e-01 9.9991959333419800e-01 1.2626995332539082e-02 1.2138377642259002e-03 9.0589648485183716e-01 1.6480000000000000e+03 8.9650016784667969e+01
-9.9928957223892212e-01 -3.5394910722970963e-02 -1.2946412898600101e-02 1.6008330583572388e+00 -9.9969738721847534e-01 2.2533567622303963e-02 -9.8707592114806175e-03 1.5732707977294922e+00 1.4580000000000000e+03 2.0172080993652344e+02
9.9967455863952637e-01 -7.9162148758769035e-03 -2.4253195151686668e-02 9.3538087606430054e-01 9.9999099969863892e-01 3.8991754408925772e-03 -1.6744176391512156e-03 9.1232371330261230e-01 3.4200000000000000e+03 8.8365959167480469e+01
-9.9909955263137817e-01 -3.5973824560642242e-02 -2.2494163364171982e-02 1.6525539159774780e+00 -9.9993097782135010e-01 1.1648701503872871e-02 1.5499056316912174e-03 1.5195802450180054e+00 1.4440000000000000e+03 1.9670056152343750e+02
9.9968659877777100e-01 -1.1051611043512821e-02 -2.2461336106061935e-02 9.3006294965744019e-01 9.9987351894378662e-01 1.5726059675216675e-02 2.3905443958938122e-03 9.0989881753921509e-01 1.7600000000000000e+03 8.3243476867675781e+01
9.9969053268432617e-01 -1.4552592299878597e-02 -2.0178241655230522e-02 9.2637908458709717e-01 9.9991929531097412e-01 1.2673796154558659e-02 8.1396097084507346e-04 8.9939701557159424e-01 1.4690000000000000e+03 8.7451828002929688e+01
9.9975365400314331e-01 -1.0287470184266567e-02 -1.9668657332658768e-02 9.2402446269989014e-01 9.9997442960739136e-01 5.2405484020709991e-03 -4.8742596991360188e-03 9.0694695711135864e-01 2.3650000000000000e+03 8.4686363220214844e+01
9.9979954957962036e-01 -1.2431142851710320e-02 -1.5691891312599182e-02 9.2157077789306641e-01 9.9991255998611450e-01 -7.2898797225207090e-04 -1.3205777853727341e-02 9.0789830684661865e-01 3.3450000000000000e+03 8.0752143859863281e+01
9.9969220161437988e-01 -1.3251600787043571e-02 -2.0975485444068909e-02 9.0771138668060303e-01 9.9982047080993652e-01 -1.5524496324360371e-02 1.0872391983866692e-02 8.9595037698745728e-01 1.3030000000000000e+03 1.2438756561279297e+02
9.9988806247711182e-01 -1.1736143380403519e-02 -9.2778913676738739e-03 3.6253559589385986e-01 9.9990767240524292e-01 8.9218961074948311e-03 -1.0249380953609943e-02 3.6406797170639038e-01 1.0600000000000000e+03 1.2165377044677734e+02
9.9995476007461548e-01 -6.9003077223896980e-03 -6.5545244142413139e-03 9.0745133161544800e-01 9.9992787837982178e-01 8.9441407471895218e-03 -8.0113261938095093e-03 9.0225529670715332e-01 1.3710000000000000e+03 5.2761356353759766e+01
9.9979937076568604e-01 4.9288650043308735e-03 -1.9417082890868187e-02 3.6596286296844482e-01 9.9999165534973145e-01 3.7824362516403198e-03 1.5389419859275222e-03 2.8796669840812683e-01 1.1620000000000000e+03 9.6409637451171875e+01
9.9996340274810791e-01 -5.3817839361727238e-03 -6.6473111510276794e-03 9.1297340393066406e-01 9.9904471635818481e-01 -1.3817812316119671e-02 -4.1455067694187164e-02 7.8980886936187744e-01 1.0780000000000000e+03 8.9619667053222656e+01
9.9952954053878784e-01 1.1882684193551540e-03 -3.0649879947304726e-02 9.3412899971008301e-01 9.9997782707214355e-01 -6.5233890200033784e-04 6.6210576333105564e-03 9.0608125925064087e-01 1.8660000000000000e+03 8.2229217529296875e+01
-9.9807268381118774e-01 -6.1964455991983414e-02 -3.3670177217572927e-03 1.6172262430191040e+00 -9.9933081865310669e-01 3.6552857607603073e-02 -1.3117277994751930e-03 1.4700469970703125e+00 1.4220000000000000e+03 2.0190084838867188e+02
9.9980103969573975e-01 -1.0528114624321461e-02 -1.6942854970693588e-02 9.2653501033782959e-01 9.9996918439865112e-01 -3.6735187750309706e-03 -6.9400705397129059e-03 8.9631962776184082e-01 1.5920000000000000e+03 8.7373115539550781e+01
9.9951094388961792e-01 -1.3221441768109798e-02 -2.8337214142084122e-02 9.3636816740036011e-01 9.9997109174728394e-01 5.9635271318256855e-03 -4.7311857342720032e-03 9.0818536281585693e-01 2.5370000000000000e+03 7.2632637023925781e+01
9.9946725368499756e-01 -2.9205773025751114e-02 -1.4571814797818661e-02 9.3410617113113403e-01 9.9985581636428833e-01 1.2879679910838604e-02 -1.1059238575398922e-02 8.9990675449371338e-01 1.6320000000000000e+03 8.1458282470703125e+01
9.9924969673156738e-01 -5.8103143237531185e-03 -3.8295030593872070e-02 9.2856949567794800e-01 9.9991250038146973e-01 1.6769978683441877e-03 1.3122994452714920e-02 9.1284656524658203e-01 2.7270000000000000e+03 8.4874549865722656e+01
9.9982535839080811e-01 -1.4369553886353970e-02 -1.1946443468332291e-02 9.0832775831222534e-01 9.9988776445388794e-01 9.7077218815684319e-03 -1.1407127603888512e-02 9.0327799320220947e-01 3.7140000000000000e+03 8.7625991821289062e+01
9.9961876869201660e-01 -1.6234541311860085e-02 -2.2329425439238548e-02 9.0865856409072876e-01 9.9996262788772583e-01 8.1741064786911011e-03 2.8290266636759043e-03 8.8968813419342041e-01 1.1430000000000000e+03 5.1821521759033203e+01
9.9994021654129028e-01 -6.9766766391694546e-03 -8.4139863029122353e-03 9.0620809793472290e-01 9.9998146295547485e-01 -1.4587698387913406e-04 -6.0724709182977676e-03 8.9652323722839355e-01 1.4070000000000000e+03 6.6728965759277344e+01
9.9996227025985718e-01 -6.9531924091279507e-03 -5.2008093334734440e-03 8.9592289924621582e-01 9.9998462200164795e-01 -3.3427868038415909e-03 -4.4275890104472637e-03 8.9495420455932617e-01 1.9550000000000000e+03 7.9818412780761719e+01
9.9980473518371582e-01 -7.8463777899742126e-03 -1.8138408660888672e-02 9.1461366415023804e-01 9.9999636411666870e-01 -2.0813960582017899e-03 -1.7173485830426216e-03 8.9102220535278320e-01 3.8830000000000000e+03 8.7016876220703125e+01
9.9969917535781860e-01 -1.0196783579885960e-02 -2.2308811545372009e-02 9.2057007551193237e-01 9.9999642372131348e-01 -1.8969156080856919e-03 -1.9024229841306806e-03 8.9405441284179688e-01 4.0070000000000000e+03 8.8933685302734375e+01
9.9973052740097046e-01 -7.2522615082561970e-03 -2.2052541375160217e-02 9.2239189147949219e-01 9.9999958276748657e-01 -1.6210702597163618e-04 -9.3252962687984109e-04 8.8813841342926025e-01 4.0670000000000000e+03 8.8089218139648438e+01
9.9975186586380005e-01 -3.7009622901678085e-03 -2.1968822926282883e-02 9.2747503519058228e-01 9.9999082088470459e-01 -4.2262226343154907e-03 -7.9631246626377106e-04 8.8332766294479370e-01 4.4110000000000000e+03 8.6635482788085938e+01
9.9979388713836670e-01 -7.0650894194841385e-03 -1.9035851582884789e-02 9.1793566942214966e-01 9.9999183416366577e-01 -2.3244635667651892e-04 -4.0453621186316013e-03 8.8885688781738281e-01 3.2050000000000000e+03 8.2682296752929688e+01
9.9977177381515503e-01 -3.0018573161214590e-03 -2.1150067448616028e-02 9.2274987697601318e-01 9.9995875358581543e-01 8.5512353107333183e-03 3.0597185250371695e-03 8.8355702161788940e-01 1.5720000000000000e+03 8.4279891967773438e+01
9.9977922439575195e-01 -1.1462119873613119e-03 -2.0982995629310608e-02 9.2377889156341553e-01 9.9997729063034058e-01 4.1176853701472282e-03 5.3336634300649166e-03 8.7980818748474121e-01 2.6570000000000000e+03 8.2737304687500000e+01
9.9969965219497681e-01 -9.7523313015699387e-03 -2.2485423833131790e-02 9.2474716901779175e-01 9.9998819828033447e-01 2.6017302297987044e-04 -4.8428680747747421e-03 8.9912360906600952e-01 3.1550000000000000e+03 7.7899932861328125e+01
9.9952167272567749e-01 -7.3612513951957226e-03 -3.0040571466088295e-02 9.3319928646087646e-01 9.9997949600219727e-01 -5.1928665488958359e-03 -3.7521829362958670e-03 8.9746683835983276e-01 1.4100000000000000e+03 8.1367141723632812e+01
9.9977880716323853e-01 -3.2133962959051132e-03 -2.0784603431820869e-02 9.2568433284759521e-01 9.9984627962112427e-01 -1.2350169941782951e-02 -1.2442474253475666e-02 9.0968859195709229e-01 1.4390000000000000e+03 6.9131340026855469e+01
9.9973040819168091e-01 9.5461827004328370e-04 -2.3199079558253288e-02 9.2284965515136719e-01 9.9996519088745117e-01 -8.1689767539501190e-03 -1.6832157270982862e-03 9.0023070573806763e-01 4.7910000000000000e+03 9.1097267150878906e+01
-9.9807524681091309e-01 -5.9729192405939102e-02 -1.6680406406521797e-02 1.6544871330261230e+00 -9.9987930059432983e-01 1.4796246774494648e-02 4.7396682202816010e-03 1.6177140474319458e+00 1.3090000000000000e+03 2.0473338317871094e+02
9.9970769882202148e-01 -2.2685948759317398e-02 -8.3709191530942917e-03 9.2513322830200195e-01 9.9975913763046265e-01 1.3017617166042328e-02 -1.7667926847934723e-02 9.1349709033966064e-01 3.6140000000000000e+03 8.5260940551757812e+01
9.9959689378738403e-01 -7.6329098083078861e-03 -2.7348240837454796e-02 9.2796468734741211e-01 9.9986952543258667e-01 1.4655154198408127e-02 6.8008443340659142e-03 8.8816416263580322e-01 1.8440000000000000e+03 6.7288642883300781e+01
9.9965089559555054e-01 -5.2403425797820091e-03 -2.5896957144141197e-02 9.2755693197250366e-01 9.9991053342819214e-01 -1.3359173201024532e-02 5.7722959900274873e-04 8.9438670873641968e-01 3.2590000000000000e+03 1.0857563781738281e+02
9.9970936775207520e-01 -1.8467726185917854e-02 -1.5494912862777710e-02 9.3325811624526978e-01 9.9990487098693848e-01 -1.1181531008332968e-03 -1.3742706738412380e-02 9.1578489542007446e-01 2.4130000000000000e+03 8.4746978759765625e+01
-2.0299172028899193e-03 9.9952203035354614e-01 3.0847890302538872e-02 5.7443380355834961e-01 8.4936572238802910e-03 -9.9881142377853394e-01 -4.7995701432228088e-02 6.3850843906402588e-01 1.9100000000000000e+03 1.8474517822265625e+02
9.9981909990310669e-01 -9.0902866795659065e-03 -1.6712104901671410e-02 9.2223399877548218e-01 9.9990868568420410e-01 3.7163309752941132e-03 -1.2990497983992100e-02 9.1714560985565186e-01 4.3370000000000000e+03 1.0025040435791016e+02
9.9973785877227783e-01 -1.2168991379439831e-02 -1.9395533949136734e-02 9.2743015289306641e-01 9.9970430135726929e-01 2.4066831916570663e-02 3.4679498057812452e-03 8.8787472248077393e-01 1.4830000000000000e+03 7.4785995483398438e+01
9.9963569641113281e-01 -7.4722133576869965e-03 -2.5933451950550079e-02 9.2696410417556763e-01 9.9999755620956421e-01 1.4138185651972890e-03 1.7067565349861979e-03 8.8912606239318848e-01 3.0160000000000000e+03 7.7617111206054688e+01
9.9966835975646973e-01 -8.6201615631580353e-03 -2.4264218285679817e-02 9.2741233110427856e-01 9.9999266862869263e-01 -2.2256409283727407e-03 -3.1227443832904100e-03 8.9479440450668335e-01 4.0880000000000000e+03 7.7652709960937500e+01
9.9948990345001221e-01 -1.9146835431456566e-02 -2.5559868663549423e-02 9.1770666837692261e-01 9.9999928474426270e-01 2.9270121012814343e-04 -1.1444451520219445e-03 8.9671820402145386e-01 3.5810000000000000e+03 8.1675224304199219e+01
9.9969911575317383e-01 -1.5365135855972767e-02 -1.9121805205941200e-02 9.1468596458435059e-01 9.9999421834945679e-01 3.0252223950810730e-04 -3.3845370635390282e-03 8.9062911272048950e-01 2.2500000000000000e+03 8.3015068054199219e+01
9.9965757131576538e-01 -8.6038755252957344e-03 -2.4710936471819878e-02 9.2325532436370850e-01 9.9998801946640015e-01 -4.3799211271107197e-03 -2.2047653328627348e-03 8.9236766099929810e-01 3.6090000000000000e+03 7.6574890136718750e+01
9.9964874982833862e-01 -8.3015020936727524e-03 -2.5171251967549324e-02 9.2514985799789429e-01 9.9998939037322998e-01 -4.4031748548150063e-03 -1.3314125826582313e-03 8.9102053642272949e-01 3.6260000000000000e+03 8.0969528198242188e+01
9.9979752302169800e-01 -7.9965740442276001e-03 -1.8467366695404053e-02 9.1588151454925537e-01 9.9999260902404785e-01 -2.8441424947232008e-03 -2.5840422604233027e-03 8.9062154293060303e-01 3.8360000000000000e+03 8.0781509399414062e+01
9.9971359968185425e-01 -1.0032336227595806e-02 -2.1727871149778366e-02 9.1771668195724487e-01 9.9999952316284180e-01 -4.3504277709871531e-04 -9.3045388348400593e-04 8.8951069116592407e-01 4.4780000000000000e+03 8.1474075317382812e+01
9.9971514940261841e-01 -8.1332102417945862e-03 -2.2439727559685707e-02 9.1696566343307495e-01 9.9998170137405396e-01 -4.3641895172186196e-04 6.0384552925825119e-03 8.7925112247467041e-01 2.7760000000000000e+03 8.6409484863281250e+01
9.9970185756683350e-01 -1.2555052526295185e-02 -2.0941499620676041e-02 9.1500854492187500e-01 9.9975728988647461e-01 1.7105687409639359e-02 1.3887396082282066e-02 8.7319016456604004e-01 1.1180000000000000e+03 8.6198745727539062e+01
9.9969929456710815e-01 -1.1925540864467621e-02 -2.1427972242236137e-02 9.1590845584869385e-01 9.9997246265411377e-01 5.9070787392556667e-03 -4.4998750090599060e-03 9.0171021223068237e-01 2.2390000000000000e+03 8.0776542663574219e+01
9.9974161386489868e-01 -1.4125587418675423e-02 -1.7811747267842293e-02 9.1613405942916870e-01 9.9998992681503296e-01 4.4813384301960468e-03 3.2545969588682055e-04 8.7742102146148682e-01 2.1050000000000000e+03 6.1890266418457031e+01
9.9978768825531006e-01 -5.0132940523326397e-03 -1.9984982907772064e-02 9.1448169946670532e-01 9.9998831748962402e-01 -4.7679170966148376e-03 7.8460579970851541e-04 8.8499891757965088e-01 2.7460000000000000e+03 6.7379478454589844e+01
9.9945574998855591e-01 5.9791994281113148e-03 -3.2442402094602585e-02 9.2262864112854004e-01 9.9992281198501587e-01 -9.6008330583572388e-03 7.8919762745499611e-03 9.0141481161117554e-01 3.3170000000000000e+03 8.7491249084472656e+01
-9.9842745065689087e-01 -5.5510692298412323e-02 -7.8170215710997581e-03 1.6616749763488770e+00 -9.9970263242721558e-01 2.2728670388460159e-02 -8.8297370821237564e-03 1.4892387390136719e+00 1.7280000000000000e+03 2.1968807983398438e+02
9.9971431493759155e-01 -1.4069137163460255e-02 -1.9323954358696938e-02 9.2797702550888062e-01 9.9997746944427490e-01 2.9232983943074942e-03 -6.0443240217864513e-03 8.9422798156738281e-01 1.7190000000000000e+03 8.7886558532714844e+01
9.9935835599899292e-01 -1.1183427646756172e-02 -3.4024994820356369e-02 9.4472151994705200e-01 9.9974727630615234e-01 2.0253624767065048e-02 9.7605092450976372e-03 8.8544183969497681e-01 1.1860000000000000e+03 4.6991882324218750e+01
9.9972808361053467e-01 -1.8495906144380569e-02 -1.4196753501892090e-02 9.0917140245437622e-01 9.9989944696426392e-01 1.4170357957482338e-02 4.8640061868354678e-04 8.9549827575683594e-01 1.8180000000000000e+03 6.3984600067138672e+01
9.9973213672637939e-01 -5.8077611029148102e-03 -2.2401439025998116e-02 9.1915881633758545e-01 9.9995481967926025e-01 -8.7178785179276019e-05 9.5061967149376869e-03 8.8116407394409180e-01 1.7170000000000000e+03 7.3552711486816406e+01
9.9938637018203735e-01 -2.8162488713860512e-02 -2.0827248692512512e-02 9.3472820520401001e-01 9.9985182285308838e-01 1.6042774543166161e-02 -6.2443171627819538e-03 9.0189033746719360e-01 3.3750000000000000e+03 8.4914123535156250e+01
-9.9973660707473755e-01 -1.0427993722259998e-02 -2.0448703318834305e-02 1.5560170412063599e+00 -9.9949222803115845e-01 -2.9882622882723808e-02 1.1058857664465904e-02 1.5417060852050781e+00 2.0610000000000000e+03 2.1278602600097656e+02
9.9970823526382446e-01 -1.1742354370653629e-02 -2.1106859669089317e-02 9.2365694046020508e-01 9.9992537498474121e-01 1.1804227717220783e-02 -3.1335712410509586e-03 9.0777570009231567e-01 2.5990000000000000e+03 7.2338188171386719e+01
9.9963146448135376e-01 -6.9923046976327896e-03 -2.6230474933981895e-02 9.3020081520080566e-01 9.9997538328170776e-01 -4.9461238086223602e-03 -4.9818884581327438e-03 9.1160643100738525e-01 2.8480000000000000e+03 7.0857551574707031e+01
9.9992179870605469e-01 -9.3710497021675110e-03 -8.2857878878712654e-03 9.0428960323333740e-01 9.9996310472488403e-01 -7.5354063883423805e-03 -4.1308463551104069e-03 8.9907300472259521e-01 1.1120000000000000e+03 7.4878364562988281e+01
9.9974888563156128e-01 -7.9820547252893448e-03 -2.0936863496899605e-02 9.2043405771255493e-01 9.9992340803146362e-01 1.2181883677840233e-02 2.1769644226878881e-03 8.9260852336883545e-01 1.7730000000000000e+03 8.7254501342773438e+01
9.9968016147613525e-01 -1.3174458406865597e-02 -2.1587111055850983e-02 9.2120230197906494e-01 9.9999737739562988e-01 2.1713961905334145e-04 -2.3007565177977085e-03 8.9530158042907715e-01 4.7810000000000000e+03 8.0190376281738281e+01
