9.9970942735671997e-01 -1.1349292472004890e-02 -2.1264521405100822e-02 9.3108034133911133e-01 9.9973016977310181e-01 -4.6310964971780777e-03 2.2762497887015343e-02 8.9273905754089355e-01 1.3130000000000000e+03 8.8746009826660156e+01
-9.9984544515609741e-01 -1.5112249180674553e-02 -8.9871725067496300e-03 1.6124289035797119e+00 -9.9956595897674561e-01 -2.0805200561881065e-02 -2.0858095958828926e-02 1.5855872631072998e+00 1.7990000000000000e+03 2.0417286682128906e+02
9.9971067905426025e-01 -6.4674150198698044e-03 -2.3168241605162621e-02 9.3851923942565918e-01 9.9986135959625244e-01 1.0137180797755718e-03 1.6617294400930405e-02 9.0506345033645630e-01 3.0840000000000000e+03 8.9650016784667969e+01
-9.9928957223892212e-01 -3.5394910722970963e-02 -1.2946412898600101e-02 1.6008330583572388e+00 -9.9895757436752319e-01 -4.5620951801538467e-02 -1.5875948593020439e-03 1.5391640663146973e+00 1.2850000000000000e+03 2.0172080993652344e+02
9.9967455863952637e-01 -7.9162148758769035e-03 -2.4253195151686668e-02 9.3538087606430054e-01 9.9987882375717163e-01 -6.1512598767876625e-03 1.4298433437943459e-02 9.0518438816070557e-01 4.3360000000000000e+03 8.8365959167480469e+01
-9.9909955263137817e-01 -3.5973824560642242e-02 -2.2494163364171982e-02 1.6525539159774780e+00 -9.9956959486007690e-01 -2.8804853558540344e-02 -5.5541270412504673e-03 1.5728666782379150e+00 2.7380000000000000e+03 2.0183601379394531e+02
9.9968659877777100e-01 -1.1051611043512821e-02 -2.2461336106061935e-02 9.3006294965744019e-01 9.9993610382080078e-01 -2.9926747083663940e-03 1.0898591019213200e-02 9.0783071517944336e-01 5.2360000000000000e+03 8.5580406188964844e+01
-9.9951916933059692e-01 -3.0470846220850945e-02 5.7449680753052235e-03 1.5769188404083252e+00 -9.9981230497360229e-01 -1.8222820013761520e-02 6.5801697783172131e-03 1.5299659967422485e+00 1.7150000000000000e+03 2.0802273559570312e+02
9.9969053268432617e-01 -1.4552592299878597e-02 -2.0178241655230522e-02 9.2637908458709717e-01 9.9989241361618042e-01 -3.1559499911963940e-03 1.4318690635263920e-02 9.0814483165740967e-01 5.1860000000000000e+03 8.7451828002929688e+01
-9.9976968765258789e-01 -1.8397904932498932e-02 1.1043502949178219e-02 1.5701227188110352e+00 -9.9988120794296265e-01 -1.4599376358091831e-02 4.9394355155527592e-03 1.5317369699478149e+00 1.8950000000000000e+03 2.0159472656250000e+02
9.9975365400314331e-01 -1.0287470184266567e-02 -1.9668657332658768e-02 9.2402446269989014e-01 9.9997001886367798e-01 9.4721595814917237e-05 7.7372333034873009e-03 9.1302859783172607e-01 5.0910000000000000e+03 8.5432136535644531e+01
-9.9965256452560425e-01 -2.3215504363179207e-02 -1.2478114105761051e-02 1.6522017717361450e+00 -9.9978905916213989e-01 -1.9702799618244171e-02 5.7951728813350201e-03 1.5367499589920044e+00 2.5520000000000000e+03 1.9888496398925781e+02
9.9979954957962036e-01 -1.2431142851710320e-02 -1.5691891312599182e-02 9.2157077789306641e-01 9.9989080429077148e-01 1.2016181135550141e-03 1.4731650240719318e-02 9.0390902757644653e-01 3.3450000000000000e+03 9.6759757995605469e+01
-9.9913114309310913e-01 -3.7748616188764572e-02 -1.7666602507233620e-02 1.6434065103530884e+00 -9.9969065189361572e-01 -2.4866275489330292e-02 -3.8321618922054768e-04 1.5491647720336914e+00 2.0950000000000000e+03 2.0610214233398438e+02
9.9969220161437988e-01 -1.3251600787043571e-02 -2.0975485444068909e-02 9.0771138668060303e-01 9.9965268373489380e-01 -2.5748977437615395e-02 5.6141652166843414e-03 9.0506064891815186e-01 1.4350000000000000e+03 1.2144193267822266e+02
9.9967336654663086e-01 4.6565420925617218e-03 -2.5132536888122559e-02 9.2769354581832886e-01 9.9967545270919800e-01 -6.5413438715040684e-03 2.4620715528726578e-02 8.6867612600326538e-01 2.6860000000000000e+03 7.3033882141113281e+01
9.9957340955734253e-01 -1.0558045469224453e-02 -2.7232643216848373e-02 9.3829017877578735e-01 9.9996620416641235e-01 -3.6421387922018766e-03 7.3583275079727173e-03 9.1205453872680664e-01 1.8290000000000000e+03 8.2991340637207031e+01
1.9990876317024231e-03 9.7212713956832886e-01 -2.3444584012031555e-01 1.3650001287460327e+00 1.6070259734988213e-02 5.1211524009704590e-01 -8.5876631736755371e-01 1.4731590747833252e+00 1.0980000000000000e+03 1.6078660583496094e+02
9.9968975782394409e-01 -8.1915371119976044e-03 -2.3520115762948990e-02 3.6625465750694275e-01 9.9997800588607788e-01 5.5191654246300459e-04 6.6139278933405876e-03 3.6791142821311951e-01 1.7280000000000000e+03 9.8691413879394531e+01
-9.8775187507271767e-03 4.4971978664398193e-01 -8.9311504364013672e-01 2.7415134906768799e+00 -2.6871198788285255e-02 -2.2000685334205627e-01 -9.7512817382812500e-01 2.7042100429534912e+00 3.1980000000000000e+03 1.8286041259765625e+02
2.3255705833435059e-02 -3.5002362728118896e-01 -9.3645215034484863e-01 1.7663902044296265e+00 3.2017190824262798e-04 -9.2006444931030273e-01 -3.9176693558692932e-01 1.7870068550109863e+00 2.3090000000000000e+03 2.1603334045410156e+02
4.0071133524179459e-02 3.3228751271963120e-02 -9.9864411354064941e-01 1.6815075874328613e+00 1.1004656553268433e-02 -6.5517318248748779e-01 -7.5539851188659668e-01 1.6907006502151489e+00 1.0075000000000000e+04 1.6262368774414062e+02
4.9141012132167816e-02 9.7164124250411987e-02 -9.9405449628829956e-01 1.5966138839721680e+00 1.1004656553268433e-02 -6.5517318248748779e-01 -7.5539851188659668e-01 1.6907006502151489e+00 1.0360000000000000e+03 1.6262368774414062e+02
1.1188682168722153e-02 1.7745506763458252e-01 -9.8406535387039185e-01 2.0162591934204102e+00 2.8376849368214607e-03 -4.5558735728263855e-01 -8.9018660783767700e-01 2.0737674236297607e+00 2.6660000000000000e+03 1.5717399597167969e+02
-1.1751499958336353e-02 2.0881384611129761e-01 -9.7788488864898682e-01 2.1227884292602539e+00 2.8376849368214607e-03 -4.5558735728263855e-01 -8.9018660783767700e-01 2.0737674236297607e+00 3.8610000000000000e+03 1.9041595458984375e+02
-7.5227126479148865e-02 8.0747120082378387e-02 -9.9389171600341797e-01 2.7067661285400391e+00 -9.7065931186079979e-03 -5.9749871492385864e-01 -8.0181115865707397e-01 2.6693317890167236e+00 6.1860000000000000e+03 1.8306790161132812e+02
-8.2278877496719360e-02 -1.3059742748737335e-02 -9.9652379751205444e-01 3.2263481616973877e+00 -1.6146324574947357e-02 -6.9297444820404053e-01 -7.2078138589859009e-01 3.1788506507873535e+00 3.9370000000000000e+03 1.7695149230957031e+02
1.4590525999665260e-02 -4.6852487325668335e-01 -8.8332980871200562e-01 4.8039427399635315e-01 1.8684668466448784e-02 -9.6343404054641724e-01 -2.6729312539100647e-01 5.1451301574707031e-01 5.6160000000000000e+03 1.7396545410156250e+02
9.9996340274810791e-01 -5.3817839361727238e-03 -6.6473111510276794e-03 9.1297340393066406e-01 9.9991863965988159e-01 8.5104235040489584e-05 1.2754257768392563e-02 9.1081744432449341e-01 1.1240000000000000e+03 8.0352996826171875e+01
5.4867123253643513e-04 6.9604730606079102e-01 -7.1799570322036743e-01 1.0326486825942993e+00 1.6475213691592216e-02 1.3177453365642577e-04 -9.9986422061920166e-01 1.0380852222442627e+00 3.2900000000000000e+03 1.9029240417480469e+02
9.9973881244659424e-01 -9.2907240614295006e-03 -2.0877720788121223e-02 9.3429744243621826e-01 9.9997222423553467e-01 3.1384644098579884e-03 6.7680422216653824e-03 9.1266387701034546e-01 2.7590000000000000e+03 9.0546211242675781e+01
-1.2048445641994476e-02 9.1042244434356689e-01 -4.1350427269935608e-01 1.8916221857070923e+00 1.1854617856442928e-02 2.8230056166648865e-01 -9.5925265550613403e-01 1.8009762763977051e+00 3.1030000000000000e+03 1.4113858032226562e+02
-1.2048445641994476e-02 9.1042244434356689e-01 -4.1350427269935608e-01 1.8916221857070923e+00 7.2657847777009010e-03 2.5135421752929688e-01 -9.6786785125732422e-01 1.9960045814514160e+00 2.3200000000000000e+03 1.9410301208496094e+02
9.9952954053878784e-01 1.1882684193551540e-03 -3.0649879947304726e-02 9.3412899971008301e-01 9.9997049570083618e-01 2.4092562962323427e-03 -7.2869253344833851e-03 9.1281050443649292e-01 4.4260000000000000e+03 8.5514236450195312e+01
-1.1612552218139172e-02 9.0606284141540527e-01 -4.2298388481140137e-01 2.5570607185363770e+00 -1.8203120678663254e-02 2.8507679700851440e-01 -9.5833182334899902e-01 2.4693772792816162e+00 1.6090000000000000e+03 1.3516844177246094e+02
-1.1612552218139172e-02 9.0606284141540527e-01 -4.2298388481140137e-01 2.5570607185363770e+00 -1.8262282013893127e-02 3.7797689437866211e-01 -9.2563492059707642e-01 2.4219253063201904e+00 1.6090000000000000e+03 2.0158796691894531e+02
9.9980103969573975e-01 -1.0528114624321461e-02 -1.6942854970693588e-02 9.2653501033782959e-01 9.9972850084304810e-01 5.0585730932652950e-03 2.2743709385395050e-02 8.8248717784881592e-01 1.1080000000000000e+03 8.7373115539550781e+01
9.9973523616790771e-01 -1.2726478278636932e-02 -1.9167205318808556e-02 9.2512094974517822e-01 9.9999231100082397e-01 3.2219120766967535e-03 2.2671313490718603e-03 9.1774559020996094e-01 1.8850000000000000e+03 9.5876396179199219e+01
9.9980843067169189e-01 -1.3423307798802853e-02 -1.4244668185710907e-02 9.2254137992858887e-01 9.9998313188552856e-01 2.8091333806514740e-03 5.0778212025761604e-03 9.1763472557067871e-01 1.7220000000000000e+03 1.0344657135009766e+02
9.9987304210662842e-01 -6.1636781319975853e-03 -1.4696949161589146e-02 9.2179393768310547e-01 9.9997955560684204e-01 6.5143959363922477e-04 6.3704457134008408e-03 9.1812413930892944e-01 2.6700000000000000e+03 9.2444442749023438e+01
-9.9920737743377686e-01 -3.5735171288251877e-02 -1.7539670690894127e-02 1.2635334730148315e+00 -9.9958986043930054e-01 -2.7980025857686996e-02 -6.1035687103867531e-03 1.2161794900894165e+00 1.0630000000000000e+03 2.1241204833984375e+02
-1.0855728760361671e-02 8.8791102170944214e-01 -4.5988720655441284e-01 1.4512183666229248e+00 -1.4773852191865444e-02 3.1160652637481689e-01 -9.5009636878967285e-01 1.4000775814056396e+00 3.7560000000000000e+03 1.7678495788574219e+02
-1.0738676646724343e-03 8.5554468631744385e-01 -5.1772779226303101e-01 1.2766754627227783e+00 2.2610544692724943e-03 2.3911005258560181e-01 -9.7098982334136963e-01 1.1546592712402344e+00 3.1760000000000000e+03 1.5480241394042969e+02
9.9951094388961792e-01 -1.3221441768109798e-02 -2.8337214142084122e-02 9.3636816740036011e-01 9.9981135129928589e-01 -2.2298307158052921e-03 1.9294448196887970e-02 8.9276844263076782e-01 1.2540000000000000e+03 9.8210525512695312e+01
9.9963057041168213e-01 -4.7271656803786755e-03 -2.6764221489429474e-02 9.2845022678375244e-01 9.9996858835220337e-01 -5.5548488162457943e-03 5.6654009968042374e-03 9.1081058979034424e-01 2.5960000000000000e+03 9.3524650573730469e+01
9.9960005283355713e-01 -5.4399240761995316e-03 -2.7749052271246910e-02 9.3330729007720947e-01 9.9995827674865723e-01 -7.4254693463444710e-03 5.3208349272608757e-03 9.1199767589569092e-01 2.7210000000000000e+03 9.8568916320800781e+01
9.9961972236633301e-01 -4.1642021387815475e-03 -2.7259351685643196e-02 9.3888652324676514e-01 9.9986374378204346e-01 -2.5271933991461992e-03 1.6309555619955063e-02 8.9415901899337769e-01 3.3860000000000000e+03 8.1468986511230469e+01
-9.9888420104980469e-01 -4.4462133198976517e-02 -1.5921751037240028e-02 1.5583664178848267e+00 -9.9958848953247070e-01 -1.8114030361175537e-02 -2.2240884602069855e-02 1.5573600530624390e+00 1.9380000000000000e+03 2.1420072937011719e+02
9.9946725368499756e-01 -2.9205773025751114e-02 -1.4571814797818661e-02 9.3410617113113403e-01 9.9928843975067139e-01 -1.0866774246096611e-02 3.6120627075433731e-02 8.9649528264999390e-01 1.6320000000000000e+03 8.3553024291992188e+01
-9.6482653170824051e-03 9.9991172552108765e-01 -9.1254198923707008e-03 8.7025749683380127e-01 -2.8479646425694227e-03 7.0382195711135864e-01 -7.1037071943283081e-01 8.1351840496063232e-01 1.9330000000000000e+03 1.6845240783691406e+02
9.9991369247436523e-01 -9.5452778041362762e-03 -9.0257050469517708e-03 9.1507506370544434e-01 9.9994039535522461e-01 1.0468206368386745e-02 3.0763987451791763e-03 9.2492145299911499e-01 2.7410000000000000e+03 9.0166725158691406e+01
-3.3499428536742926e-03 9.1031599044799805e-01 -4.1390058398246765e-01 1.9838881492614746e+00 1.1440945789217949e-02 2.6888543367385864e-01 -9.6310418844223022e-01 1.9165616035461426e+00 3.9150000000000000e+03 1.3906707763671875e+02
9.9989491701126099e-01 -7.2567728348076344e-03 -1.2545634992420673e-02 9.1717737913131714e-01 9.9995726346969604e-01 9.1108055785298347e-03 1.5840918058529496e-03 9.2058807611465454e-01 2.8320000000000000e+03 9.1740112304687500e+01
-4.4620516709983349e-03 9.0499740839004517e-01 -4.2539387941360474e-01 1.9534634351730347e+00 1.0187000967562199e-02 2.5987765192985535e-01 -9.6558779478073120e-01 1.9084186553955078e+00 3.7290000000000000e+03 1.3978787231445312e+02
9.9972271919250488e-01 -8.6091281846165657e-03 -2.1918963640928268e-02 9.2643296718597412e-01 9.9998158216476440e-01 3.7967709358781576e-03 -4.7340001910924911e-03 9.2908704280853271e-01 2.8380000000000000e+03 8.8406974792480469e+01
-1.0936709586530924e-03 8.3773934841156006e-01 -5.4606920480728149e-01 2.0049905776977539e+00 1.3244393281638622e-02 1.6032622754573822e-01 -9.8697513341903687e-01 1.9245643615722656e+00 4.8830000000000000e+03 1.5167909240722656e+02
9.9980914592742920e-01 -7.7716079540550709e-03 -1.7922112718224525e-02 9.2670953273773193e-01 9.9998748302459717e-01 3.5037922207266092e-03 3.5865430254489183e-03 9.1874754428863525e-01 3.0320000000000000e+03 8.8135887145996094e+01
-1.7304744687862694e-04 8.2818168401718140e-01 -5.6045967340469360e-01 2.1082212924957275e+00 1.3024982996284962e-02 1.4710184931755066e-01 -9.8903560638427734e-01 2.0114636421203613e+00 4.4920000000000000e+03 1.5006388854980469e+02
8.4438715130090714e-03 7.0241826772689819e-01 -7.1171432733535767e-01 2.0435824394226074e+00 2.6319874450564384e-02 8.7411597371101379e-02 -9.9582457542419434e-01 2.0148770809173584e+00 1.5630000000000000e+03 1.8517353820800781e+02
8.4438715130090714e-03 7.0241826772689819e-01 -7.1171432733535767e-01 2.0435824394226074e+00 1.7671043053269386e-02 1.5635238960385323e-02 -9.9972158670425415e-01 2.0586881637573242e+00 2.0240000000000000e+03 1.8517353820800781e+02
9.9924969673156738e-01 -5.8103143237531185e-03 -3.8295030593872070e-02 9.2856949567794800e-01 9.9989539384841919e-01 -1.4414905570447445e-02 -1.1567003093659878e-03 9.0933108329772949e-01 3.7660000000000000e+03 8.4874549865722656e+01
-5.0669121555984020e-03 4.6500054001808167e-01 -8.8529586791992188e-01 2.1795291900634766e+00 4.0280763059854507e-02 -2.4470327794551849e-01 -9.6876102685928345e-01 2.2248508930206299e+00 1.2930000000000000e+03 1.8130935668945312e+02
3.7647860590368509e-03 6.3707649707794189e-01 -7.7079141139984131e-01 1.0693604946136475e+00 6.8891486153006554e-03 -9.4641791656613350e-03 -9.9993145465850830e-01 1.0173895359039307e+00 7.5960000000000000e+03 1.3608819580078125e+02
1.0901363566517830e-02 1.1299870908260345e-02 -9.9987673759460449e-01 1.0933527946472168e+00 -1.1553993681445718e-03 -6.6763859987258911e-01 -7.4448466300964355e-01 1.1372761726379395e+00 8.7500000000000000e+03 1.7689645385742188e+02
1.3620091602206230e-02 -2.2080829739570618e-01 -9.7522211074829102e-01 1.5795658826828003e+00 -2.2831646725535393e-02 -8.3877044916152954e-01 -5.4400616884231567e-01 1.6484028100967407e+00 4.7500000000000000e+03 2.0097537231445312e+02
9.9997723102569580e-01 -5.2410946227610111e-03 -4.2573702521622181e-03 9.0572476387023926e-01 9.9989998340606689e-01 3.5072080790996552e-03 1.3705232180655003e-02 9.0426671504974365e-01 1.9640000000000000e+03 9.0497581481933594e+01
1.9656389951705933e-02 -2.9258742928504944e-01 -9.5603668689727783e-01 1.9374227523803711e+00 -2.2106528282165527e-02 -8.8093566894531250e-01 -4.7271949052810669e-01 1.9858617782592773e+00 3.3800000000000000e+03 2.0590325927734375e+02
9.9998944997787476e-01 -4.5143663883209229e-03 -8.9922273764386773e-04 8.9939492940902710e-01 9.9986314773559570e-01 7.7342693693935871e-03 1.4622786082327366e-02 9.0194904804229736e-01 1.9420000000000000e+03 9.0157798767089844e+01
1.9113704562187195e-02 -2.9040777683258057e-01 -9.5671212673187256e-01 1.9351086616516113e+00 -2.1337646991014481e-02 -8.7832593917846680e-01 -4.7758591175079346e-01 1.9933198690414429e+00 3.4940000000000000e+03 2.0391613769531250e+02
9.9973857402801514e-01 -3.1245120335370302e-03 -2.2651094943284988e-02 9.2918574810028076e-01 9.9999916553497314e-01 6.2927772523835301e-04 1.0603389237076044e-03 9.1999006271362305e-01 1.6290000000000000e+03 1.0849539947509766e+02
9.9982535839080811e-01 -1.4369553886353970e-02 -1.1946443468332291e-02 9.0832775831222534e-01 9.9955326318740845e-01 -2.0539911463856697e-02 2.1711245179176331e-02 9.0170538425445557e-01 1.3620000000000000e+03 1.2784507751464844e+02
9.9975901842117310e-01 -1.1465294286608696e-02 -1.8721984699368477e-02 9.1809940338134766e-01 9.9969923496246338e-01 -1.3519817963242531e-02 2.0459460094571114e-02 8.8481074571609497e-01 1.2240000000000000e+03 6.4232131958007812e+01
1.2789209373295307e-02 1.1237874627113342e-02 -9.9985510110855103e-01 9.2761236429214478e-01 1.2465939857065678e-02 -6.9064068794250488e-01 -7.2309052944183350e-01 9.5979326963424683e-01 3.4890000000000000e+03 1.6899569702148438e+02
9.9961876869201660e-01 -1.6234541311860085e-02 -2.2329425439238548e-02 9.0865856409072876e-01 9.9990117549896240e-01 -3.0018626712262630e-03 1.3734446838498116e-02 8.8879877328872681e-01 1.3330000000000000e+03 7.2137382507324219e+01
9.9994021654129028e-01 -6.9766766391694546e-03 -8.4139863029122353e-03 9.0620809793472290e-01 9.9996227025985718e-01 -2.1881542634218931e-03 8.4073664620518684e-03 9.1286414861679077e-01 1.4070000000000000e+03 8.0092880249023438e+01
9.9996227025985718e-01 -6.9531924091279507e-03 -5.2008093334734440e-03 8.9592289924621582e-01 9.9991810321807861e-01 -3.5451767034828663e-03 1.2292626313865185e-02 9.0309000015258789e-01 1.9550000000000000e+03 8.7043136596679688e+01
9.9980473518371582e-01 -7.8463777899742126e-03 -1.8138408660888672e-02 9.1461366415023804e-01 9.9994415044784546e-01 -3.0926335602998734e-03 1.0105939581990242e-02 9.0400832891464233e-01 4.0300000000000000e+03 8.7016876220703125e+01
-9.9897688627243042e-01 -4.4041916728019714e-02 -1.0261229239404202e-02 1.6326200962066650e+00 -9.9991166591644287e-01 -1.3236850500106812e-02 -1.2107598595321178e-03 1.5622801780700684e+00 1.0300000000000000e+03 1.9913203430175781e+02
9.9969917535781860e-01 -1.0196783579885960e-02 -2.2308811545372009e-02 9.2057007551193237e-01 9.9993461370468140e-01 -5.6980308145284653e-03 9.9154533818364143e-03 9.0459924936294556e-01 4.9210000000000000e+03 8.8933685302734375e+01
-9.9931836128234863e-01 -3.4339386969804764e-02 1.3551816344261169e-02 1.5558888912200928e+00 -9.9982070922851562e-01 -1.8147444352507591e-02 5.3851478733122349e-03 1.5389347076416016e+00 1.5820000000000000e+03 2.0476864624023438e+02
9.9973052740097046e-01 -7.2522615082561970e-03 -2.2052541375160217e-02 9.2239189147949219e-01 9.9994307756423950e-01 -2.7892629150301218e-03 1.0292557068169117e-02 9.0320187807083130e-01 5.2270000000000000e+03 8.8089218139648438e+01
-9.9909526109695435e-01 -4.2204916477203369e-02 5.2393856458365917e-03 1.5761866569519043e+00 -9.9971610307693481e-01 -2.3056613281369209e-02 -5.9977103956043720e-03 1.5852243900299072e+00 1.8280000000000000e+03 2.0297155761718750e+02
9.9975186586380005e-01 -3.7009622901678085e-03 -2.1968822926282883e-02 9.2747503519058228e-01 9.9996209144592285e-01 1.4690599637106061e-03 8.5831917822360992e-03 9.0272581577301025e-01 5.4970000000000000e+03 8.6635482788085938e+01
-9.9896913766860962e-01 -4.4230196624994278e-02 -1.0215972550213337e-02 1.6191885471343994e+00 -9.9942570924758911e-01 -3.3885374665260315e-02 -1.8281125812791288e-04 1.5705837011337280e+00 2.5730000000000000e+03 1.9775048828125000e+02
9.9979388713836670e-01 -7.0650894194841385e-03 -1.9035851582884789e-02 9.1793566942214966e-01 9.9992537498474121e-01 -2.0911991596221924e-03 1.2034333311021328e-02 9.0271985530853271e-01 4.4570000000000000e+03 8.5357406616210938e+01
-9.9875545501708984e-01 -4.5970648527145386e-02 -1.9346091896295547e-02 1.6453595161437988e+00 -9.9957662820816040e-01 -2.9010247439146042e-02 -2.2369998041540384e-03 1.5649176836013794e+00 2.3130000000000000e+03 1.9585768127441406e+02
9.9977177381515503e-01 -3.0018573161214590e-03 -2.1150067448616028e-02 9.2274987697601318e-01 9.9993520975112915e-01 -2.5802478194236755e-03 1.1089652776718140e-02 8.9680087566375732e-01 4.8090000000000000e+03 8.6254966735839844e+01
-9.9868667125701904e-01 -4.8847161233425140e-02 -1.5455817803740501e-02 1.6232980489730835e+00 -9.9962854385375977e-01 -2.7049133554100990e-02 -3.3126780763268471e-03 1.5834765434265137e+00 2.2910000000000000e+03 1.9532595825195312e+02
9.9977922439575195e-01 -1.1462119873613119e-03 -2.0982995629310608e-02 9.2377889156341553e-01 9.9996274709701538e-01 9.0540776727721095e-04 8.5858488455414772e-03 9.0177327394485474e-01 4.9830000000000000e+03 8.6957145690917969e+01
-9.9817061424255371e-01 -5.6447695940732956e-02 -2.1656114608049393e-02 1.6385957002639771e+00 -9.9947655200958252e-01 -3.1982958316802979e-02 -4.8704911023378372e-03 1.5915462970733643e+00 2.2750000000000000e+03 1.9252795410156250e+02
9.9969965219497681e-01 -9.7523313015699387e-03 -2.2485423833131790e-02 9.2474716901779175e-01 9.9992609024047852e-01 -5.5780257098376751e-03 1.0807836428284645e-02 9.0411978960037231e-01 4.6170000000000000e+03 8.6737800598144531e+01
-9.9832910299301147e-01 -5.2198044955730438e-02 -2.4784864857792854e-02 1.6533758640289307e+00 -9.9980074167251587e-01 -1.8404990434646606e-02 -7.7294064685702324e-03 1.6011805534362793e+00 1.5410000000000000e+03 1.9456213378906250e+02
9.9952167272567749e-01 -7.3612513951957226e-03 -3.0040571466088295e-02 9.3319928646087646e-01 9.9993556737899780e-01 -5.2206953987479210e-03 1.0078771039843559e-02 8.9791762828826904e-01 1.4100000000000000e+03 8.4822731018066406e+01
9.9977880716323853e-01 -3.2133962959051132e-03 -2.0784603431820869e-02 9.2568433284759521e-01 9.9994671344757080e-01 -6.4120127353817225e-04 1.0301665402948856e-02 8.9895737171173096e-01 1.4820000000000000e+03 8.4937355041503906e+01
9.9979519844055176e-01 -1.7058640951290727e-03 -2.0164379850029945e-02 9.2322093248367310e-01 9.9996507167816162e-01 1.9606476416811347e-04 8.3531662821769714e-03 9.0114480257034302e-01 2.7070000000000000e+03 8.8950942993164062e+01
9.9973040819168091e-01 9.5461827004328370e-04 -2.3199079558253288e-02 9.2284965515136719e-01 9.9998420476913452e-01 1.5259577194228768e-03 5.4093278013169765e-03 9.0007215738296509e-01 3.3750000000000000e+03 8.7964294433593750e+01
9.9988025426864624e-01 -1.9516303436830640e-03 -1.5346623957157135e-02 9.2263352870941162e-01 9.9988973140716553e-01 8.3019677549600601e-03 1.2316682375967503e-02 9.0148270130157471e-01 2.8560000000000000e+03 9.4917366027832031e+01
1.0715378448367119e-02 1.1150494217872620e-02 -9.9988049268722534e-01 6.7446839809417725e-01 2.1767428144812584e-02 -6.6591906547546387e-01 -7.4570643901824951e-01 7.1852487325668335e-01 6.7940000000000000e+03 1.5273045349121094e+02
1.7189089208841324e-02 -1.0686542838811874e-01 -9.9412488937377930e-01 1.0273686647415161e+00 2.7745373547077179e-02 -8.0968105792999268e-01 -5.8621412515640259e-01 1.0663806200027466e+00 5.9300000000000000e+03 1.7256106567382812e+02
9.3970512971282005e-03 -1.1045432649552822e-02 -9.9989479780197144e-01 6.0913610458374023e-01 2.2308954969048500e-02 -7.7326655387878418e-01 -6.3368844985961914e-01 6.1057454347610474e-01 6.8960000000000000e+03 1.5304986572265625e+02
7.0729861035943031e-03 5.5950909852981567e-01 -8.2879400253295898e-01 1.1941406726837158e+00 9.0607861056923866e-03 -7.7267445623874664e-02 -9.9696922302246094e-01 1.1363027095794678e+00 5.4330000000000000e+03 1.5208187866210938e+02
5.7908431626856327e-03 -4.0621161460876465e-02 -9.9915784597396851e-01 1.5339251756668091e+00 -2.6646584272384644e-02 -7.2254425287246704e-01 -6.9081097841262817e-01 1.6091321706771851e+00 6.2380000000000000e+03 1.9111029052734375e+02
3.8234619423747063e-03 -3.7351995706558228e-01 -9.2761427164077759e-01 1.7966036796569824e+00 -3.7683632224798203e-02 -9.0849107503890991e-01 -4.1620191931724548e-01 1.8528132438659668e+00 2.9800000000000000e+03 2.0980805969238281e+02
9.9988555908203125e-01 -1.4850669540464878e-02 -2.8915749862790108e-03 8.8529610633850098e-01 9.9993681907653809e-01 -9.0695777907967567e-03 6.6457353532314301e-03 9.1492027044296265e-01 1.8060000000000000e+03 8.9825271606445312e+01
9.9970769882202148e-01 -2.2685948759317398e-02 -8.3709191530942917e-03 9.2513322830200195e-01 9.9928027391433716e-01 -7.3351599276065826e-03 3.7216767668724060e-02 8.9602577686309814e-01 2.3860000000000000e+03 8.9787513732910156e+01
-9.9960911273956299e-01 -1.2773755937814713e-02 -2.4870444089174271e-02 1.4981421232223511e+00 -9.9963420629501343e-01 -9.2257559299468994e-03 -2.5425475090742111e-02 1.4282099008560181e+00 1.1610000000000000e+03 2.2081857299804688e+02
9.9992740154266357e-01 -1.0816792957484722e-02 -5.3245527669787407e-03 9.0022140741348267e-01 9.9978482723236084e-01 1.5746741555631161e-03 2.0679138600826263e-02 8.9835292100906372e-01 1.3810000000000000e+03 9.7918174743652344e+01
9.9977910518646240e-01 -1.1498577892780304e-02 -1.7595715820789337e-02 9.2223387956619263e-01 9.9977606534957886e-01 6.1888871714472771e-03 2.0238731056451797e-02 8.8608509302139282e-01 2.2940000000000000e+03 9.1963302612304688e+01
9.9959689378738403e-01 -7.6329098083078861e-03 -2.7348240837454796e-02 9.2796468734741211e-01 9.9992197751998901e-01 -2.9610558412969112e-03 1.2133132666349411e-02 8.9471864700317383e-01 2.5970000000000000e+03 1.1285791015625000e+02
9.0736690908670425e-03 -1.8056607246398926e-01 -9.8352104425430298e-01 6.3279181718826294e-01 2.4277254939079285e-02 -8.5424405336380005e-01 -5.1930499076843262e-01 6.5762567520141602e-01 6.5080000000000000e+03 1.6328706359863281e+02
1.8964137881994247e-02 -4.8756623268127441e-01 -8.7288004159927368e-01 8.0658036470413208e-01 -7.3790568858385086e-03 -9.5498776435852051e-01 -2.9655337333679199e-01 8.7979751825332642e-01 1.1710000000000000e+03 2.2290179443359375e+02
-5.2455032709985971e-04 5.4618322849273682e-01 -8.3766555786132812e-01 1.4261204004287720e+00 4.0983841754496098e-03 -1.5441191196441650e-01 -9.8799812793731689e-01 1.4050911664962769e+00 2.4650000000000000e+03 1.5666459655761719e+02
5.0979042425751686e-03 -8.1353537738323212e-02 -9.9667233228683472e-01 1.6219894886016846e+00 -2.9910681769251823e-02 -7.2905343770980835e-01 -6.8380278348922729e-01 1.7053390741348267e+00 3.8430000000000000e+03 1.9399844360351562e+02
9.9913036823272705e-01 -1.4574219472706318e-02 -3.9063729345798492e-02 9.5406401157379150e-01 9.9997407197952271e-01 -6.6136615350842476e-03 2.8655852656811476e-03 9.2206114530563354e-01 1.0040000000000000e+03 5.4325893402099609e+01
9.9970936775207520e-01 -1.8467726185917854e-02 -1.5494912862777710e-02 9.3325811624526978e-01 9.9969005584716797e-01 2.2571675945073366e-03 2.4793427437543869e-02 9.0371835231781006e-01 2.4130000000000000e+03 7.0712852478027344e+01
-2.0299172028899193e-03 9.9952203035354614e-01 3.0847890302538872e-02 5.7443380355834961e-01 8.6792614310979843e-03 7.1877813339233398e-01 -6.9518530368804932e-01 6.0537600517272949e-01 1.9100000000000000e+03 1.7350204467773438e+02
9.9973785877227783e-01 -1.2168991379439831e-02 -1.9395533949136734e-02 9.2743015289306641e-01 9.9985796213150024e-01 3.3195063006132841e-03 1.6521813347935677e-02 8.9561998844146729e-01 3.5280000000000000e+03 9.7519271850585938e+01
9.9963569641113281e-01 -7.4722133576869965e-03 -2.5933451950550079e-02 9.2696410417556763e-01 9.9998819828033447e-01 -5.6913797743618488e-04 4.8180641606450081e-03 9.0499496459960938e-01 3.4090000000000000e+03 1.0195511627197266e+02
9.9966835975646973e-01 -8.6201615631580353e-03 -2.4264218285679817e-02 9.2741233110427856e-01 9.9997210502624512e-01 -4.9367896281182766e-03 5.5993143469095230e-03 9.1280788183212280e-01 3.0010000000000000e+03 1.0157680511474609e+02
9.9948990345001221e-01 -1.9146835431456566e-02 -2.5559868663549423e-02 9.1770666837692261e-01 9.9992239475250244e-01 -8.9866286143660545e-03 8.6292913183569908e-03 9.1001790761947632e-01 3.5810000000000000e+03 9.1335700988769531e+01
9.9969911575317383e-01 -1.5365135855972767e-02 -1.9121805205941200e-02 9.1468596458435059e-01 9.9989342689514160e-01 -6.2254806980490685e-03 1.3206154108047485e-02 9.0331411361694336e-01 2.2500000000000000e+03 8.8762718200683594e+01
9.9965757131576538e-01 -8.6038755252957344e-03 -2.4710936471819878e-02 9.2325532436370850e-01 9.9993753433227539e-01 -3.4115952439606190e-03 1.0646974667906761e-02 8.9975345134735107e-01 3.6090000000000000e+03 8.8231887817382812e+01
9.9964874982833862e-01 -8.3015020936727524e-03 -2.5171251967549324e-02 9.2514985799789429e-01 9.9996066093444824e-01 -3.8178989198058844e-03 8.0080265179276466e-03 9.0590816736221313e-01 3.6260000000000000e+03 8.6195945739746094e+01
9.9979752302169800e-01 -7.9965740442276001e-03 -1.8467366695404053e-02 9.1588151454925537e-01 9.9997091293334961e-01 -1.7830125289037824e-03 7.4115423485636711e-03 9.0886175632476807e-01 3.8360000000000000e+03 8.5873428344726562e+01
9.9971359968185425e-01 -1.0032336227595806e-02 -2.1727871149778366e-02 9.1771668195724487e-01 9.9993765354156494e-01 -3.1980280764400959e-03 1.0709602385759354e-02 9.0250343084335327e-01 4.4780000000000000e+03 8.6338058471679688e+01
9.9971514940261841e-01 -8.1332102417945862e-03 -2.2439727559685707e-02 9.1696566343307495e-01 9.9996280670166016e-01 -3.3502595033496618e-03 7.9522803425788879e-03 9.0284514427185059e-01 5.0630000000000000e+03 8.6409484863281250e+01
-9.9969869852066040e-01 -2.2477259859442711e-02 9.8708895966410637e-03 1.5925536155700684e+00 -9.9972838163375854e-01 -7.2124819271266460e-03 -2.2160911932587624e-02 1.6465539932250977e+00 1.3690000000000000e+03 1.9864154052734375e+02
9.9973499774932861e-01 -9.6358060836791992e-03 -2.0905777812004089e-02 9.1718626022338867e-01 9.9995481967926025e-01 -2.9843258671462536e-03 9.0189110487699509e-03 9.0674829483032227e-01 4.9690000000000000e+03 8.6227676391601562e+01
-9.9952685832977295e-01 -3.0708933249115944e-02 -1.7227688804268837e-03 1.6185832023620605e+00 -9.9986308813095093e-01 -1.4545018784701824e-02 -7.8907199203968048e-03 1.5831706523895264e+00 1.5700000000000000e+03 1.9595390319824219e+02
9.9974513053894043e-01 -9.6204224973917007e-03 -2.0423566922545433e-02 9.1654652357101440e-01 9.9993151426315308e-01 -2.9747048392891884e-03 1.1318753473460674e-02 9.0121698379516602e-01 5.1210000000000000e+03 8.6516883850097656e+01
-9.9945747852325439e-01 -2.9034897685050964e-02 1.5553734265267849e-02 1.5655881166458130e+00 -9.9979686737060547e-01 -2.0095340907573700e-02 1.5778437955304980e-03 1.5542352199554443e+00 1.6580000000000000e+03 1.9791314697265625e+02
9.9970185756683350e-01 -1.2555052526295185e-02 -2.0941499620676041e-02 9.1500854492187500e-01 9.9990421533584595e-01 -4.3049678206443787e-03 1.3153893873095512e-02 9.0067303180694580e-01 5.2700000000000000e+03 8.6493545532226562e+01
-9.9957805871963501e-01 -2.4701250717043877e-02 1.5277032740414143e-02 1.5655306577682495e+00 -9.9989640712738037e-01 -1.3896167278289795e-02 -3.7307192105799913e-03 1.5724171400070190e+00 1.8080000000000000e+03 2.0217034912109375e+02
9.9969929456710815e-01 -1.1925540864467621e-02 -2.1427972242236137e-02 9.1590845584869385e-01 9.9991786479949951e-01 -2.6529622264206409e-03 1.2541858479380608e-02 8.9794695377349854e-01 4.7750000000000000e+03 8.6624305725097656e+01
-9.9952596426010132e-01 -3.0525196343660355e-02 -4.0235673077404499e-03 1.6226435899734497e+00 -9.9984157085418701e-01 -1.7506416887044907e-02 -3.2165201846510172e-03 1.5758715867996216e+00 1.8120000000000000e+03 2.1094866943359375e+02
9.9974161386489868e-01 -1.4125587418675423e-02 -1.7811747267842293e-02 9.1613405942916870e-01 9.9985235929489136e-01 -6.4917822601273656e-04 1.7168670892715454e-02 8.9634764194488525e-01 2.4970000000000000e+03 8.6226158142089844e+01
-9.9894726276397705e-01 -4.3236646801233292e-02 -1.5328634530305862e-02 1.6445221900939941e+00 -9.9979585409164429e-01 -1.8274368718266487e-02 -8.6170760914683342e-03 1.5811867713928223e+00 2.1600000000000000e+03 1.9546713256835938e+02
9.9978768825531006e-01 -5.0132940523326397e-03 -1.9984982907772064e-02 9.1448169946670532e-01 9.9995487928390503e-01 -1.1035205097869039e-03 9.4399554654955864e-03 8.9606320858001709e-01 3.0110000000000000e+03 1.0458684539794922e+02
-9.9852186441421509e-01 -4.8463292419910431e-02 -2.4600606411695480e-02 1.6824759244918823e+00 -9.9932092428207397e-01 -3.2117344439029694e-02 1.8058853223919868e-02 1.4995746612548828e+00 1.4570000000000000e+03 2.0244268798828125e+02
9.9970889091491699e-01 -7.2452202439308167e-03 -2.3012425750494003e-02 9.1829591989517212e-01 9.9976515769958496e-01 -1.6649353783577681e-03 2.1606814116239548e-02 8.7654405832290649e-01 2.3330000000000000e+03 8.8628051757812500e+01
9.9976295232772827e-01 -1.1592871509492397e-02 -1.8430616706609726e-02 9.1947484016418457e-01 9.9989485740661621e-01 2.0895502530038357e-03 1.4349585399031639e-02 8.9937478303909302e-01 3.8960000000000000e+03 8.8647766113281250e+01
9.9945574998855591e-01 5.9791994281113148e-03 -3.2442402094602585e-02 9.2262864112854004e-01 9.9995809793472290e-01 -5.8027688646689057e-04 -9.1347228735685349e-03 9.0744203329086304e-01 4.7040000000000000e+03 8.7491249084472656e+01
3.0542283784598112e-03 7.8739917278289795e-01 -6.1643582582473755e-01 2.5555448532104492e+00 -1.3910737819969654e-02 1.5426121652126312e-01 -9.8793214559555054e-01 2.4545819759368896e+00 2.9240000000000000e+03 1.8259986877441406e+02
2.0228205248713493e-02 1.6194091737270355e-01 -9.8659312725067139e-01 7.6943045854568481e-01 3.7954464554786682e-02 -5.0298970937728882e-01 -8.6345851421356201e-01 8.0643862485885620e-01 8.1680000000000000e+03 1.6534782409667969e+02
9.9971431493759155e-01 -1.4069137163460255e-02 -1.9323954358696938e-02 9.2797702550888062e-01 9.9952483177185059e-01 6.9840094074606895e-03 3.0023802071809769e-02 8.5823315382003784e-01 1.4720000000000000e+03 8.7886558532714844e+01
9.9935835599899292e-01 -1.1183427646756172e-02 -3.4024994820356369e-02 9.4472151994705200e-01 9.9996894598007202e-01 9.9453411530703306e-04 7.8244078904390335e-03 8.9675796031951904e-01 1.4780000000000000e+03 7.3704330444335938e+01
-9.9882775545120239e-01 -4.8245955258607864e-02 -3.9175036363303661e-03 1.2385343313217163e+00 -9.9878120422363281e-01 -2.6624441146850586e-02 -4.1560955345630646e-02 1.3255594968795776e+00 1.0850000000000000e+03 1.9919602966308594e+02
9.9967825412750244e-01 -1.8995074788108468e-03 -2.5291837751865387e-02 9.2799586057662964e-01 9.9994933605194092e-01 -9.9889347329735756e-03 1.2739156372845173e-03 9.1194003820419312e-01 1.6580000000000000e+03 1.1943847656250000e+02
-3.7760876584798098e-03 5.5570405721664429e-01 -8.3137160539627075e-01 1.5924178361892700e+00 2.0175624638795853e-02 -1.3867563009262085e-01 -9.9013227224349976e-01 1.5595196485519409e+00 7.0940000000000000e+03 1.7713772583007812e+02
-1.2905292678624392e-03 5.5261629819869995e-01 -8.3343482017517090e-01 1.4954316616058350e+00 1.2020661495625973e-02 -9.1234572231769562e-02 -9.9575686454772949e-01 1.4496240615844727e+00 2.0310000000000000e+03 2.1978532409667969e+02
9.9972808361053467e-01 -1.8495906144380569e-02 -1.4196753501892090e-02 9.0917140245437622e-01 9.9941015243530273e-01 6.1167706735432148e-03 3.3791065216064453e-02 8.5708743333816528e-01 1.1360000000000000e+03 8.0013206481933594e+01
9.9973213672637939e-01 -5.8077611029148102e-03 -2.2401439025998116e-02 9.1915881633758545e-01 9.9997538328170776e-01 -4.3859016150236130e-03 5.4799290373921394e-03 9.0335130691528320e-01 2.5400000000000000e+03 8.9574012756347656e+01
9.9965697526931763e-01 -9.5722014084458351e-03 -2.4377053603529930e-02 9.2773532867431641e-01 9.9990975856781006e-01 -5.3102066740393639e-03 1.2341693043708801e-02 8.9386481046676636e-01 2.2250000000000000e+03 8.7530853271484375e+01
9.9950659275054932e-01 -4.5096287503838539e-03 -3.1084278598427773e-02 9.3992763757705688e-01 9.9991476535797119e-01 -2.2148655261844397e-03 1.2860768474638462e-02 8.9012831449508667e-01 3.0830000000000000e+03 8.5964645385742188e+01
-9.9864512681961060e-01 -4.6063259243965149e-02 -2.4207536131143570e-02 1.5871491432189941e+00 -9.9989128112792969e-01 -1.1007247492671013e-02 -9.8167378455400467e-03 1.5215402841567993e+00 1.6340000000000000e+03 2.2211872863769531e+02
9.9938637018203735e-01 -2.8162488713860512e-02 -2.0827248692512512e-02 9.3472820520401001e-01 9.9938637018203735e-01 -1.1843376792967319e-02 3.2965015619993210e-02 8.9413297176361084e-01 3.3750000000000000e+03 8.1966979980468750e+01
-9.9973660707473755e-01 -1.0427993722259998e-02 -2.0448703318834305e-02 1.5560170412063599e+00 -9.9965238571166992e-01 -5.6400136090815067e-03 -2.5756619870662689e-02 1.5021313428878784e+00 2.0330000000000000e+03 2.1659370422363281e+02
9.9963718652725220e-01 -1.9469419494271278e-02 -1.8615448847413063e-02 9.1624379158020020e-01 9.9841576814651489e-01 -4.4409777037799358e-03 5.6092511862516403e-02 8.2551664113998413e-01 1.4360000000000000e+03 8.5116012573242188e+01
9.9970823526382446e-01 -1.1742354370653629e-02 -2.1106859669089317e-02 9.2365694046020508e-01 9.9979376792907715e-01 -4.3562250211834908e-03 1.9834946841001511e-02 8.8943630456924438e-01 3.3620000000000000e+03 7.9539779663085938e+01
9.9963146448135376e-01 -6.9923046976327896e-03 -2.6230474933981895e-02 9.3020081520080566e-01 9.9987292289733887e-01 -4.2315903119742870e-03 1.5369843691587448e-02 8.8705110549926758e-01 2.8480000000000000e+03 8.4874977111816406e+01
9.9992179870605469e-01 -9.3710497021675110e-03 -8.2857878878712654e-03 9.0428960323333740e-01 9.9993646144866943e-01 1.1120858835056424e-03 1.1213158257305622e-02 9.0214020013809204e-01 1.1120000000000000e+03 8.2196617126464844e+01
8.1912763416767120e-03 -4.7443374991416931e-02 -9.9884033203125000e-01 2.5313925743103027e+00 2.5405355263501406e-03 -7.3877418041229248e-01 -6.7394828796386719e-01 2.6084651947021484e+00 1.8820000000000000e+03 2.1496386718750000e+02
-1.5999175957404077e-04 -1.2777893245220184e-01 -9.9180263280868530e-01 2.9397487640380859e+00 3.0853084754198790e-03 -7.6811403036117554e-01 -6.4030569791793823e-01 3.0163309574127197e+00 1.7140000000000000e+03 2.0650057983398438e+02
9.9974888563156128e-01 -7.9820547252893448e-03 -2.0936863496899605e-02 9.2043405771255493e-01 9.9983882904052734e-01 -3.5528396256268024e-03 1.7595181241631508e-02 8.8743168115615845e-01 3.6070000000000000e+03 8.7254501342773438e+01
9.9968016147613525e-01 -1.3174458406865597e-02 -2.1587111055850983e-02 9.2120230197906494e-01 9.9987787008285522e-01 -1.9979886710643768e-03 1.5499098226428032e-02 8.9313638210296631e-01 3.8710000000000000e+03 8.3714805603027344e+01
-9.9940937757492065e-01 -3.1776037067174911e-02 -1.3084537349641323e-02 1.6265394687652588e+00 -9.9960333108901978e-01 -2.6206232607364655e-02 -1.0315528139472008e-02 1.5834324359893799e+00 1.9700000000000000e+03 2.0217614746093750e+02
