9.9955564737319946e-01 -2.9550237581133842e-02 3.9156600832939148e-03 8.9478188753128052e-01 9.9973016977310181e-01 -4.6310964971780777e-03 2.2762497887015343e-02 8.9273905754089355e-01 1.3130000000000000e+03 8.6293983459472656e+01
-9.9961239099502563e-01 1.6696143895387650e-02 2.2276369854807854e-02 1.5306937694549561e+00 -9.9956595897674561e-01 -2.0805200561881065e-02 -2.0858095958828926e-02 1.5855872631072998e+00 1.7990000000000000e+03 2.0746119689941406e+02
9.9963212013244629e-01 -2.7031818404793739e-02 2.2169651929289103e-03 9.0524619817733765e-01 9.9986135959625244e-01 1.0137180797755718e-03 1.6617294400930405e-02 9.0506345033645630e-01 3.0840000000000000e+03 8.5828491210937500e+01
-9.9941325187683105e-01 3.1816534698009491e-02 1.2680889107286930e-02 1.5518224239349365e+00 -9.9895757436752319e-01 -4.5620951801538467e-02 -1.5875948593020439e-03 1.5391640663146973e+00 1.2850000000000000e+03 1.9516809082031250e+02
9.9961352348327637e-01 -2.7755845338106155e-02 -1.5790897887200117e-03 9.0813779830932617e-01 9.9987882375717163e-01 -6.1512598767876625e-03 1.4298433437943459e-02 9.0518438816070557e-01 4.3360000000000000e+03 8.2254615783691406e+01
-9.9948829412460327e-01 2.0574685186147690e-02 2.4491639807820320e-02 1.5194776058197021e+00 -9.9956959486007690e-01 -2.8804853558540344e-02 -5.5541270412504673e-03 1.5728666782379150e+00 1.8520000000000000e+03 2.0183601379394531e+02
9.9955391883850098e-01 -2.9765093699097633e-02 -2.4302867241203785e-03 9.0596610307693481e-01 9.9993610382080078e-01 -2.9926747083663940e-03 1.0898591019213200e-02 9.0783071517944336e-01 4.2840000000000000e+03 8.5580406188964844e+01
-9.9963521957397461e-01 4.5629679225385189e-03 2.6619305834174156e-02 1.5137578248977661e+00 -9.9981230497360229e-01 -1.8222820013761520e-02 6.5801697783172131e-03 1.5299659967422485e+00 1.8850000000000000e+03 1.9885092163085938e+02
2.6631774380803108e-03 9.3002903461456299e-01 -3.6747637391090393e-01 1.8941670656204224e+00 5.2253752946853638e-02 -2.7066272497177124e-01 -9.6125513315200806e-01 2.0536787509918213e+00 1.4320000000000000e+03 1.4732681274414062e+02
2.6631774380803108e-03 9.3002903461456299e-01 -3.6747637391090393e-01 1.8941670656204224e+00 1.2534931302070618e-02 -2.7352660894393921e-01 -9.6178275346755981e-01 1.9226380586624146e+00 2.4050000000000000e+03 1.6669445800781250e+02
1.7916930839419365e-02 3.6004805564880371e-01 -9.3276172876358032e-01 1.7632957696914673e+00 3.2017190824262798e-04 -9.2006444931030273e-01 -3.9176693558692932e-01 1.7870068550109863e+00 2.3090000000000000e+03 2.1603334045410156e+02
-6.3481240067631006e-04 2.9655757546424866e-01 -9.5501476526260376e-01 1.8389071226119995e+00 3.2017190824262798e-04 -9.2006444931030273e-01 -3.9176693558692932e-01 1.7870068550109863e+00 1.6490000000000000e+03 2.1603334045410156e+02
9.9975711107254028e-01 -2.1665243431925774e-02 4.0435031987726688e-03 9.1417700052261353e-01 9.9993920326232910e-01 1.6415407881140709e-03 1.0904749855399132e-02 9.0972995758056641e-01 1.6510000000000000e+03 1.0740763092041016e+02
9.9953305721282959e-01 -2.9828736558556557e-02 6.6265538334846497e-03 9.1266423463821411e-01 9.9991863965988159e-01 8.5104235040489584e-05 1.2754257768392563e-02 9.1081744432449341e-01 1.1240000000000000e+03 8.5009582519531250e+01
9.9967205524444580e-01 -2.4151869118213654e-02 8.5031185299158096e-03 9.0033304691314697e-01 9.9997222423553467e-01 3.1384644098579884e-03 6.7680422216653824e-03 9.1266387701034546e-01 1.9490000000000000e+03 9.0546211242675781e+01
9.9985462427139282e-01 -1.4106463640928268e-02 -9.5802163705229759e-03 9.2640340328216553e-01 9.9998170137405396e-01 -1.6636934597045183e-03 5.8205914683640003e-03 9.2308264970779419e-01 1.1170000000000000e+03 9.7634735107421875e+01
9.9952650070190430e-01 -2.8378127142786980e-02 -1.1892659589648247e-02 9.3664228916168213e-01 9.9997955560684204e-01 6.5143959363922477e-04 6.3704457134008408e-03 9.1812413930892944e-01 1.7010000000000000e+03 9.2444442749023438e+01
1.2685423716902733e-03 9.0375161170959473e-01 -4.2805549502372742e-01 1.4316816329956055e+00 -8.4532396867871284e-03 -3.1308874487876892e-01 -9.4968628883361816e-01 1.4423174858093262e+00 3.6800000000000000e+03 2.0500938415527344e+02
9.9961650371551514e-01 -2.6359990239143372e-02 -8.4777828305959702e-03 9.1196626424789429e-01 9.9981135129928589e-01 -2.2298307158052921e-03 1.9294448196887970e-02 8.9276844263076782e-01 1.0250000000000000e+03 9.8210525512695312e+01
9.9955368041992188e-01 -2.8502404689788818e-02 8.9451754465699196e-03 8.9695698022842407e-01 9.9973857402801514e-01 8.4787569940090179e-03 2.1233817562460899e-02 8.9117395877838135e-01 2.7180000000000000e+03 1.0428034973144531e+02
9.9925786256790161e-01 -3.8491860032081604e-02 1.4356597093865275e-03 9.0737652778625488e-01 9.9994039535522461e-01 1.0468206368386745e-02 3.0763987451791763e-03 9.2492145299911499e-01 1.4900000000000000e+03 9.0166725158691406e+01
9.9963432550430298e-01 -2.5962185114622116e-02 7.5587877072393894e-03 9.0142697095870972e-01 9.9995726346969604e-01 9.1108055785298347e-03 1.5840918058529496e-03 9.2058807611465454e-01 1.4540000000000000e+03 9.1740112304687500e+01
9.9942278861999512e-01 -3.3600986003875732e-02 4.9961665645241737e-03 8.9588338136672974e-01 9.9998158216476440e-01 3.7967709358781576e-03 -4.7340001910924911e-03 9.2908704280853271e-01 1.7340000000000000e+03 8.8406974792480469e+01
9.9928963184356689e-01 -3.5789806395769119e-02 1.1811268515884876e-02 8.9050465822219849e-01 9.9998748302459717e-01 3.5037922207266092e-03 3.5865430254489183e-03 9.1874754428863525e-01 1.3610000000000000e+03 8.8135887145996094e+01
9.9976307153701782e-01 -2.0047880709171295e-02 -8.4711853414773941e-03 9.0748292207717896e-01 9.9989539384841919e-01 -1.4414905570447445e-02 -1.1567003093659878e-03 9.0933108329772949e-01 2.9340000000000000e+03 7.2335105895996094e+01
-7.1189566515386105e-03 9.6895778179168701e-01 -2.4712358415126801e-01 2.1879575252532959e+00 7.5134076178073883e-03 -1.5981224179267883e-01 -9.8711884021759033e-01 2.2419028282165527e+00 1.5410000000000000e+03 1.8425827026367188e+02
-7.1189566515386105e-03 9.6895778179168701e-01 -2.4712358415126801e-01 2.1879575252532959e+00 4.0280763059854507e-02 -2.4470327794551849e-01 -9.6876102685928345e-01 2.2248508930206299e+00 1.8650000000000000e+03 1.6662390136718750e+02
1.8302248790860176e-02 7.0065677165985107e-01 -7.1326369047164917e-01 1.1418724060058594e+00 -1.1553993681445718e-03 -6.6763859987258911e-01 -7.4448466300964355e-01 1.1372761726379395e+00 6.5710000000000000e+03 1.7689645385742188e+02
1.7559850588440895e-02 6.9377094507217407e-01 -7.1998161077499390e-01 9.6357148885726929e-01 1.2465939857065678e-02 -6.9064068794250488e-01 -7.2309052944183350e-01 9.5979326963424683e-01 3.4890000000000000e+03 1.4759004211425781e+02
9.9963921308517456e-01 -2.6187185198068619e-02 5.9780548326671124e-03 8.9930880069732666e-01 9.9993318319320679e-01 -6.3797365874052048e-04 1.1541671119630337e-02 9.0717941522598267e-01 3.2230000000000000e+03 1.0483679962158203e+02
9.9959754943847656e-01 -2.7969358488917351e-02 4.7323284670710564e-03 8.9750826358795166e-01 9.9991810321807861e-01 -3.5451767034828663e-03 1.2292626313865185e-02 9.0309000015258789e-01 4.5900000000000000e+03 8.7043136596679688e+01
-9.9998539686203003e-01 4.9284202978014946e-03 -2.2108147386461496e-03 1.5914956331253052e+00 -9.9987125396728516e-01 -1.5054042451083660e-02 -5.5605620145797729e-03 1.5668458938598633e+00 1.5640000000000000e+03 2.1438427734375000e+02
9.9965602159500122e-01 -2.5567809119820595e-02 5.8515025302767754e-03 8.9522355794906616e-01 9.9994415044784546e-01 -3.0926335602998734e-03 1.0105939581990242e-02 9.0400832891464233e-01 4.4840000000000000e+03 8.4245536804199219e+01
-9.9998772144317627e-01 1.5278904465958476e-03 4.7272634692490101e-03 1.5606114864349365e+00 -9.9991166591644287e-01 -1.3236850500106812e-02 -1.2107598595321178e-03 1.5622801780700684e+00 2.0270000000000000e+03 2.0428860473632812e+02
9.9959146976470947e-01 -2.8536293655633926e-02 1.6338523710146546e-03 8.9857918024063110e-01 9.9993461370468140e-01 -5.6980308145284653e-03 9.9154533818364143e-03 9.0459924936294556e-01 4.7000000000000000e+03 8.4639503479003906e+01
-9.9992752075195312e-01 4.0559116750955582e-03 1.1335971765220165e-02 1.5374251604080200e+00 -9.9982070922851562e-01 -1.8147444352507591e-02 5.3851478733122349e-03 1.5389347076416016e+00 1.9810000000000000e+03 1.9757727050781250e+02
9.9960917234420776e-01 -2.7958421036601067e-02 -3.1713527278043330e-05 9.0555036067962646e-01 9.9994307756423950e-01 -2.7892629150301218e-03 1.0292557068169117e-02 9.0320187807083130e-01 3.8400000000000000e+03 8.5201835632324219e+01
-9.9989038705825806e-01 1.3553792610764503e-02 5.9545068070292473e-03 1.5456449985504150e+00 -9.9971610307693481e-01 -2.3056613281369209e-02 -5.9977103956043720e-03 1.5852243900299072e+00 1.7610000000000000e+03 1.9298931884765625e+02
9.9967980384826660e-01 -2.4184947833418846e-02 7.4515962041914463e-03 8.9919865131378174e-01 9.9996209144592285e-01 1.4690599637106061e-03 8.5831917822360992e-03 9.0272581577301025e-01 3.9310000000000000e+03 8.6479354858398438e+01
-9.9988073110580444e-01 1.2121885083615780e-02 -9.5684956759214401e-03 1.5771939754486084e+00 -9.9942570924758911e-01 -3.3885374665260315e-02 -1.8281125812791288e-04 1.5705837011337280e+00 2.0920000000000000e+03 1.8780305480957031e+02
9.9970114231109619e-01 -2.3989662528038025e-02 4.7056991606950760e-03 9.0136986970901489e-01 9.9992537498474121e-01 -2.0911991596221924e-03 1.2034333311021328e-02 9.0271985530853271e-01 3.5240000000000000e+03 8.5357406616210938e+01
9.9947625398635864e-01 -2.3671217262744904e-02 2.2065507248044014e-02 8.7010759115219116e-01 9.9993520975112915e-01 -2.5802478194236755e-03 1.1089652776718140e-02 8.9680087566375732e-01 2.1590000000000000e+03 8.6254966735839844e+01
9.9935400485992432e-01 -2.0360335707664490e-02 2.9615705832839012e-02 8.6041367053985596e-01 9.9996274709701538e-01 9.0540776727721095e-04 8.5858488455414772e-03 9.0177327394485474e-01 1.5640000000000000e+03 8.6957145690917969e+01
9.9975395202636719e-01 -1.5915432944893837e-02 1.5450358390808105e-02 9.0060108900070190e-01 9.9988973140716553e-01 8.3019677549600601e-03 1.2316682375967503e-02 9.0148270130157471e-01 1.4280000000000000e+03 9.4917366027832031e+01
9.9970835447311401e-01 -2.3559052497148514e-02 -5.3078308701515198e-03 9.2533558607101440e-01 9.9965560436248779e-01 -4.3039699085056782e-03 2.5888463482260704e-02 8.9128649234771729e-01 1.2320000000000000e+03 1.0019967651367188e+02
9.9892675876617432e-01 -4.6315342187881470e-02 -4.9564283108338714e-04 9.1509222984313965e-01 9.9928027391433716e-01 -7.3351599276065826e-03 3.7216767668724060e-02 8.9602577686309814e-01 1.3380000000000000e+03 1.2687966918945312e+02
1.3721107505261898e-02 6.2074142694473267e-01 -7.8389525413513184e-01 6.1845886707305908e-01 7.7519696205854416e-03 -7.5836634635925293e-01 -6.5178245306015015e-01 6.4313930273056030e-01 9.8650000000000000e+03 1.4145010375976562e+02
1.7645794898271561e-02 1.3563789427280426e-01 -9.9060142040252686e-01 9.3500941991806030e-01 1.0479784570634365e-02 -9.8889148235321045e-01 -1.4826932549476624e-01 9.9356049299240112e-01 5.3640000000000000e+03 1.8624775695800781e+02
9.9907320737838745e-01 -4.2844146490097046e-02 -4.1286693885922432e-03 8.9600223302841187e-01 9.9982690811157227e-01 -9.9838227033615112e-03 1.5697233378887177e-02 9.0895247459411621e-01 1.9880000000000000e+03 1.0220472717285156e+02
9.9967342615127563e-01 -2.5490442290902138e-02 1.8323190743103623e-03 8.9721655845642090e-01 9.9986386299133301e-01 -4.0137367323040962e-03 1.6003618016839027e-02 8.9836657047271729e-01 2.6790000000000000e+03 9.0363571166992188e+01
9.9950236082077026e-01 -2.9819784685969353e-02 1.0283979587256908e-02 8.9167749881744385e-01 9.9985796213150024e-01 3.3195063006132841e-03 1.6521813347935677e-02 8.9561998844146729e-01 2.6230000000000000e+03 9.7519271850585938e+01
9.9949902296066284e-01 -3.1648177653551102e-02 -4.2982702143490314e-04 9.0829181671142578e-01 9.9989342689514160e-01 -6.2254806980490685e-03 1.3206154108047485e-02 9.0331411361694336e-01 1.0430000000000000e+03 9.4096832275390625e+01
9.9961465597152710e-01 -2.7135564014315605e-02 5.8365892618894577e-03 8.9291113615036011e-01 9.9993753433227539e-01 -3.4115952439606190e-03 1.0646974667906761e-02 8.9975345134735107e-01 2.0840000000000000e+03 9.0046066284179688e+01
9.9966138601303101e-01 -2.5791337713599205e-02 3.4468783996999264e-03 8.9427787065505981e-01 9.9996066093444824e-01 -3.8178989198058844e-03 8.0080265179276466e-03 9.0590816736221313e-01 3.1430000000000000e+03 8.6195945739746094e+01
9.9961614608764648e-01 -2.7679761871695518e-02 -1.2073682155460119e-03 9.0607589483261108e-01 9.9997091293334961e-01 -1.7830125289037824e-03 7.4115423485636711e-03 9.0886175632476807e-01 3.4790000000000000e+03 8.5873428344726562e+01
9.9960613250732422e-01 -2.8060397133231163e-02 4.3955890578217804e-04 8.9630699157714844e-01 9.9993765354156494e-01 -3.1980280764400959e-03 1.0709602385759354e-02 9.0250343084335327e-01 3.8890000000000000e+03 8.8296478271484375e+01
-9.9993783235549927e-01 1.2677138147410005e-04 1.1153963394463062e-02 1.5784809589385986e+00 -9.9987506866455078e-01 -1.0697803460061550e-02 -1.1634850874543190e-02 1.6044158935546875e+00 1.5970000000000000e+03 2.0903121948242188e+02
9.9961692094802856e-01 -2.7583835646510124e-02 -2.2664987482130527e-03 9.0352725982666016e-01 9.9996280670166016e-01 -3.3502595033496618e-03 7.9522803425788879e-03 9.0284514427185059e-01 4.2020000000000000e+03 8.6305549621582031e+01
-9.9968844652175903e-01 9.0012904256582260e-03 2.3281672969460487e-02 1.5436285734176636e+00 -9.9972838163375854e-01 -7.2124819271266460e-03 -2.2160911932587624e-02 1.6465539932250977e+00 1.0800000000000000e+03 2.1908703613281250e+02
9.9958997964859009e-01 -2.8561141341924667e-02 -1.9877436570823193e-03 9.0332704782485962e-01 9.9995481967926025e-01 -2.9843258671462536e-03 9.0189110487699509e-03 9.0674829483032227e-01 4.1630000000000000e+03 8.6112174987792969e+01
-9.9966597557067871e-01 4.4833035208284855e-03 2.5451350957155228e-02 1.5330158472061157e+00 -9.9986308813095093e-01 -1.4545018784701824e-02 -7.8907199203968048e-03 1.5831706523895264e+00 1.3760000000000000e+03 2.1046801757812500e+02
9.9959123134613037e-01 -2.8522586449980736e-02 -1.9623350817710161e-03 9.0392529964447021e-01 9.9993151426315308e-01 -2.9747048392891884e-03 1.1318753473460674e-02 9.0121698379516602e-01 3.4100000000000000e+03 8.6516883850097656e+01
-9.9988132715225220e-01 9.7433952614665031e-03 1.1927126906812191e-02 1.5618352890014648e+00 -9.9979686737060547e-01 -2.0095340907573700e-02 1.5778437955304980e-03 1.5542352199554443e+00 2.0340000000000000e+03 2.0114012145996094e+02
9.9968719482421875e-01 -2.5005457922816277e-02 4.0448299841955304e-04 8.9506077766418457e-01 9.9990421533584595e-01 -4.3049678206443787e-03 1.3153893873095512e-02 9.0067303180694580e-01 1.3640000000000000e+03 8.6493545532226562e+01
-9.9969172477722168e-01 1.0383645072579384e-02 2.2552259266376495e-02 1.5263952016830444e+00 -9.9989640712738037e-01 -1.3896167278289795e-02 -3.7307192105799913e-03 1.5724171400070190e+00 1.4990000000000000e+03 1.9133483886718750e+02
9.9946480989456177e-01 -2.9751325026154518e-02 1.3603025116026402e-02 8.8726127147674561e-01 9.9994933605194092e-01 -9.9889347329735756e-03 1.2739156372845173e-03 9.1194003820419312e-01 1.0770000000000000e+03 1.1943847656250000e+02
9.9950146675109863e-01 -3.0741987749934196e-02 7.1927020326256752e-03 8.8160860538482666e-01 9.9841576814651489e-01 -4.4409777037799358e-03 5.6092511862516403e-02 8.2551664113998413e-01 1.4360000000000000e+03 9.9165863037109375e+01
9.9947565793991089e-01 -3.1009649857878685e-02 9.3171596527099609e-03 8.8476043939590454e-01 9.9979376792907715e-01 -4.3562250211834908e-03 1.9834946841001511e-02 8.8943630456924438e-01 1.8590000000000000e+03 7.9539779663085938e+01
-1.8288055434823036e-02 6.5212380886077881e-01 -7.5789189338684082e-01 2.6505014896392822e+00 2.5405355263501406e-03 -7.3877418041229248e-01 -6.7394828796386719e-01 2.6084651947021484e+00 1.8820000000000000e+03 2.1496386718750000e+02
9.9958544969558716e-01 -2.8149943798780441e-02 6.0448129661381245e-03 8.9884024858474731e-01 9.9988859891891479e-01 -1.6657777596265078e-03 1.4832494780421257e-02 8.9639359712600708e-01 2.9090000000000000e+03 1.1107837677001953e+02
9.9960178136825562e-01 -2.7586590498685837e-02 5.9426892548799515e-03 8.9742714166641235e-01 9.9984580278396606e-01 -2.6339241303503513e-03 1.7368294298648834e-02 8.8818776607513428e-01 4.7390000000000000e+03 8.7306320190429688e+01
-1.7714716494083405e-02 6.3263112306594849e-01 -7.7425062656402588e-01 3.0921132564544678e+00 3.0853084754198790e-03 -7.6811403036117554e-01 -6.4030569791793823e-01 3.0163309574127197e+00 1.7140000000000000e+03 2.0650057983398438e+02
-9.9997615814208984e-01 1.7558460822328925e-03 -6.6811856813728809e-03 1.5994470119476318e+00 -9.9964827299118042e-01 -1.4766364358365536e-02 -2.2025275975465775e-02 1.6235733032226562e+00 1.7550000000000000e+03 2.1088775634765625e+02
9.9961388111114502e-01 -2.6941858232021332e-02 6.8067214451730251e-03 8.9212971925735474e-01 9.9983882904052734e-01 -3.5528396256268024e-03 1.7595181241631508e-02 8.8743168115615845e-01 4.5330000000000000e+03 8.6313034057617188e+01
-9.9998283386230469e-01 -4.2638534796424210e-04 -5.8425674214959145e-03 1.5934218168258667e+00 -9.9978476762771606e-01 -1.9215516746044159e-02 -7.8281108289957047e-03 1.5748039484024048e+00 2.1980000000000000e+03 2.0222474670410156e+02
9.9955505132675171e-01 -2.8830360621213913e-02 7.6605929061770439e-03 8.8434386253356934e-01 9.9987787008285522e-01 -1.9979886710643768e-03 1.5499098226428032e-02 8.9313638210296631e-01 3.8710000000000000e+03 8.5959861755371094e+01
-9.9977123737335205e-01 1.3208238407969475e-02 -1.6826923936605453e-02 1.6556450128555298e+00 -9.9960333108901978e-01 -2.6206232607364655e-02 -1.0315528139472008e-02 1.5834324359893799e+00 1.8930000000000000e+03 1.9962863159179688e+02
