9.9971067905426025e-01 -6.4674150198698044e-03 -2.3168241605162621e-02 9.3851923942565918e-01 9.9998337030410767e-01 1.3701730640605092e-03 -5.5974111892282963e-03 9.4187170267105103e-01 2.7680000000000000e+03 8.9650016784667969e+01
9.9967455863952637e-01 -7.9162148758769035e-03 -2.4253195151686668e-02 9.3538087606430054e-01 9.9997991323471069e-01 -1.2696046615019441e-03 -6.2097199261188507e-03 9.4457668066024780e-01 3.1740000000000000e+03 8.8365959167480469e+01
9.9968659877777100e-01 -1.1051611043512821e-02 -2.2461336106061935e-02 9.3006294965744019e-01 9.9999856948852539e-01 6.5440300386399031e-04 -1.5929352957755327e-03 9.2774581909179688e-01 4.6210000000000000e+03 8.5507034301757812e+01
-9.9951916933059692e-01 -3.0470846220850945e-02 5.7449680753052235e-03 1.5769188404083252e+00 -9.9893003702163696e-01 -4.0071949362754822e-02 2.3085735738277435e-02 1.4509438276290894e+00 1.4850000000000000e+03 2.1326330566406250e+02
9.9969053268432617e-01 -1.4552592299878597e-02 -2.0178241655230522e-02 9.2637908458709717e-01 9.9999934434890747e-01 -9.7897672094404697e-04 -4.7266681212931871e-04 9.2680925130844116e-01 3.9750000000000000e+03 9.8909431457519531e+01
-9.9976968765258789e-01 -1.8397904932498932e-02 1.1043502949178219e-02 1.5701227188110352e+00 -9.9890547990798950e-01 -4.3111726641654968e-02 1.8142540007829666e-02 1.4678210020065308e+00 1.8950000000000000e+03 2.0159472656250000e+02
9.9969220161437988e-01 -1.3251600787043571e-02 -2.0975485444068909e-02 9.0771138668060303e-01 9.9998658895492554e-01 -4.4088191352784634e-03 -2.7099754661321640e-03 9.3071448802947998e-01 2.2560000000000000e+03 1.2144193267822266e+02
9.9967336654663086e-01 4.6565420925617218e-03 -2.5132536888122559e-02 9.2769354581832886e-01 9.9996435642242432e-01 -2.7859325055032969e-03 -7.9718958586454391e-03 9.2813360691070557e-01 2.8140000000000000e+03 8.3955627441406250e+01
9.9957340955734253e-01 -1.0558045469224453e-02 -2.7232643216848373e-02 9.3829017877578735e-01 9.9997431039810181e-01 -1.5557145234197378e-03 -6.9876378402113914e-03 9.2667835950851440e-01 1.8290000000000000e+03 1.0146736145019531e+02
9.9995476007461548e-01 -6.9003077223896980e-03 -6.5545244142413139e-03 9.0745133161544800e-01 9.9980610609054565e-01 1.9569037482142448e-02 -2.1901826839894056e-03 9.2105406522750854e-01 1.2710000000000000e+03 4.8870895385742188e+01
9.9973881244659424e-01 -9.2907240614295006e-03 -2.0877720788121223e-02 9.3429744243621826e-01 9.9998718500137329e-01 -4.9132243730127811e-03 -1.2554270215332508e-03 9.1243475675582886e-01 2.5130000000000000e+03 9.7309188842773438e+01
9.9952954053878784e-01 1.1882684193551540e-03 -3.0649879947304726e-02 9.3412899971008301e-01 9.9967497587203979e-01 -2.1941939368844032e-02 -1.2981134466826916e-02 9.1743576526641846e-01 2.6080000000000000e+03 1.0416372680664062e+02
9.9980103969573975e-01 -1.0528114624321461e-02 -1.6942854970693588e-02 9.2653501033782959e-01 9.9992948770523071e-01 -1.1615815572440624e-02 2.4598115123808384e-03 9.0498900413513184e-01 1.5920000000000000e+03 1.1843227386474609e+02
-1.0855728760361671e-02 8.8791102170944214e-01 -4.5988720655441284e-01 1.4512183666229248e+00 4.1252002120018005e-03 -3.3892399072647095e-01 -9.4080471992492676e-01 1.3803212642669678e+00 3.4490000000000000e+03 2.0197187805175781e+02
-1.0738676646724343e-03 8.5554468631744385e-01 -5.1772779226303101e-01 1.2766754627227783e+00 1.3239591382443905e-02 -4.8653244972229004e-01 -8.7356215715408325e-01 1.2243051528930664e+00 3.1760000000000000e+03 1.9988989257812500e+02
9.9963057041168213e-01 -4.7271656803786755e-03 -2.6764221489429474e-02 9.2845022678375244e-01 9.9939924478530884e-01 -1.1315260082483292e-02 -3.2759752124547958e-02 9.7502839565277100e-01 1.1870000000000000e+03 7.5139007568359375e+01
9.9960005283355713e-01 -5.4399240761995316e-03 -2.7749052271246910e-02 9.3330729007720947e-01 9.9983090162277222e-01 1.3044984079897404e-02 -1.2961175292730331e-02 9.3121951818466187e-01 1.6380000000000000e+03 9.9647132873535156e+01
9.9961972236633301e-01 -4.1642021387815475e-03 -2.7259351685643196e-02 9.3888652324676514e-01 9.9992305040359497e-01 -6.0196775011718273e-03 -1.0843960568308830e-02 9.3322402238845825e-01 1.6760000000000000e+03 1.0555728149414062e+02
-9.6482653170824051e-03 9.9991172552108765e-01 -9.1254198923707008e-03 8.7025749683380127e-01 9.0183038264513016e-03 -1.8876234069466591e-02 -9.9978113174438477e-01 7.9262405633926392e-01 1.9330000000000000e+03 1.3774494934082031e+02
9.9991369247436523e-01 -9.5452778041362762e-03 -9.0257050469517708e-03 9.1507506370544434e-01 9.9993258714675903e-01 8.1030428409576416e-03 -8.3188218995928764e-03 9.3157637119293213e-01 3.0130000000000000e+03 7.4175903320312500e+01
-3.3499428536742926e-03 9.1031599044799805e-01 -4.1390058398246765e-01 1.9838881492614746e+00 3.7291288375854492e-02 -3.1044027209281921e-01 -9.4986122846603394e-01 1.8315694332122803e+00 1.3280000000000000e+03 2.1016943359375000e+02
9.9989491701126099e-01 -7.2567728348076344e-03 -1.2545634992420673e-02 9.1717737913131714e-01 9.9993413686752319e-01 7.7770575881004333e-03 -8.4402468055486679e-03 9.2559343576431274e-01 3.0950000000000000e+03 7.4707267761230469e+01
-4.4620516709983349e-03 9.0499740839004517e-01 -4.2539387941360474e-01 1.9534634351730347e+00 3.9990521967411041e-02 -3.1309279799461365e-01 -9.4888019561767578e-01 1.8297020196914673e+00 3.2890000000000000e+03 1.7762115478515625e+02
9.9972271919250488e-01 -8.6091281846165657e-03 -2.1918963640928268e-02 9.2643296718597412e-01 9.9998182058334351e-01 4.7700414434075356e-03 -3.6888148169964552e-03 9.1689527034759521e-01 3.6170000000000000e+03 7.5000274658203125e+01
9.9980914592742920e-01 -7.7716079540550709e-03 -1.7922112718224525e-02 9.2670953273773193e-01 9.9994850158691406e-01 7.9861609265208244e-03 -6.2742792069911957e-03 9.1874688863754272e-01 3.5350000000000000e+03 7.5679466247558594e+01
9.9977445602416992e-01 -6.0174604877829552e-03 -2.0363658666610718e-02 9.2819529771804810e-01 9.9997246265411377e-01 7.0969904772937298e-03 -2.1724728867411613e-03 9.1569495201110840e-01 4.2370000000000000e+03 7.8854385375976562e+01
9.9924969673156738e-01 -5.8103143237531185e-03 -3.8295030593872070e-02 9.2856949567794800e-01 9.9978923797607422e-01 -2.0381404086947441e-02 -2.4657722096890211e-03 9.1750991344451904e-01 2.7530000000000000e+03 1.1240464782714844e+02
3.7647860590368509e-03 6.3707649707794189e-01 -7.7079141139984131e-01 1.0693604946136475e+00 1.1734424158930779e-02 -7.0315378904342651e-01 -7.1094101667404175e-01 1.0424774885177612e+00 7.5960000000000000e+03 1.7338322448730469e+02
9.9997723102569580e-01 -5.2410946227610111e-03 -4.2573702521622181e-03 9.0572476387023926e-01 9.9991530179977417e-01 -5.1496704109013081e-03 -1.1950672604143620e-02 9.2461031675338745e-01 1.9640000000000000e+03 1.0019204711914062e+02
9.9998944997787476e-01 -4.5143663883209229e-03 -8.9922273764386773e-04 8.9939492940902710e-01 9.9992287158966064e-01 -2.1861973218619823e-03 -1.2223836034536362e-02 9.2468595504760742e-01 1.9420000000000000e+03 9.9912261962890625e+01
9.9973857402801514e-01 -3.1245120335370302e-03 -2.2651094943284988e-02 9.2918574810028076e-01 9.9982130527496338e-01 -9.6322866156697273e-03 -1.6269315034151077e-02 9.3125635385513306e-01 1.4730000000000000e+03 1.1505770874023438e+02
9.9975901842117310e-01 -1.1465294286608696e-02 -1.8721984699368477e-02 9.1809940338134766e-01 9.9999397993087769e-01 1.9421428442001343e-03 2.8611109592020512e-03 9.1256505250930786e-01 2.4900000000000000e+03 7.3344413757324219e+01
9.9961876869201660e-01 -1.6234541311860085e-02 -2.2329425439238548e-02 9.0865856409072876e-01 9.9997240304946899e-01 5.5889447685331106e-04 -7.4136201292276382e-03 9.2037749290466309e-01 1.3330000000000000e+03 8.1632034301757812e+01
9.9994021654129028e-01 -6.9766766391694546e-03 -8.4139863029122353e-03 9.0620809793472290e-01 9.9999654293060303e-01 1.1404186952859163e-03 2.3650729563087225e-03 9.0499120950698853e-01 1.4070000000000000e+03 1.0357715606689453e+02
9.9996227025985718e-01 -6.9531924091279507e-03 -5.2008093334734440e-03 8.9592289924621582e-01 9.9995517730712891e-01 9.4111142680048943e-03 1.0362577158957720e-03 9.0559923648834229e-01 1.6290000000000000e+03 7.9818412780761719e+01
9.9980473518371582e-01 -7.8463777899742126e-03 -1.8138408660888672e-02 9.1461366415023804e-01 9.9994546175003052e-01 3.6907964386045933e-03 -9.7742052748799324e-03 9.2116558551788330e-01 3.4770000000000000e+03 8.7016876220703125e+01
-9.9897688627243042e-01 -4.4041916728019714e-02 -1.0261229239404202e-02 1.6326200962066650e+00 -9.9953997135162354e-01 -2.3747596889734268e-02 1.8864057958126068e-02 1.5060719251632690e+00 1.0300000000000000e+03 1.9913203430175781e+02
9.9969917535781860e-01 -1.0196783579885960e-02 -2.2308811545372009e-02 9.2057007551193237e-01 9.9997788667678833e-01 9.9481258075684309e-04 -6.5796938724815845e-03 9.1915953159332275e-01 4.3520000000000000e+03 8.8933685302734375e+01
-9.9931836128234863e-01 -3.4339386969804764e-02 1.3551816344261169e-02 1.5558888912200928e+00 -9.9960434436798096e-01 -2.7894418686628342e-02 3.6177297588437796e-03 1.5664820671081543e+00 1.5820000000000000e+03 2.0476864624023438e+02
9.9973052740097046e-01 -7.2522615082561970e-03 -2.2052541375160217e-02 9.2239189147949219e-01 9.9997401237487793e-01 -1.4560318086296320e-03 -7.0611895062029362e-03 9.1937208175659180e-01 3.6190000000000000e+03 9.5792762756347656e+01
-9.9909526109695435e-01 -4.2204916477203369e-02 5.2393856458365917e-03 1.5761866569519043e+00 -9.9922871589660645e-01 -3.8126461207866669e-02 9.4059528782963753e-03 1.5484553575515747e+00 1.8280000000000000e+03 2.0297155761718750e+02
9.9975186586380005e-01 -3.7009622901678085e-03 -2.1968822926282883e-02 9.2747503519058228e-01 9.9990683794021606e-01 3.3265242818742990e-03 -1.3243954628705978e-02 9.2138189077377319e-01 4.3820000000000000e+03 8.6635482788085938e+01
-9.9896913766860962e-01 -4.4230196624994278e-02 -1.0215972550213337e-02 1.6191885471343994e+00 -9.9884861707687378e-01 -4.2958300560712814e-02 2.1353390067815781e-02 1.5292915105819702e+00 1.8640000000000000e+03 2.0097157287597656e+02
9.9979388713836670e-01 -7.0650894194841385e-03 -1.9035851582884789e-02 9.1793566942214966e-01 9.9998021125793457e-01 4.3636909686028957e-03 -4.5329681597650051e-03 9.1538113355636597e-01 4.4570000000000000e+03 8.7225692749023438e+01
-9.9875545501708984e-01 -4.5970648527145386e-02 -1.9346091896295547e-02 1.6453595161437988e+00 -9.9941915273666382e-01 -3.2704886049032211e-02 9.5830773934721947e-03 1.5448172092437744e+00 2.5250000000000000e+03 1.9585768127441406e+02
9.9977177381515503e-01 -3.0018573161214590e-03 -2.1150067448616028e-02 9.2274987697601318e-01 9.9992740154266357e-01 3.6649799440056086e-03 -1.1476478539407253e-02 9.2123514413833618e-01 4.8090000000000000e+03 8.4920722961425781e+01
-9.9868667125701904e-01 -4.8847161233425140e-02 -1.5455817803740501e-02 1.6232980489730835e+00 -9.9913060665130615e-01 -3.3289242535829544e-02 2.5094330310821533e-02 1.5037519931793213e+00 1.5110000000000000e+03 1.8656831359863281e+02
9.9977922439575195e-01 -1.1462119873613119e-03 -2.0982995629310608e-02 9.2377889156341553e-01 9.9992972612380981e-01 4.8746224492788315e-03 -1.0807146318256855e-02 9.1926401853561401e-01 4.9830000000000000e+03 8.9287597656250000e+01
-9.9817061424255371e-01 -5.6447695940732956e-02 -2.1656114608049393e-02 1.6385957002639771e+00 -9.9880093336105347e-01 -4.2861796915531158e-02 2.3650275543332100e-02 1.5219624042510986e+00 1.2630000000000000e+03 1.9623989868164062e+02
9.9969965219497681e-01 -9.7523313015699387e-03 -2.2485423833131790e-02 9.2474716901779175e-01 9.9999523162841797e-01 -1.1670648818835616e-03 -2.8687193989753723e-03 9.1517871618270874e-01 3.9250000000000000e+03 9.9561531066894531e+01
-9.9832910299301147e-01 -5.2198044955730438e-02 -2.4784864857792854e-02 1.6533758640289307e+00 -9.9893140792846680e-01 -4.5125525444746017e-02 9.9842827767133713e-03 1.5558233261108398e+00 1.5410000000000000e+03 2.0559799194335938e+02
9.9952167272567749e-01 -7.3612513951957226e-03 -3.0040571466088295e-02 9.3319928646087646e-01 9.9999123811721802e-01 -1.9087670370936394e-03 -3.7334735970944166e-03 9.1265773773193359e-01 1.4100000000000000e+03 8.8378471374511719e+01
9.9977880716323853e-01 -3.2133962959051132e-03 -2.0784603431820869e-02 9.2568433284759521e-01 9.9997973442077637e-01 -4.9663577228784561e-03 -3.9854515343904495e-03 9.0967351198196411e-01 1.4820000000000000e+03 1.1408673095703125e+02
9.9979519844055176e-01 -1.7058640951290727e-03 -2.0164379850029945e-02 9.2322093248367310e-01 9.9987810850143433e-01 1.5255081467330456e-02 -3.3242569770663977e-03 9.0656149387359619e-01 1.6140000000000000e+03 5.7572959899902344e+01
9.9988025426864624e-01 -1.9516303436830640e-03 -1.5346623957157135e-02 9.2263352870941162e-01 9.9971359968185425e-01 2.3814933374524117e-02 2.3896771017462015e-03 9.0785217285156250e-01 1.3560000000000000e+03 8.9055747985839844e+01
7.0729861035943031e-03 5.5950909852981567e-01 -8.2879400253295898e-01 1.1941406726837158e+00 1.1694024316966534e-02 -7.5219470262527466e-01 -6.5883708000183105e-01 1.1644449234008789e+00 5.4330000000000000e+03 1.8450346374511719e+02
9.9988555908203125e-01 -1.4850669540464878e-02 -2.8915749862790108e-03 8.8529610633850098e-01 9.9991989135742188e-01 -1.2177133932709694e-02 -3.4511778503656387e-03 9.3103969097137451e-01 1.8060000000000000e+03 9.4505615234375000e+01
9.9978095293045044e-01 -1.1943070217967033e-02 -1.7188968136906624e-02 9.0996807813644409e-01 9.9998474121093750e-01 4.0152724832296371e-03 3.7962612695991993e-03 9.1672855615615845e-01 3.5520000000000000e+03 1.0088682556152344e+02
9.9992740154266357e-01 -1.0816792957484722e-02 -5.3245527669787407e-03 9.0022140741348267e-01 9.9990308284759521e-01 1.2949158437550068e-02 -5.1197842694818974e-03 9.1565239429473877e-01 1.3810000000000000e+03 1.0182401275634766e+02
9.9975019693374634e-01 -9.2291319742798805e-03 -2.0357254892587662e-02 9.3051505088806152e-01 9.9974489212036133e-01 1.7530236393213272e-02 -1.4245653524994850e-02 9.3982034921646118e-01 1.3870000000000000e+03 9.2852531433105469e+01
9.9981909990310669e-01 -9.0902866795659065e-03 -1.6712104901671410e-02 9.2223399877548218e-01 9.9996203184127808e-01 5.5253729224205017e-03 6.7425747402012348e-03 9.0751862525939941e-01 2.6650000000000000e+03 1.0529906463623047e+02
9.9969911575317383e-01 -1.5365135855972767e-02 -1.9121805205941200e-02 9.1468596458435059e-01 9.9993240833282471e-01 -1.0965307010337710e-03 -1.1578449979424477e-02 9.3784427642822266e-01 1.8530000000000000e+03 7.9440368652343750e+01
9.9965757131576538e-01 -8.6038755252957344e-03 -2.4710936471819878e-02 9.2325532436370850e-01 9.9998825788497925e-01 6.9809210253879428e-04 -4.7982642427086830e-03 9.1517186164855957e-01 3.2900000000000000e+03 7.7366561889648438e+01
9.9964874982833862e-01 -8.3015020936727524e-03 -2.5171251967549324e-02 9.2514985799789429e-01 9.9998706579208374e-01 3.0830989999230951e-05 -5.0844117067754269e-03 9.1781622171401978e-01 3.6260000000000000e+03 7.8918731689453125e+01
9.9979752302169800e-01 -7.9965740442276001e-03 -1.8467366695404053e-02 9.1588151454925537e-01 9.9997812509536743e-01 3.6491400096565485e-03 -5.5228695273399353e-03 9.1417330503463745e-01 3.8360000000000000e+03 8.1147178649902344e+01
9.9971359968185425e-01 -1.0032336227595806e-02 -2.1727871149778366e-02 9.1771668195724487e-01 9.9999940395355225e-01 1.1301180347800255e-04 -1.0653135832399130e-03 9.0885174274444580e-01 4.4780000000000000e+03 8.5817314147949219e+01
9.9971514940261841e-01 -8.1332102417945862e-03 -2.2439727559685707e-02 9.1696566343307495e-01 9.9998056888580322e-01 -2.8352229855954647e-03 -5.5395476520061493e-03 9.1741734743118286e-01 3.1700000000000000e+03 8.6409484863281250e+01
-9.9969869852066040e-01 -2.2477259859442711e-02 9.8708895966410637e-03 1.5925536155700684e+00 -9.9949389696121216e-01 -3.0624644830822945e-02 8.6100948974490166e-03 1.5292731523513794e+00 1.3690000000000000e+03 1.9092974853515625e+02
9.9973499774932861e-01 -9.6358060836791992e-03 -2.0905777812004089e-02 9.1718626022338867e-01 9.9999898672103882e-01 5.6734320423856843e-06 -1.3758298009634018e-03 9.1155081987380981e-01 4.5610000000000000e+03 8.6227676391601562e+01
-9.9952685832977295e-01 -3.0708933249115944e-02 -1.7227688804268837e-03 1.6185832023620605e+00 -9.9907618761062622e-01 -4.1632644832134247e-02 1.0656571947038174e-02 1.5229663848876953e+00 1.5700000000000000e+03 1.9598849487304688e+02
9.9974513053894043e-01 -9.6204224973917007e-03 -2.0423566922545433e-02 9.1654652357101440e-01 9.9999225139617920e-01 5.8409833582118154e-04 -3.8946873974055052e-03 9.1277003288269043e-01 5.1210000000000000e+03 8.3136299133300781e+01
-9.9945747852325439e-01 -2.9034897685050964e-02 1.5553734265267849e-02 1.5655881166458130e+00 -9.9940747022628784e-01 -3.3534023910760880e-02 7.7531118877232075e-03 1.5429294109344482e+00 1.6580000000000000e+03 1.9791314697265625e+02
9.9970185756683350e-01 -1.2555052526295185e-02 -2.0941499620676041e-02 9.1500854492187500e-01 9.9999982118606567e-01 -5.7060777908191085e-04 1.0695306264096871e-04 9.1061490774154663e-01 4.7710000000000000e+03 9.0254035949707031e+01
-9.9957805871963501e-01 -2.4701250717043877e-02 1.5277032740414143e-02 1.5655306577682495e+00 -9.9914062023162842e-01 -3.9903167635202408e-02 1.1218449100852013e-02 1.5191153287887573e+00 1.8080000000000000e+03 2.0217034912109375e+02
9.9969929456710815e-01 -1.1925540864467621e-02 -2.1427972242236137e-02 9.1590845584869385e-01 9.9997395277023315e-01 -7.1831876412034035e-03 -7.0954492548480630e-04 9.1068750619888306e-01 2.2920000000000000e+03 1.1719066619873047e+02
-9.9952596426010132e-01 -3.0525196343660355e-02 -4.0235673077404499e-03 1.6226435899734497e+00 -9.9869471788406372e-01 -4.7384910285472870e-02 1.9065363332629204e-02 1.5073294639587402e+00 1.0630000000000000e+03 2.1094866943359375e+02
9.9970889091491699e-01 -7.2452202439308167e-03 -2.3012425750494003e-02 9.1829591989517212e-01 9.9999022483825684e-01 -4.2694676667451859e-03 1.1600576108321548e-03 9.0301036834716797e-01 3.2250000000000000e+03 1.0434387969970703e+02
9.9976295232772827e-01 -1.1592871509492397e-02 -1.8430616706609726e-02 9.1947484016418457e-01 9.9999773502349854e-01 -1.1262679472565651e-03 -1.8055066466331482e-03 9.1047835350036621e-01 2.3200000000000000e+03 8.8647766113281250e+01
9.9971431493759155e-01 -1.4069137163460255e-02 -1.9323954358696938e-02 9.2797702550888062e-01 9.9985837936401367e-01 -1.6735009849071503e-02 1.7856938065961003e-03 9.1629540920257568e-01 1.4290000000000000e+03 1.2510916900634766e+02
9.9935835599899292e-01 -1.1183427646756172e-02 -3.4024994820356369e-02 9.4472151994705200e-01 9.9989050626754761e-01 -1.3604451902210712e-02 -5.8320020325481892e-03 9.1706985235214233e-01 1.4780000000000000e+03 1.1107440948486328e+02
-1.2905292678624392e-03 5.5261629819869995e-01 -8.3343482017517090e-01 1.4954316616058350e+00 2.0394109189510345e-02 -7.6097840070724487e-01 -6.4845651388168335e-01 1.4492837190628052e+00 2.6850000000000000e+03 2.0102867126464844e+02
9.9973213672637939e-01 -5.8077611029148102e-03 -2.2401439025998116e-02 9.1915881633758545e-01 9.9989545345306396e-01 9.7666066139936447e-03 -1.0656343773007393e-02 9.3281167745590210e-01 1.2540000000000000e+03 7.1110717773437500e+01
9.9965697526931763e-01 -9.5722014084458351e-03 -2.4377053603529930e-02 9.2773532867431641e-01 9.9983221292495728e-01 3.5121524706482887e-03 -1.7978541553020477e-02 9.4580054283142090e-01 1.9110000000000000e+03 8.5169548034667969e+01
9.9950659275054932e-01 -4.5096287503838539e-03 -3.1084278598427773e-02 9.3992763757705688e-01 9.9992400407791138e-01 -6.8828668445348740e-03 -1.0229822248220444e-02 9.3072658777236938e-01 1.9590000000000000e+03 1.0073761749267578e+02
9.9963718652725220e-01 -1.9469419494271278e-02 -1.8615448847413063e-02 9.1624379158020020e-01 9.9996161460876465e-01 6.6313571296632290e-03 5.7309195399284363e-03 9.0767294168472290e-01 2.5380000000000000e+03 8.5116012573242188e+01
9.9970823526382446e-01 -1.1742354370653629e-02 -2.1106859669089317e-02 9.2365694046020508e-01 9.9979048967361450e-01 2.0124984905123711e-02 -3.7396042607724667e-03 9.0769129991531372e-01 1.1850000000000000e+03 1.1451055145263672e+02
9.9963146448135376e-01 -6.9923046976327896e-03 -2.6230474933981895e-02 9.3020081520080566e-01 9.9993693828582764e-01 5.1158382557332516e-03 -1.0000617243349552e-02 9.2221868038177490e-01 1.5450000000000000e+03 1.1324919128417969e+02
9.9992179870605469e-01 -9.3710497021675110e-03 -8.2857878878712654e-03 9.0428960323333740e-01 9.9999052286148071e-01 1.5094194095581770e-03 -4.0832241065800190e-03 9.1211044788360596e-01 1.1120000000000000e+03 1.0784759521484375e+02
9.9974888563156128e-01 -7.9820547252893448e-03 -2.0936863496899605e-02 9.2043405771255493e-01 9.9997973442077637e-01 5.7439394295215607e-03 -2.7633085846900940e-03 9.1237008571624756e-01 1.9890000000000000e+03 8.7254501342773438e+01
9.9968016147613525e-01 -1.3174458406865597e-02 -2.1587111055850983e-02 9.2120230197906494e-01 9.9997520446777344e-01 2.4211576674133539e-03 -6.6139828413724899e-03 9.2185294628143311e-01 3.2060000000000000e+03 8.0190376281738281e+01
-9.9940937757492065e-01 -3.1776037067174911e-02 -1.3084537349641323e-02 1.6265394687652588e+00 -9.9874436855316162e-01 -4.8490460962057114e-02 1.2586821801960468e-02 1.5268507003784180e+00 1.3840000000000000e+03 2.0784176635742188e+02
