9.9923545122146606e-01 -1.1417788482503965e-04 -3.9097670465707779e-02 9.0785765647888184e-01 9.9973016977310181e-01 -4.6310964971780777e-03 2.2762497887015343e-02 8.9273905754089355e-01 1.3130000000000000e+03 8.6293983459472656e+01
-9.9960225820541382e-01 -2.6347402483224869e-02 1.0056590661406517e-02 1.4698624610900879e+00 -9.9956595897674561e-01 -2.0805200561881065e-02 -2.0858095958828926e-02 1.5855872631072998e+00 1.7990000000000000e+03 2.0417286682128906e+02
9.9947327375411987e-01 -1.6732631484046578e-03 -3.2409057021141052e-02 9.0014708042144775e-01 9.9986135959625244e-01 1.0137180797755718e-03 1.6617294400930405e-02 9.0506345033645630e-01 3.0840000000000000e+03 8.4459991455078125e+01
-9.9921411275863647e-01 -3.0810249969363213e-02 2.4939559400081635e-02 1.4171743392944336e+00 -9.9895757436752319e-01 -4.5620951801538467e-02 -1.5875948593020439e-03 1.5391640663146973e+00 1.2850000000000000e+03 2.0225442504882812e+02
9.9938601255416870e-01 1.0652181226760149e-03 -3.5020604729652405e-02 8.9995890855789185e-01 9.9987882375717163e-01 -6.1512598767876625e-03 1.4298433437943459e-02 9.0518438816070557e-01 4.3360000000000000e+03 8.2254615783691406e+01
-9.9883514642715454e-01 -3.6251489073038101e-02 3.1845320016145706e-02 1.4008067846298218e+00 -9.9956959486007690e-01 -2.8804853558540344e-02 -5.5541270412504673e-03 1.5728666782379150e+00 1.8150000000000000e+03 2.0378567504882812e+02
9.9946874380111694e-01 -2.6916791684925556e-03 -3.2479576766490936e-02 8.8761645555496216e-01 9.9989241361618042e-01 -3.1559499911963940e-03 1.4318690635263920e-02 9.0814483165740967e-01 2.1670000000000000e+03 1.1703092193603516e+02
9.9960219860076904e-01 5.3316624835133553e-03 -2.7695739641785622e-02 8.8369041681289673e-01 9.9997001886367798e-01 9.4721595814917237e-05 7.7372333034873009e-03 9.1302859783172607e-01 2.0020000000000000e+03 1.1185264587402344e+02
9.9928128719329834e-01 6.7693423479795456e-03 -3.7296678870916367e-02 8.9538288116455078e-01 9.9989080429077148e-01 1.2016181135550141e-03 1.4731650240719318e-02 9.0390902757644653e-01 2.1090000000000000e+03 1.0854054260253906e+02
9.9969089031219482e-01 1.2716514058411121e-02 -2.1364539861679077e-02 8.8280934095382690e-01 9.9996477365493774e-01 5.4013071348890662e-04 8.3824880421161652e-03 9.0239459276199341e-01 3.6200000000000000e+03 9.0665214538574219e+01
-9.9925106763839722e-01 -2.5280646979808807e-02 -2.9293771833181381e-02 1.5080189704895020e+00 -9.9989759922027588e-01 -1.4068192802369595e-02 -2.6272838003933430e-03 1.6092290878295898e+00 1.2990000000000000e+03 1.9877421569824219e+02
9.9954098463058472e-01 -1.3935284689068794e-02 -2.6903819292783737e-02 9.0144598484039307e-01 9.9996620416641235e-01 -3.6421387922018766e-03 7.3583275079727173e-03 9.1205453872680664e-01 1.0160000000000000e+03 1.2358464813232422e+02
9.9964767694473267e-01 -6.0157822445034981e-03 -2.5854712352156639e-02 8.9237463474273682e-01 9.9983757734298706e-01 1.1181826703250408e-03 1.7985293641686440e-02 8.9604330062866211e-01 3.7250000000000000e+03 9.1410362243652344e+01
-9.9972653388977051e-01 -2.3368282243609428e-02 -8.9157524053007364e-04 1.4210066795349121e+00 -9.9885457754135132e-01 -4.7600343823432922e-02 4.8629632219672203e-03 1.5273219347000122e+00 1.1920000000000000e+03 2.2303103637695312e+02
9.9965000152587891e-01 -3.1066099181771278e-03 -2.6272211223840714e-02 8.8916480541229248e-01 9.9980413913726807e-01 -7.8577101230621338e-03 1.8161697313189507e-02 8.9435636997222900e-01 1.9970000000000000e+03 1.2160240173339844e+02
9.9967712163925171e-01 2.0628417842090130e-03 -2.5326568633317947e-02 3.6346355080604553e-01 9.9998015165328979e-01 6.2966928817331791e-03 -2.3137325479183346e-04 3.6883240938186646e-01 1.9160000000000000e+03 9.3556137084960938e+01
9.9951499700546265e-01 -2.6884404942393303e-03 -3.1023468822240829e-02 9.0170067548751831e-01 9.9993866682052612e-01 -2.8205094859004021e-03 1.0717306286096573e-02 9.0267866849899292e-01 2.3060000000000000e+03 7.8251586914062500e+01
9.9971729516983032e-01 -1.3217367231845856e-02 -1.9762381911277771e-02 9.0296971797943115e-01 9.9995201826095581e-01 7.5913141481578350e-03 6.1928941868245602e-03 9.1420090198516846e-01 1.7080000000000000e+03 1.2233255004882812e+02
-9.9936640262603760e-01 -3.4783203154802322e-02 -7.5378078036010265e-03 1.4814171791076660e+00 -9.9937587976455688e-01 -3.4840881824493408e-02 5.8281412348151207e-03 1.4554406404495239e+00 1.1680000000000000e+03 2.3024229431152344e+02
9.9944341182708740e-01 -3.9047549944370985e-03 -3.3130660653114319e-02 9.1336208581924438e-01 9.9993920326232910e-01 1.6415407881140709e-03 1.0904749855399132e-02 9.0972995758056641e-01 3.1190000000000000e+03 8.3924293518066406e+01
-9.9965542554855347e-01 -2.0800894126296043e-02 1.6013873741030693e-02 1.4135116338729858e+00 -9.9958789348602295e-01 -2.7992768213152885e-02 6.3536223024129868e-03 1.4430283308029175e+00 2.0950000000000000e+03 1.9899882507324219e+02
9.9951428174972534e-01 -6.4219697378575802e-03 -3.0497103929519653e-02 9.0021198987960815e-01 9.9991863965988159e-01 8.5104235040489584e-05 1.2754257768392563e-02 9.1081744432449341e-01 1.1240000000000000e+03 5.2813732147216797e+01
9.9957424402236938e-01 -4.2620470048859715e-04 -2.9172098264098167e-02 8.9157986640930176e-01 9.9986189603805542e-01 1.6159118385985494e-03 1.6542833298444748e-02 9.0860885381698608e-01 2.7430000000000000e+03 8.6091873168945312e+01
9.9916481971740723e-01 -4.7632181085646152e-03 -4.0583252906799316e-02 9.1679197549819946e-01 9.9998170137405396e-01 -1.6636934597045183e-03 5.8205914683640003e-03 9.2308264970779419e-01 1.0310000000000000e+03 9.5776916503906250e+01
9.9932372570037842e-01 -6.6442508250474930e-03 -3.6165844649076462e-02 9.2607909440994263e-01 9.9986374378204346e-01 -2.5271933991461992e-03 1.6309555619955063e-02 8.9415901899337769e-01 2.0120000000000000e+03 1.1431560516357422e+02
9.9860966205596924e-01 -1.9296832382678986e-02 -4.9054753035306931e-02 9.0038341283798218e-01 9.9928843975067139e-01 -1.0866774246096611e-02 3.6120627075433731e-02 8.9649528264999390e-01 3.1240000000000000e+03 1.0162644195556641e+02
9.9958992004394531e-01 1.2544752098619938e-02 -2.5742528960108757e-02 8.9025777578353882e-01 9.9993282556533813e-01 -1.2028963537886739e-03 1.1534419842064381e-02 8.9213472604751587e-01 1.9980000000000000e+03 5.1601055145263672e+01
9.9951654672622681e-01 -8.8508967310190201e-03 -2.9806924983859062e-02 8.9564210176467896e-01 9.9973857402801514e-01 8.4787569940090179e-03 2.1233817562460899e-02 8.9117395877838135e-01 2.1030000000000000e+03 1.1867665100097656e+02
9.9922001361846924e-01 -9.9829845130443573e-03 -3.8207069039344788e-02 9.0783703327178955e-01 9.9985355138778687e-01 -4.2640715837478638e-03 1.6574859619140625e-02 9.0458691120147705e-01 2.4340000000000000e+03 1.1153040313720703e+02
9.9956601858139038e-01 -6.6908416338264942e-03 -2.8687177225947380e-02 9.1198712587356567e-01 9.9989998340606689e-01 3.5072080790996552e-03 1.3705232180655003e-02 9.0426671504974365e-01 2.2750000000000000e+03 9.5431640625000000e+01
-9.9956047534942627e-01 -2.4679200723767281e-02 1.6424063593149185e-02 1.4046359062194824e+00 -9.9942302703857422e-01 -3.1876653432846069e-02 -1.1722977273166180e-02 1.5029935836791992e+00 1.4030000000000000e+03 2.0751261901855469e+02
9.9956774711608887e-01 -7.2345589287579060e-03 -2.8494179248809814e-02 9.1315746307373047e-01 9.9986314773559570e-01 7.7342693693935871e-03 1.4622786082327366e-02 9.0194904804229736e-01 2.2560000000000000e+03 9.5597442626953125e+01
-9.9955999851226807e-01 -2.7525104582309723e-02 1.1057335883378983e-02 1.4210649728775024e+00 -9.9935925006866455e-01 -3.2738227397203445e-02 -1.4464511536061764e-02 1.5112221240997314e+00 1.3620000000000000e+03 2.0710914611816406e+02
9.9965369701385498e-01 -1.3109194114804268e-03 -2.6281865313649178e-02 9.1334253549575806e-01 9.9999916553497314e-01 6.2927772523835301e-04 1.0603389237076044e-03 9.1999006271362305e-01 1.6290000000000000e+03 1.0849539947509766e+02
-9.9955266714096069e-01 -2.7319546788930893e-02 1.2168271467089653e-02 1.4132775068283081e+00 -9.9956971406936646e-01 -2.6529043912887573e-02 -1.2514098547399044e-02 1.5254633426666260e+00 1.6610000000000000e+03 2.0914689636230469e+02
9.9925577640533447e-01 -8.1584239378571510e-03 -3.7702571600675583e-02 9.0134567022323608e-01 9.9955326318740845e-01 -2.0539911463856697e-02 2.1711245179176331e-02 9.0170538425445557e-01 1.3620000000000000e+03 1.2784507751464844e+02
9.9931907653808594e-01 -2.5543321389704943e-03 -3.6806531250476837e-02 8.9772951602935791e-01 9.9969923496246338e-01 -1.3519817963242531e-02 2.0459460094571114e-02 8.8481074571609497e-01 1.2240000000000000e+03 1.2448752593994141e+02
9.9964874982833862e-01 -3.1446565408259630e-03 -2.6319220662117004e-02 8.9261442422866821e-01 9.9990117549896240e-01 -3.0018626712262630e-03 1.3734446838498116e-02 8.8879877328872681e-01 2.0470000000000000e+03 1.2370444488525391e+02
9.9952828884124756e-01 -5.2554891444742680e-03 -3.0259013175964355e-02 8.9563709497451782e-01 9.9996227025985718e-01 -2.1881542634218931e-03 8.4073664620518684e-03 9.1286414861679077e-01 3.8850000000000000e+03 1.0759613800048828e+02
9.9962389469146729e-01 -7.5265846680849791e-04 -2.7415947988629341e-02 8.9472967386245728e-01 9.9998807907104492e-01 1.2141856132075191e-03 4.7319270670413971e-03 9.1644245386123657e-01 4.9280000000000000e+03 8.5583877563476562e+01
9.9956017732620239e-01 -4.1390670230612159e-04 -2.9655022546648979e-02 8.9383977651596069e-01 9.9993318319320679e-01 -6.3797365874052048e-04 1.1541671119630337e-02 9.0717941522598267e-01 4.8860000000000000e+03 8.6262588500976562e+01
-9.9972671270370483e-01 -2.3178564384579659e-02 3.0523701570928097e-03 1.4731197357177734e+00 -9.9984890222549438e-01 -8.8296476751565933e-03 -1.4971839264035225e-02 1.5859713554382324e+00 1.2150000000000000e+03 2.1736790466308594e+02
9.9944132566452026e-01 1.8919687136076391e-04 -3.3419232815504074e-02 8.9837473630905151e-01 9.9991810321807861e-01 -3.5451767034828663e-03 1.2292626313865185e-02 9.0309000015258789e-01 4.5900000000000000e+03 8.7043136596679688e+01
-9.9969226121902466e-01 -2.4806099012494087e-02 1.8674352031666785e-04 1.4892693758010864e+00 -9.9987125396728516e-01 -1.5054042451083660e-02 -5.5605620145797729e-03 1.5668458938598633e+00 2.1860000000000000e+03 2.0260383605957031e+02
9.9942255020141602e-01 -3.9210947579704225e-04 -3.3978167921304703e-02 8.9890521764755249e-01 9.9994415044784546e-01 -3.0926335602998734e-03 1.0105939581990242e-02 9.0400832891464233e-01 4.4840000000000000e+03 8.5938171386718750e+01
-9.9952018260955811e-01 -2.7374010533094406e-02 -1.4492668211460114e-02 1.5363061428070068e+00 -9.9991166591644287e-01 -1.3236850500106812e-02 -1.2107598595321178e-03 1.5622801780700684e+00 2.2470000000000000e+03 2.0140853881835938e+02
9.9949115514755249e-01 6.0884171398356557e-04 -3.1889770179986954e-02 8.8950461149215698e-01 9.9993461370468140e-01 -5.6980308145284653e-03 9.9154533818364143e-03 9.0459924936294556e-01 4.9210000000000000e+03 8.6771255493164062e+01
-9.9908465147018433e-01 -2.4095078930258751e-02 -3.5343691706657410e-02 1.6079444885253906e+00 -9.9982070922851562e-01 -1.8147444352507591e-02 5.3851478733122349e-03 1.5389347076416016e+00 1.8870000000000000e+03 2.0136619567871094e+02
9.9956589937210083e-01 1.0394377750344574e-04 -2.9461719095706940e-02 8.8852328062057495e-01 9.9994307756423950e-01 -2.7892629150301218e-03 1.0292557068169117e-02 9.0320187807083130e-01 5.2270000000000000e+03 8.5201835632324219e+01
9.9969023466110229e-01 -2.8019829187542200e-03 -2.4728635326027870e-02 8.9064425230026245e-01 9.9996209144592285e-01 1.4690599637106061e-03 8.5831917822360992e-03 9.0272581577301025e-01 4.5150000000000000e+03 8.6479354858398438e+01
9.9971324205398560e-01 -3.3554616384208202e-03 -2.3711282759904861e-02 8.8169896602630615e-01 9.9992537498474121e-01 -2.0911991596221924e-03 1.2034333311021328e-02 9.0271985530853271e-01 3.5700000000000000e+03 8.5357406616210938e+01
9.9981755018234253e-01 3.7953691207803786e-04 -1.9098641350865364e-02 8.8142257928848267e-01 9.9993520975112915e-01 -2.5802478194236755e-03 1.1089652776718140e-02 8.9680087566375732e-01 2.8490000000000000e+03 8.6254966735839844e+01
9.9963140487670898e-01 -2.5061687920242548e-03 -2.7031090110540390e-02 9.0078198909759521e-01 9.9996274709701538e-01 9.0540776727721095e-04 8.5858488455414772e-03 9.0177327394485474e-01 1.5500000000000000e+03 8.6957145690917969e+01
9.9936568737030029e-01 -2.2055036388337612e-03 -3.5542875528335571e-02 9.0426498651504517e-01 9.9993556737899780e-01 -5.2206953987479210e-03 1.0078771039843559e-02 8.9791762828826904e-01 1.3540000000000000e+03 1.1105022430419922e+02
9.9932342767715454e-01 1.8030049977824092e-03 -3.6735318601131439e-02 9.0621590614318848e-01 9.9994671344757080e-01 -6.4120127353817225e-04 1.0301665402948856e-02 8.9895737171173096e-01 1.7430000000000000e+03 1.1455766296386719e+02
9.9967443943023682e-01 5.6109525030478835e-04 -2.5508431717753410e-02 8.8617682456970215e-01 9.9996507167816162e-01 1.9606476416811347e-04 8.3531662821769714e-03 9.0114480257034302e-01 2.3170000000000000e+03 1.0984721374511719e+02
9.9961429834365845e-01 -1.2927399016916752e-02 -2.4580761790275574e-02 8.9843028783798218e-01 9.9992078542709351e-01 -2.9505125712603331e-04 1.2580961920320988e-02 9.0883660316467285e-01 2.4160000000000000e+03 1.0490232086181641e+02
9.9947863817214966e-01 -3.4199217334389687e-03 -3.2102324068546295e-02 9.0851747989654541e-01 9.9993681907653809e-01 -9.0695777907967567e-03 6.6457353532314301e-03 9.1492027044296265e-01 1.3140000000000000e+03 1.1488660430908203e+02
9.9882602691650391e-01 -9.3779675662517548e-03 -4.7526065260171890e-02 9.0660548210144043e-01 9.9928027391433716e-01 -7.3351599276065826e-03 3.7216767668724060e-02 8.9602577686309814e-01 2.3860000000000000e+03 8.9787513732910156e+01
-1.2639006599783897e-02 9.9370813369750977e-01 -1.1128592491149902e-01 6.5021109580993652e-01 7.7519696205854416e-03 -7.5836634635925293e-01 -6.5178245306015015e-01 6.4313930273056030e-01 3.3510000000000000e+03 1.1555117797851562e+02
-2.3792188148945570e-03 7.7709370851516724e-01 -6.2938040494918823e-01 9.6084845066070557e-01 1.0479784570634365e-02 -9.8889148235321045e-01 -1.4826932549476624e-01 9.9356049299240112e-01 5.3640000000000000e+03 1.8624775695800781e+02
9.9925041198730469e-01 -1.5501018613576889e-02 -3.5473790019750595e-02 9.0416109561920166e-01 9.9978482723236084e-01 1.5746741555631161e-03 2.0679138600826263e-02 8.9835292100906372e-01 1.9140000000000000e+03 1.1217763519287109e+02
-2.5173529982566833e-02 7.8972876071929932e-01 -6.1293941736221313e-01 9.1546452045440674e-01 1.0479784570634365e-02 -9.8889148235321045e-01 -1.4826932549476624e-01 9.9356049299240112e-01 1.2470000000000000e+03 2.1308580017089844e+02
9.9968194961547852e-01 -5.4889861494302750e-03 -2.4613365530967712e-02 8.8516801595687866e-01 9.9977606534957886e-01 6.1888871714472771e-03 2.0238731056451797e-02 8.8608509302139282e-01 1.8440000000000000e+03 1.1026247406005859e+02
9.9970000982284546e-01 2.7622543275356293e-03 -2.4339176714420319e-02 8.8322097063064575e-01 9.9992197751998901e-01 -2.9610558412969112e-03 1.2133132666349411e-02 8.9471864700317383e-01 2.5970000000000000e+03 1.1285791015625000e+02
9.9965089559555054e-01 -5.0160516984760761e-03 -2.5940036401152611e-02 8.9402902126312256e-01 9.9993687868118286e-01 3.0889313202351332e-03 1.0794893838465214e-02 8.9967733621597290e-01 1.5870000000000000e+03 1.0884310150146484e+02
9.9936157464981079e-01 -1.0072939330711961e-03 -3.5712625831365585e-02 9.0931147336959839e-01 9.9997407197952271e-01 -6.6136615350842476e-03 2.8655852656811476e-03 9.2206114530563354e-01 1.0040000000000000e+03 1.2238679504394531e+02
9.9906200170516968e-01 -6.2678386457264423e-03 -4.2845774441957474e-02 9.0737897157669067e-01 9.9969005584716797e-01 2.2571675945073366e-03 2.4793427437543869e-02 9.0371835231781006e-01 2.5910000000000000e+03 7.5071998596191406e+01
9.9932110309600830e-01 1.0977913625538349e-02 -3.5166841000318527e-02 8.9292412996292114e-01 9.9994343519210815e-01 -2.1613424178212881e-03 1.0424587875604630e-02 9.0345031023025513e-01 1.2640000000000000e+03 1.2875949096679688e+02
9.9953514337539673e-01 4.5127212069928646e-03 -3.0151475220918655e-02 8.9762330055236816e-01 9.9993360042572021e-01 2.2843922488391399e-04 1.1523627676069736e-02 8.9803004264831543e-01 2.9620000000000000e+03 1.0410195922851562e+02
9.9946749210357666e-01 2.2699225228279829e-03 -3.2551608979701996e-02 8.9561235904693604e-01 9.9989920854568481e-01 -4.8026591539382935e-03 1.3357661664485931e-02 8.9989495277404785e-01 3.6250000000000000e+03 9.2470069885253906e+01
9.9908483028411865e-01 3.1747173052281141e-03 -4.2655061930418015e-02 8.9615887403488159e-01 9.9982690811157227e-01 -9.9838227033615112e-03 1.5697233378887177e-02 9.0895247459411621e-01 4.3510000000000000e+03 8.5534820556640625e+01
-9.9839979410171509e-01 -5.2909232676029205e-02 1.9967216998338699e-02 1.4986969232559204e+00 -9.9976170063018799e-01 -2.1360406652092934e-02 4.5115551911294460e-03 1.5880054235458374e+00 1.1090000000000000e+03 2.1288368225097656e+02
9.9961173534393311e-01 -3.8852982688695192e-03 -2.7590891346335411e-02 8.9192080497741699e-01 9.9986386299133301e-01 -4.0137367323040962e-03 1.6003618016839027e-02 8.9836657047271729e-01 4.1360000000000000e+03 9.8615814208984375e+01
-9.9956607818603516e-01 -2.6659948751330376e-02 1.2528874911367893e-02 1.4839844703674316e+00 -9.9964028596878052e-01 -2.6533864438533783e-02 3.9174207486212254e-03 1.6070088148117065e+00 1.3470000000000000e+03 2.0814219665527344e+02
-9.9919068813323975e-01 -3.8466215133666992e-02 1.1759450659155846e-02 1.4866546392440796e+00 -9.9967724084854126e-01 -2.5392606854438782e-02 8.7725173216313124e-04 1.6138825416564941e+00 1.4280000000000000e+03 2.2033683776855469e+02
9.9956071376800537e-01 -1.2006410397589207e-02 -2.7095211669802666e-02 8.8914895057678223e-01 9.9985796213150024e-01 3.3195063006132841e-03 1.6521813347935677e-02 8.9561998844146729e-01 3.5700000000000000e+03 1.0988179016113281e+02
9.9965548515319824e-01 -9.8642939701676369e-04 -2.6227654889225960e-02 8.9137649536132812e-01 9.9998819828033447e-01 -5.6913797743618488e-04 4.8180641606450081e-03 9.0499496459960938e-01 3.4090000000000000e+03 1.0195511627197266e+02
-9.9881732463836670e-01 -4.8007566481828690e-02 7.6954262331128120e-03 1.4925038814544678e+00 -9.9996232986450195e-01 -8.1791365519165993e-03 -2.9113125056028366e-03 1.6431542634963989e+00 1.0310000000000000e+03 2.2910281372070312e+02
9.9957811832427979e-01 -2.5548681151121855e-03 -2.8931362554430962e-02 8.9415037631988525e-01 9.9997210502624512e-01 -4.9367896281182766e-03 5.5993143469095230e-03 9.1280788183212280e-01 3.0010000000000000e+03 1.0157680511474609e+02
9.9938523769378662e-01 1.9612840842455626e-03 -3.5004913806915283e-02 8.9656400680541992e-01 9.9992239475250244e-01 -8.9866286143660545e-03 8.6292913183569908e-03 9.1001790761947632e-01 4.2270000000000000e+03 9.1335700988769531e+01
-9.9922633171081543e-01 -3.5342697054147720e-02 1.7252838239073753e-02 1.4746444225311279e+00 -9.9996250867843628e-01 -7.6305149123072624e-03 4.0978547185659409e-03 1.6039460897445679e+00 1.2130000000000000e+03 2.3259109497070312e+02
9.9937862157821655e-01 -2.3406646214425564e-03 -3.5170398652553558e-02 8.9832371473312378e-01 9.9989342689514160e-01 -6.2254806980490685e-03 1.3206154108047485e-02 9.0331411361694336e-01 4.7580000000000000e+03 8.9094543457031250e+01
-9.9980694055557251e-01 -1.7938055098056793e-02 -8.0204047262668610e-03 1.5577118396759033e+00 -9.9967700242996216e-01 -2.3280914872884750e-02 1.0190161876380444e-02 1.5779492855072021e+00 1.0750000000000000e+03 2.1898512268066406e+02
9.9944072961807251e-01 4.6161684440448880e-04 -3.3436920493841171e-02 8.9915925264358521e-01 9.9993753433227539e-01 -3.4115952439606190e-03 1.0646974667906761e-02 8.9975345134735107e-01 4.9550000000000000e+03 8.8347450256347656e+01
-9.9954640865325928e-01 -3.0115419998764992e-02 -1.8033962987829000e-04 1.5168772935867310e+00 -9.9961948394775391e-01 -2.4804210290312767e-02 1.2065121904015541e-02 1.5807716846466064e+00 1.1590000000000000e+03 2.1886280822753906e+02
9.9942779541015625e-01 1.4445482520386577e-03 -3.3794619143009186e-02 8.9720690250396729e-01 9.9996066093444824e-01 -3.8178989198058844e-03 8.0080265179276466e-03 9.0590816736221313e-01 5.1340000000000000e+03 8.9452667236328125e+01
-9.9951320886611938e-01 -2.9794363304972649e-02 9.2497011646628380e-03 1.4864522218704224e+00 -9.9978095293045044e-01 -1.9243154674768448e-02 8.2303695380687714e-03 1.5877591371536255e+00 1.3240000000000000e+03 2.0850906372070312e+02
9.9947369098663330e-01 2.3425823019351810e-04 -3.2437872141599655e-02 8.9633524417877197e-01 9.9997091293334961e-01 -1.7830125289037824e-03 7.4115423485636711e-03 9.0886175632476807e-01 5.3170000000000000e+03 8.6116218566894531e+01
9.9935197830200195e-01 3.0775526538491249e-03 -3.5861268639564514e-02 8.9754176139831543e-01 9.9993765354156494e-01 -3.1980280764400959e-03 1.0709602385759354e-02 9.0250343084335327e-01 5.2810000000000000e+03 8.6338058471679688e+01
-9.9940878152847290e-01 -3.2411668449640274e-02 1.1474557220935822e-02 1.4789481163024902e+00 -9.9987506866455078e-01 -1.0697803460061550e-02 -1.1634850874543190e-02 1.6044158935546875e+00 1.5970000000000000e+03 2.0441937255859375e+02
9.9940210580825806e-01 2.8479194734245539e-03 -3.4459583461284637e-02 8.9771991968154907e-01 9.9996280670166016e-01 -3.3502595033496618e-03 7.9522803425788879e-03 9.0284514427185059e-01 4.6950000000000000e+03 8.6305549621582031e+01
-9.9951386451721191e-01 -3.1145244836807251e-02 1.4727030647918582e-03 1.5089670419692993e+00 -9.9972838163375854e-01 -7.2124819271266460e-03 -2.2160911932587624e-02 1.6465539932250977e+00 2.3450000000000000e+03 1.9864154052734375e+02
9.9929440021514893e-01 3.7101532798260450e-03 -3.7375211715698242e-02 9.0045458078384399e-01 9.9995481967926025e-01 -2.9843258671462536e-03 9.0189110487699509e-03 9.0674829483032227e-01 3.2040000000000000e+03 8.6060775756835938e+01
-9.9946099519729614e-01 -3.0431728810071945e-02 1.2309459969401360e-02 1.4724326133728027e+00 -9.9986308813095093e-01 -1.4545018784701824e-02 -7.8907199203968048e-03 1.5831706523895264e+00 1.6150000000000000e+03 1.9595390319824219e+02
9.9961566925048828e-01 -1.1551219504326582e-03 -2.7696872130036354e-02 8.8471519947052002e-01 9.9991786479949951e-01 -2.6529622264206409e-03 1.2541858479380608e-02 8.9794695377349854e-01 2.5260000000000000e+03 1.0897901916503906e+02
9.9940890073776245e-01 -3.4800411667674780e-03 -3.4201223403215408e-02 8.9408004283905029e-01 9.9985235929489136e-01 -6.4917822601273656e-04 1.7168670892715454e-02 8.9634764194488525e-01 3.3350000000000000e+03 9.5265968322753906e+01
9.9954396486282349e-01 1.5442193485796452e-02 -2.5950685143470764e-02 8.8229149580001831e-01 9.9995487928390503e-01 -1.1035205097869039e-03 9.4399554654955864e-03 8.9606320858001709e-01 2.2980000000000000e+03 1.0784595489501953e+02
9.9968022108078003e-01 -3.5246147308498621e-03 -2.5041082873940468e-02 8.8348472118377686e-01 9.9976515769958496e-01 -1.6649353783577681e-03 2.1606814116239548e-02 8.7654405832290649e-01 1.8220000000000000e+03 1.2334028625488281e+02
9.9945646524429321e-01 -1.2153652496635914e-02 -3.0643180012702942e-02 8.9244663715362549e-01 9.9989485740661621e-01 2.0895502530038357e-03 1.4349585399031639e-02 8.9937478303909302e-01 1.4940000000000000e+03 1.2477175140380859e+02
9.9940139055252075e-01 -1.0402309708297253e-03 -3.4580986946821213e-02 8.9855164289474487e-01 9.9976700544357300e-01 2.2438624873757362e-03 2.1471180021762848e-02 8.8603162765502930e-01 2.2330000000000000e+03 8.3058197021484375e+01
9.9942111968994141e-01 -4.4547403231263161e-03 -3.3727210015058517e-02 8.9243012666702271e-01 9.9941015243530273e-01 6.1167706735432148e-03 3.3791065216064453e-02 8.5708743333816528e-01 1.1360000000000000e+03 1.1199753570556641e+02
9.9937433004379272e-01 -7.8137265518307686e-03 -3.4495417028665543e-02 9.1448926925659180e-01 9.9990975856781006e-01 -5.3102066740393639e-03 1.2341693043708801e-02 8.9386481046676636e-01 1.5620000000000000e+03 1.2905569458007812e+02
9.9948704242706299e-01 -1.0271676816046238e-02 -3.0335895717144012e-02 9.1758799552917480e-01 9.9991476535797119e-01 -2.2148655261844397e-03 1.2860768474638462e-02 8.9012831449508667e-01 1.4200000000000000e+03 1.2361690521240234e+02
9.9829041957855225e-01 -8.9610517024993896e-03 -5.7757161557674408e-02 9.1257417201995850e-01 9.9938637018203735e-01 -1.1843376792967319e-02 3.2965015619993210e-02 8.9413297176361084e-01 1.7860000000000000e+03 1.0759742736816406e+02
9.9923998117446899e-01 -1.8688377458602190e-03 -3.8936324417591095e-02 9.0460497140884399e-01 9.9841576814651489e-01 -4.4409777037799358e-03 5.6092511862516403e-02 8.2551664113998413e-01 1.4360000000000000e+03 8.2887184143066406e+01
-9.9867850542068481e-01 -4.5361075550317764e-02 2.4161024019122124e-02 1.4216237068176270e+00 -9.9949264526367188e-01 -8.5071660578250885e-03 -3.0692497268319130e-02 1.3096851110458374e+00 1.1370000000000000e+03 2.1948637390136719e+02
9.9961507320404053e-01 -1.5905909240245819e-02 -2.2732293233275414e-02 8.9304751157760620e-01 9.9987292289733887e-01 -4.2315903119742870e-03 1.5369843691587448e-02 8.8705110549926758e-01 1.5180000000000000e+03 1.2727140808105469e+02
9.9965375661849976e-01 -3.7461114116013050e-03 -2.6042569428682327e-02 8.9340591430664062e-01 9.9993646144866943e-01 1.1120858835056424e-03 1.1213158257305622e-02 9.0214020013809204e-01 5.0250000000000000e+03 9.2545364379882812e+01
9.9958115816116333e-01 6.6539848921820521e-04 -2.8931535780429840e-02 8.9338934421539307e-01 9.9988859891891479e-01 -1.6657777596265078e-03 1.4832494780421257e-02 8.9639359712600708e-01 4.9330000000000000e+03 8.5347747802734375e+01
9.9956077337265015e-01 8.9220696827396750e-04 -2.9623139649629593e-02 8.9467221498489380e-01 9.9984580278396606e-01 -2.6339241303503513e-03 1.7368294298648834e-02 8.8818776607513428e-01 4.7390000000000000e+03 8.4780296325683594e+01
-9.9972426891326904e-01 -2.3474983870983124e-02 6.4525444759055972e-04 1.4905387163162231e+00 -9.9964827299118042e-01 -1.4766364358365536e-02 -2.2025275975465775e-02 1.6235733032226562e+00 1.9500000000000000e+03 2.0417436218261719e+02
9.9942737817764282e-01 -1.1129479389637709e-03 -3.3817455172538757e-02 9.0075087547302246e-01 9.9983882904052734e-01 -3.5528396256268024e-03 1.7595181241631508e-02 8.8743168115615845e-01 4.5330000000000000e+03 8.6313034057617188e+01
-9.9972343444824219e-01 -2.3024756461381912e-02 4.7942749224603176e-03 1.4817789793014526e+00 -9.9978476762771606e-01 -1.9215516746044159e-02 -7.8281108289957047e-03 1.5748039484024048e+00 2.3110000000000000e+03 2.0163609313964844e+02
9.9938517808914185e-01 -1.1713447747752070e-03 -3.5041902214288712e-02 8.9708507061004639e-01 9.9987787008285522e-01 -1.9979886710643768e-03 1.5499098226428032e-02 8.9313638210296631e-01 3.8710000000000000e+03 8.4452354431152344e+01
-9.9933248758316040e-01 -3.4562729299068451e-02 -1.1829962953925133e-02 1.5378903150558472e+00 -9.9960333108901978e-01 -2.6206232607364655e-02 -1.0315528139472008e-02 1.5834324359893799e+00 2.5370000000000000e+03 1.9944935607910156e+02
