9.9979031085968018e-01 2.0150542259216309e-02 3.6475688684731722e-03 9.0912145376205444e-01 9.9917310476303101e-01 1.8164133653044701e-02 -3.6378528922796249e-02 9.7340601682662964e-01 1.8850000000000000e+03 7.3303413391113281e+01
9.9989080429077148e-01 1.4781434088945389e-02 4.5772434532409534e-05 8.8912647962570190e-01 9.9927830696105957e-01 8.9852102100849152e-03 -3.6909058690071106e-02 9.6758580207824707e-01 2.5400000000000000e+03 7.4538978576660156e+01
9.9985039234161377e-01 1.6932174563407898e-02 3.5321533214300871e-03 9.1694778203964233e-01 9.9907112121582031e-01 2.5756392627954483e-02 -3.4548591822385788e-02 9.5788967609405518e-01 2.5550000000000000e+03 1.1215538024902344e+02
9.9983620643615723e-01 1.4179561287164688e-02 -1.1253201402723789e-02 9.3738746643066406e-01 9.9942106008529663e-01 1.7457874491810799e-02 -2.9201814904808998e-02 9.5681154727935791e-01 2.2940000000000000e+03 9.0864868164062500e+01
9.9981093406677246e-01 1.8592391163110733e-02 -5.6956354528665543e-03 9.1596591472625732e-01 9.9875789880752563e-01 1.7248792573809624e-02 -4.6745415776968002e-02 9.6734875440597534e-01 1.2320000000000000e+03 8.2521919250488281e+01
9.9979394674301147e-01 1.9966263324022293e-02 3.6772883031517267e-03 8.8430410623550415e-01 9.9911212921142578e-01 1.0420888662338257e-02 -4.0821615606546402e-02 9.5763367414474487e-01 1.4010000000000000e+03 9.1951164245605469e+01
9.9973285198211670e-01 2.1931737661361694e-02 -7.2910878807306290e-03 9.0840977430343628e-01 9.9900102615356445e-01 1.1439700610935688e-02 -4.3197624385356903e-02 9.6262276172637939e-01 2.1030000000000000e+03 7.8275032043457031e+01
9.9980485439300537e-01 1.8545234575867653e-02 -6.8009002134203911e-03 9.0937381982803345e-01 9.9921971559524536e-01 1.2133946642279625e-02 -3.7587489932775497e-02 9.5526945590972900e-01 2.2490000000000000e+03 7.2645622253417969e+01
9.9984180927276611e-01 1.6761621460318565e-02 -5.9501989744603634e-03 9.0181964635848999e-01 9.9932706356048584e-01 8.2085952162742615e-03 -3.5750489681959152e-02 9.4346964359283447e-01 1.4800000000000000e+03 1.1244084167480469e+02
-3.5293879918754101e-03 2.5708803534507751e-01 -9.6638149023056030e-01 1.2239685058593750e+00 2.4103287607431412e-02 -9.3970060348510742e-01 -3.4114769101142883e-01 1.2281895875930786e+00 1.3850000000000000e+03 2.1494151306152344e+02
-1.1836800724267960e-02 2.7749973535537720e-01 -9.6065282821655273e-01 1.3177454471588135e+00 2.4103287607431412e-02 -9.3970060348510742e-01 -3.4114769101142883e-01 1.2281895875930786e+00 1.3850000000000000e+03 2.1494151306152344e+02
9.9985677003860474e-01 1.6315700486302376e-02 -4.4901361688971519e-03 9.1538584232330322e-01 9.9945467710494995e-01 1.2250933796167374e-02 -3.0662935227155685e-02 9.4468039274215698e-01 1.5840000000000000e+03 7.8050498962402344e+01
9.9976688623428345e-01 1.2380546890199184e-02 -1.7688190564513206e-02 9.3552500009536743e-01 9.9941617250442505e-01 1.7474127933382988e-02 -2.9357736930251122e-02 9.5201039314270020e-01 1.4570000000000000e+03 9.9679481506347656e+01
9.9963778257369995e-01 2.5728516280651093e-02 -7.8907543793320656e-03 9.1129159927368164e-01 9.9944567680358887e-01 9.1254841536283493e-03 -3.2016396522521973e-02 9.3915396928787231e-01 2.2410000000000000e+03 6.4858345031738281e+01
9.9974089860916138e-01 2.0565621554851532e-02 -9.7475163638591766e-03 9.1019451618194580e-01 9.9908632040023804e-01 1.4521554112434387e-02 -4.0197368711233139e-02 9.5154219865798950e-01 2.9240000000000000e+03 9.9506843566894531e+01
9.9983298778533936e-01 1.5666646882891655e-02 -9.4087421894073486e-03 9.0607941150665283e-01 9.9921852350234985e-01 1.5082496218383312e-02 -3.6535948514938354e-02 9.5181107521057129e-01 3.0310000000000000e+03 1.0069976806640625e+02
-9.9960184097290039e-01 -2.8037108480930328e-02 3.1717543024569750e-03 1.5199172496795654e+00 -9.9973100423812866e-01 1.2969666160643101e-02 -1.9225085154175758e-02 1.5450993776321411e+00 1.0360000000000000e+03 2.1509065246582031e+02
-9.9894410371780396e-01 -4.2549557983875275e-02 1.7326025292277336e-02 1.4511489868164062e+00 -9.9941182136535645e-01 -1.2234452180564404e-02 -3.2037146389484406e-02 1.5659197568893433e+00 2.2020000000000000e+03 2.0112373352050781e+02
9.9987846612930298e-01 1.3499074615538120e-02 -7.8118317760527134e-03 9.1066080331802368e-01 9.9925148487091064e-01 1.7300534993410110e-02 -3.4598287194967270e-02 9.5238393545150757e-01 2.1290000000000000e+03 1.1655471801757812e+02
-9.9845284223556519e-01 -5.2773196250200272e-02 1.7516244202852249e-02 1.4693580865859985e+00 -9.9967002868652344e-01 -2.4932473897933960e-03 -2.5564581155776978e-02 1.5556815862655640e+00 1.4010000000000000e+03 1.8608636474609375e+02
9.9968105554580688e-01 1.9753908738493919e-02 -1.5729734674096107e-02 9.1582876443862915e-01 9.9922585487365723e-01 1.4497871510684490e-02 -3.6571234464645386e-02 9.5067363977432251e-01 1.7280000000000000e+03 1.1997164154052734e+02
-9.9960881471633911e-01 -2.6274923235177994e-02 -9.5813563093543053e-03 1.5720115900039673e+00 -9.9960428476333618e-01 -2.0382028073072433e-02 -1.9383307546377182e-02 1.5379937887191772e+00 1.2020000000000000e+03 2.0878189086914062e+02
9.9963814020156860e-01 2.6876607909798622e-02 1.0610672179609537e-03 8.8344925642013550e-01 9.9908888339996338e-01 1.6164908185601234e-02 -3.9497144520282745e-02 9.4909644126892090e-01 2.6130000000000000e+03 7.0445419311523438e+01
9.9965035915374756e-01 2.3718830198049545e-02 -1.1688850820064545e-02 9.1826146841049194e-01 9.9921423196792603e-01 1.7518037930130959e-02 -3.5553339868783951e-02 9.4702231884002686e-01 2.7230000000000000e+03 9.4100990295410156e+01
9.9976611137390137e-01 2.0808562636375427e-02 -5.8992938138544559e-03 8.9960300922393799e-01 9.9929159879684448e-01 1.2640479952096939e-02 -3.5446513444185257e-02 9.5330476760864258e-01 2.3120000000000000e+03 8.5833724975585938e+01
-9.9903810024261475e-01 -3.4074045717716217e-02 2.7602734044194221e-02 1.4546365737915039e+00 -9.9983429908752441e-01 -5.2806013263761997e-03 -1.7423771321773529e-02 1.6078987121582031e+00 1.6590000000000000e+03 2.0667028808593750e+02
9.9983251094818115e-01 1.6456710174679756e-02 -8.0108921974897385e-03 9.0627342462539673e-01 9.9925148487091064e-01 1.5066047199070454e-02 -3.5630274564027786e-02 9.5309787988662720e-01 3.6300000000000000e+03 8.6454696655273438e+01
-9.9788147211074829e-01 -5.5346999317407608e-02 3.4192617982625961e-02 1.4435986280441284e+00 -9.9984520673751831e-01 -5.6427596136927605e-03 -1.6664912924170494e-02 1.6068258285522461e+00 1.5340000000000000e+03 2.1840483093261719e+02
9.9987125396728516e-01 1.0133014060556889e-02 -1.2435548007488251e-02 9.1508644819259644e-01 9.9926567077636719e-01 1.5418413095176220e-02 -3.5077072679996490e-02 9.5266193151473999e-01 2.7380000000000000e+03 9.6731193542480469e+01
9.9970513582229614e-01 2.3927303031086922e-02 4.1185235604643822e-03 8.9076411724090576e-01 9.9921125173568726e-01 1.8062496557831764e-02 -3.5366766154766083e-02 9.5223373174667358e-01 1.2500000000000000e+03 8.5670600891113281e+01
9.9982088804244995e-01 1.6651459038257599e-02 -8.9893369004130363e-03 9.0809774398803711e-01 9.9928319454193115e-01 1.4001317322254181e-02 -3.5171184688806534e-02 9.5086264610290527e-01 2.6770000000000000e+03 8.5494567871093750e+01
9.9988818168640137e-01 1.4018714427947998e-02 -5.2075874991714954e-03 8.8866496086120605e-01 9.9951958656311035e-01 8.6894119158387184e-03 -2.9746824875473976e-02 9.4465148448944092e-01 2.2250000000000000e+03 8.6365844726562500e+01
9.9980920553207397e-01 1.6486059874296188e-02 -1.0467658750712872e-02 9.1053074598312378e-01 9.9938261508941650e-01 1.1351015418767929e-02 -3.3248707652091980e-02 9.4415235519409180e-01 2.8960000000000000e+03 9.3128799438476562e+01
9.9978506565093994e-01 1.6364589333534241e-02 -1.2731553986668587e-02 9.0922015905380249e-01 9.9948954582214355e-01 9.7861224785447121e-03 -3.0410097911953926e-02 9.4878441095352173e-01 1.7060000000000000e+03 9.5500587463378906e+01
9.9984091520309448e-01 1.7574947327375412e-02 -3.0368808656930923e-03 8.9187860488891602e-01 9.9950510263442993e-01 1.4173855073750019e-02 -2.8084715828299522e-02 9.4355905055999756e-01 3.0780000000000000e+03 7.9891899108886719e+01
9.9977385997772217e-01 2.0874515175819397e-02 -4.0661301463842392e-03 9.0516024827957153e-01 9.9963021278381348e-01 1.3507058843970299e-02 -2.3598758503794670e-02 9.3951445817947388e-01 1.3330000000000000e+03 6.3072284698486328e+01
9.9973905086517334e-01 1.8762324005365372e-02 -1.3028115034103394e-02 9.1012626886367798e-01 9.9942868947982788e-01 8.8799158111214638e-03 -3.2609675079584122e-02 9.4307869672775269e-01 5.0100000000000000e+03 8.3551696777343750e+01
-9.9903178215026855e-01 -4.2380668222904205e-02 1.1810451745986938e-02 1.5644310712814331e+00 -9.9996662139892578e-01 6.5709543414413929e-03 -4.8411395400762558e-03 1.4489374160766602e+00 1.1460000000000000e+03 1.9045097351074219e+02
9.9911856651306152e-01 4.1926074773073196e-02 2.0986576564610004e-03 9.0792405605316162e-01 9.9836939573287964e-01 1.4161044731736183e-02 -5.5300597101449966e-02 9.5800232887268066e-01 2.4760000000000000e+03 7.7582794189453125e+01
9.9978893995285034e-01 2.0533103495836258e-02 -7.2199414717033505e-04 9.0897518396377563e-01 9.9890410900115967e-01 2.1954886615276337e-02 -4.1334394365549088e-02 9.6203774213790894e-01 2.5520000000000000e+03 9.0938041687011719e+01
9.9974340200424194e-01 2.1781178191304207e-02 -6.2154955230653286e-03 9.0936279296875000e-01 9.9965971708297729e-01 1.4573849737644196e-02 -2.1636171266436577e-02 9.3424785137176514e-01 1.6650000000000000e+03 5.8509124755859375e+01
-9.9974304437637329e-01 -2.1942667663097382e-02 5.6871050037443638e-03 1.5674059391021729e+00 -9.9963498115539551e-01 -2.1524783223867416e-02 -1.6327010467648506e-02 1.5215170383453369e+00 1.3380000000000000e+03 2.0628727722167969e+02
9.9979007244110107e-01 1.5666002407670021e-02 -1.3208059594035149e-02 9.1820096969604492e-01 9.9915593862533569e-01 1.5629110857844353e-02 -3.7988156080245972e-02 9.5560091733932495e-01 2.4230000000000000e+03 1.1619644927978516e+02
-2.8089378029108047e-02 2.7958160638809204e-01 -9.5971101522445679e-01 1.4676576852798462e+00 3.3519875258207321e-02 -9.5116961002349854e-01 -3.0684331059455872e-01 1.3933765888214111e+00 1.0440000000000000e+03 2.1200286865234375e+02
-2.8873162344098091e-02 2.8086161613464355e-01 -9.5931386947631836e-01 1.4682401418685913e+00 3.2346360385417938e-02 -9.5052123069763184e-01 -3.0897101759910583e-01 1.3939878940582275e+00 1.0490000000000000e+03 2.1142517089843750e+02
-2.9643412679433823e-02 2.8086704015731812e-01 -9.5928883552551270e-01 1.4680033922195435e+00 3.0629251152276993e-02 -9.4923490285873413e-01 -3.1307333707809448e-01 1.4042329788208008e+00 1.0570000000000000e+03 2.1139830017089844e+02
-3.0000217258930206e-02 2.8068047761917114e-01 -9.5933228731155396e-01 1.4679579734802246e+00 2.8645837679505348e-02 -9.5299488306045532e-01 -3.0162930488586426e-01 1.3784593343734741e+00 1.0090000000000000e+03 2.1113279724121094e+02
-3.0110128223896027e-02 2.8046149015426636e-01 -9.5939290523529053e-01 1.4676835536956787e+00 2.6690866798162460e-02 -9.5159465074539185e-01 -3.0619499087333679e-01 1.3891061544418335e+00 1.0310000000000000e+03 2.1067604064941406e+02
-2.7192316949367523e-02 3.0101710557937622e-01 -9.5323097705841064e-01 1.5688589811325073e+00 2.4307440966367722e-02 -9.1892319917678833e-01 -3.9368680119514465e-01 1.6061308383941650e+00 1.1390000000000000e+03 2.2082353210449219e+02
8.6275907233357430e-03 4.5625891536474228e-02 -9.9892133474349976e-01 9.6711915731430054e-01 1.8731202930212021e-02 -9.9739003181457520e-01 -6.9729752838611603e-02 1.0357192754745483e+00 2.8980000000000000e+03 1.9179502868652344e+02
9.9809104576706886e-03 -3.4057807642966509e-03 -9.9994432926177979e-01 9.3115842342376709e-01 1.2877767905592918e-02 -9.9956119060516357e-01 -2.6676885783672333e-02 1.0006523132324219e+00 2.7640000000000000e+03 1.9703509521484375e+02
9.9990040063858032e-01 1.4111524447798729e-02 4.3447545613162220e-04 8.8906472921371460e-01 9.9947494268417358e-01 1.5232893638312817e-02 -2.8597308322787285e-02 9.4854104518890381e-01 1.3240000000000000e+03 8.2213485717773438e+01
2.9626260511577129e-03 6.7760795354843140e-03 -9.9997258186340332e-01 9.0842491388320923e-01 1.3310667127370834e-02 -9.9954921007156372e-01 -2.6910904794931412e-02 9.9568343162536621e-01 1.8000000000000000e+03 2.1371000671386719e+02
9.9993962049484253e-01 1.0825390927493572e-02 -1.8892734078690410e-03 9.0772324800491333e-01 9.9929857254028320e-01 2.0412888377904892e-02 -3.1395465135574341e-02 9.5195555686950684e-01 3.2080000000000000e+03 1.0433883666992188e+02
1.6210397705435753e-02 7.5157531537115574e-03 -9.9984031915664673e-01 8.8731014728546143e-01 1.6079487279057503e-02 -9.9897074699401855e-01 -4.2414069175720215e-02 9.8552632331848145e-01 1.1410000000000000e+03 2.0356880187988281e+02
9.9962794780731201e-01 2.2457737475633621e-02 1.5479685738682747e-02 8.7850916385650635e-01 9.9931079149246216e-01 1.6160676255822182e-02 -3.3419527113437653e-02 9.4890910387039185e-01 1.9260000000000000e+03 8.5477478027343750e+01
9.9977946281433105e-01 2.0786831155419350e-02 2.9899757355451584e-03 8.9133000373840332e-01 9.9927860498428345e-01 1.4737830497324467e-02 -3.5000920295715332e-02 9.4691270589828491e-01 3.2640000000000000e+03 8.5786773681640625e+01
9.9986684322357178e-01 1.6289247199892998e-02 -9.8220817744731903e-04 8.9706367254257202e-01 9.9932903051376343e-01 1.4685222879052162e-02 -3.3554233610630035e-02 9.5110487937927246e-01 4.2720000000000000e+03 8.5493698120117188e+01
-9.9814456701278687e-01 -5.2174068987369537e-02 -3.1391397118568420e-02 1.5898166894912720e+00 -9.9959081411361694e-01 -1.3945659622550011e-02 -2.4975547567009926e-02 1.6329752206802368e+00 1.1820000000000000e+03 1.9806350708007812e+02
9.9987560510635376e-01 1.5722315758466721e-02 -1.2918160064145923e-03 8.9935916662216187e-01 9.9931484460830688e-01 1.3633688911795616e-02 -3.4409400075674057e-02 9.4971442222595215e-01 3.8370000000000000e+03 8.5758407592773438e+01
-9.9961477518081665e-01 -2.7623303234577179e-02 -2.7013579383492470e-03 1.5102943181991577e+00 -9.9982023239135742e-01 -1.7724774079397321e-03 -1.8878506496548653e-02 1.6204050779342651e+00 1.5070000000000000e+03 1.9683744812011719e+02
9.9986565113067627e-01 1.6255181282758713e-02 -2.1083573810756207e-03 8.9515417814254761e-01 9.9932694435119629e-01 1.3243324123322964e-02 -3.4208722412586212e-02 9.4797754287719727e-01 3.6490000000000000e+03 8.3145919799804688e+01
-9.9860697984695435e-01 -5.1720056682825089e-02 -1.0446188040077686e-02 1.5378218889236450e+00 -9.9988102912902832e-01 -3.2633759547024965e-03 -1.5076912008225918e-02 1.6058229207992554e+00 1.9290000000000000e+03 1.9420429992675781e+02
9.9986487627029419e-01 1.6415812075138092e-02 -8.7760755559429526e-04 8.9864420890808105e-01 9.9933165311813354e-01 1.6757551580667496e-02 -3.2486673444509506e-02 9.4294148683547974e-01 3.9410000000000000e+03 7.5959823608398438e+01
-9.9890530109405518e-01 -4.4762782752513885e-02 1.3578631915152073e-02 1.4703603982925415e+00 -9.9995040893554688e-01 -4.7761825844645500e-03 -8.7364772334694862e-03 1.5874108076095581e+00 1.3580000000000000e+03 1.9738342285156250e+02
9.9989855289459229e-01 1.4146924950182438e-02 1.6403715126216412e-03 8.9637488126754761e-01 9.9942022562026978e-01 1.6422158107161522e-02 -2.9824435710906982e-02 9.4392031431198120e-01 4.1720000000000000e+03 8.5056686401367188e+01
9.9992215633392334e-01 1.2479192577302456e-02 -1.1986831668764353e-04 8.9964014291763306e-01 9.9931770563125610e-01 1.7585884779691696e-02 -3.2476980239152908e-02 9.4727134704589844e-01 3.3230000000000000e+03 9.3239242553710938e+01
9.9993342161178589e-01 1.1206772178411484e-02 -2.7463133446872234e-03 9.0244823694229126e-01 9.9937093257904053e-01 1.5918370336294174e-02 -3.1693607568740845e-02 9.4984549283981323e-01 2.1170000000000000e+03 1.1260746002197266e+02
9.9994212388992310e-01 1.0743692517280579e-02 -5.2939954912289977e-04 8.8921689987182617e-01 9.9939650297164917e-01 1.4113269746303558e-02 -3.1740508973598480e-02 9.5319294929504395e-01 2.7210000000000000e+03 7.7531791687011719e+01
9.9994540214538574e-01 1.0345920920372009e-02 1.4367147814482450e-03 8.9565819501876831e-01 9.9950724840164185e-01 2.3930976167321205e-02 -2.0308656617999077e-02 9.2840218544006348e-01 1.6760000000000000e+03 8.3403442382812500e+01
9.9970531463623047e-01 2.4272302165627480e-02 2.9273238033056259e-04 9.0521836280822754e-01 9.9942821264266968e-01 1.5055623836815357e-02 -3.0275745317339897e-02 9.4216203689575195e-01 1.3350000000000000e+03 8.0570884704589844e+01
9.9979192018508911e-01 1.4750201255083084e-02 -1.4085909351706505e-02 9.2506349086761475e-01 9.9940991401672363e-01 2.1875880658626556e-02 -2.6481853798031807e-02 9.4305872917175293e-01 1.6220000000000000e+03 7.7567413330078125e+01
-9.9830585718154907e-01 -5.4471254348754883e-02 2.0454917103052139e-02 1.4378815889358521e+00 -9.9977129697799683e-01 -7.8224722528830171e-04 -2.1373070776462555e-02 1.6157970428466797e+00 1.0120000000000000e+03 1.9538534545898438e+02
9.9972909688949585e-01 2.3154400289058685e-02 -2.3609304334968328e-03 9.0095156431198120e-01 9.9933797121047974e-01 1.4532771892845631e-02 -3.3354014158248901e-02 9.5179140567779541e-01 2.1900000000000000e+03 8.5053520202636719e+01
-9.9928349256515503e-01 -3.5490937530994415e-02 1.3146384619176388e-02 1.4815962314605713e+00 -9.9987965822219849e-01 6.7017418332397938e-03 -1.3994248583912849e-02 1.6036601066589355e+00 1.6230000000000000e+03 2.0881884765625000e+02
9.9987876415252686e-01 1.5488737262785435e-02 1.5873112715780735e-03 8.8939839601516724e-01 9.9931538105010986e-01 1.4330556616187096e-02 -3.4107867628335953e-02 9.5114564895629883e-01 3.1870000000000000e+03 8.6010139465332031e+01
-9.9818176031112671e-01 -5.9074234217405319e-02 1.1979496106505394e-02 1.5164067745208740e+00 -9.9999564886093140e-01 1.9275862723588943e-03 -2.2537307813763618e-03 1.5625445842742920e+00 1.3060000000000000e+03 2.2639126586914062e+02
9.9958467483520508e-01 2.8535125777125359e-02 -4.0329573675990105e-03 9.0837621688842773e-01 9.9911308288574219e-01 1.8819667398929596e-02 -3.7668101489543915e-02 9.5243167877197266e-01 1.3550000000000000e+03 8.4957717895507812e+01
