9.9923545122146606e-01 -1.1417788482503965e-04 -3.9097670465707779e-02 9.0785765647888184e-01 9.9992984533309937e-01 -1.0503021068871021e-02 -5.4719676263630390e-03 9.1381055116653442e-01 1.3420000000000000e+03 9.3119224548339844e+01
9.9947327375411987e-01 -1.6732631484046578e-03 -3.2409057021141052e-02 9.0014708042144775e-01 9.9991959333419800e-01 1.2626995332539082e-02 1.2138377642259002e-03 9.0589648485183716e-01 1.6480000000000000e+03 8.4459991455078125e+01
-9.9921411275863647e-01 -3.0810249969363213e-02 2.4939559400081635e-02 1.4171743392944336e+00 -9.9969738721847534e-01 2.2533567622303963e-02 -9.8707592114806175e-03 1.5732707977294922e+00 1.4580000000000000e+03 2.0225442504882812e+02
9.9938601255416870e-01 1.0652181226760149e-03 -3.5020604729652405e-02 8.9995890855789185e-01 9.9999099969863892e-01 3.8991754408925772e-03 -1.6744176391512156e-03 9.1232371330261230e-01 3.4200000000000000e+03 7.8894096374511719e+01
-9.9883514642715454e-01 -3.6251489073038101e-02 3.1845320016145706e-02 1.4008067846298218e+00 -9.9993097782135010e-01 1.1648701503872871e-02 1.5499056316912174e-03 1.5195802450180054e+00 1.4440000000000000e+03 2.0378567504882812e+02
9.9946874380111694e-01 -2.6916791684925556e-03 -3.2479576766490936e-02 8.8761645555496216e-01 9.9991929531097412e-01 1.2673796154558659e-02 8.1396097084507346e-04 8.9939701557159424e-01 1.4690000000000000e+03 1.1703092193603516e+02
9.9960219860076904e-01 5.3316624835133553e-03 -2.7695739641785622e-02 8.8369041681289673e-01 9.9997442960739136e-01 5.2405484020709991e-03 -4.8742596991360188e-03 9.0694695711135864e-01 2.0020000000000000e+03 1.1185264587402344e+02
9.9928128719329834e-01 6.7693423479795456e-03 -3.7296678870916367e-02 8.9538288116455078e-01 9.9991255998611450e-01 -7.2898797225207090e-04 -1.3205777853727341e-02 9.0789830684661865e-01 2.1090000000000000e+03 1.0854054260253906e+02
9.9969089031219482e-01 1.2716514058411121e-02 -2.1364539861679077e-02 8.8280934095382690e-01 9.9999767541885376e-01 1.3520694337785244e-03 1.6872161068022251e-03 8.9115136861801147e-01 2.3280000000000000e+03 6.9066299438476562e+01
9.9964767694473267e-01 -6.0157822445034981e-03 -2.5854712352156639e-02 8.9237463474273682e-01 9.9964863061904907e-01 4.6515264548361301e-03 -2.6096250861883163e-02 9.4724899530410767e-01 2.1060000000000000e+03 8.4615837097167969e+01
9.9965000152587891e-01 -3.1066099181771278e-03 -2.6272211223840714e-02 8.8916480541229248e-01 9.9995368719100952e-01 6.9631179794669151e-03 -6.6426019184291363e-03 9.0546894073486328e-01 1.6880000000000000e+03 8.6467681884765625e+01
9.9963957071304321e-01 -7.5307912193238735e-03 -2.5768546387553215e-02 3.5616186261177063e-01 9.9992072582244873e-01 9.9024996161460876e-03 -7.7789812348783016e-03 3.6186265945434570e-01 1.1920000000000000e+03 9.4469238281250000e+01
-4.4782903045415878e-02 -8.2402837276458740e-01 -5.6477588415145874e-01 2.1399922370910645e+00 -7.5063027441501617e-02 5.2568793296813965e-01 -8.4735929965972900e-01 2.3163290023803711e+00 1.6030000000000000e+03 2.0998971557617188e+02
9.9971729516983032e-01 -1.3217367231845856e-02 -1.9762381911277771e-02 9.0296971797943115e-01 9.9996256828308105e-01 4.2643314227461815e-03 -7.5210598297417164e-03 9.0540242195129395e-01 1.7080000000000000e+03 1.2233255004882812e+02
9.9944341182708740e-01 -3.9047549944370985e-03 -3.3130660653114319e-02 9.1336208581924438e-01 9.9972778558731079e-01 1.6570597887039185e-02 -1.6427386552095413e-02 9.3179529905319214e-01 1.7680000000000000e+03 8.3924293518066406e+01
9.9951428174972534e-01 -6.4219697378575802e-03 -3.0497103929519653e-02 9.0021198987960815e-01 9.9904471635818481e-01 -1.3817812316119671e-02 -4.1455067694187164e-02 7.8980886936187744e-01 1.0780000000000000e+03 8.9619667053222656e+01
4.8090722411870956e-03 -3.3115148544311523e-01 -9.4356530904769897e-01 6.0947597026824951e-01 -1.4091740362346172e-02 9.3383389711380005e-01 -3.5742929577827454e-01 6.5346360206604004e-01 9.1870000000000000e+03 1.2496157836914062e+02
9.9957424402236938e-01 -4.2620470048859715e-04 -2.9172098264098167e-02 8.9157986640930176e-01 9.9983870983123779e-01 1.2471398338675499e-02 -1.2924226932227612e-02 9.2061060667037964e-01 2.5770000000000000e+03 8.6091873168945312e+01
9.9916481971740723e-01 -4.7632181085646152e-03 -4.0583252906799316e-02 9.1679197549819946e-01 9.9996501207351685e-01 3.2091501634567976e-03 -7.7266450971364975e-03 9.0006643533706665e-01 1.0310000000000000e+03 9.5776916503906250e+01
-2.3143982514739037e-02 -7.3830521106719971e-01 -6.7406958341598511e-01 1.4147125482559204e+00 -4.4909365475177765e-02 6.3030391931533813e-01 -7.7504849433898926e-01 1.5109559297561646e+00 2.8930000000000000e+03 1.9313258361816406e+02
-2.3143982514739037e-02 -7.3830521106719971e-01 -6.7406958341598511e-01 1.4147125482559204e+00 2.0237613469362259e-02 6.0624682903289795e-01 -7.9501903057098389e-01 1.4642750024795532e+00 1.0560000000000000e+03 1.9313258361816406e+02
-1.9538065418601036e-02 -8.1210726499557495e-01 -5.8318090438842773e-01 1.3396551609039307e+00 -2.6978131383657455e-02 5.4631799459457397e-01 -8.3714324235916138e-01 1.4472694396972656e+00 2.6760000000000000e+03 1.9206501770019531e+02
-1.6609905287623405e-02 -9.0292197465896606e-01 -4.2948344349861145e-01 1.3370296955108643e+00 -2.5950228795409203e-02 3.5762736201286316e-01 -9.3350368738174438e-01 1.4225409030914307e+00 1.5010000000000000e+03 2.1768887329101562e+02
-1.6609905287623405e-02 -9.0292197465896606e-01 -4.2948344349861145e-01 1.3370296955108643e+00 1.7469137907028198e-02 3.5777956247329712e-01 -9.3364268541336060e-01 1.3532042503356934e+00 1.2720000000000000e+03 2.1768887329101562e+02
9.9934625625610352e-01 -1.0902591049671173e-02 -3.4469719976186752e-02 9.0998494625091553e-01 9.9991023540496826e-01 1.1076959781348705e-03 -1.3355721719563007e-02 9.1243219375610352e-01 1.8880000000000000e+03 1.0213040161132812e+02
9.9860966205596924e-01 -1.9296832382678986e-02 -4.9054753035306931e-02 9.0038341283798218e-01 9.9985581636428833e-01 1.2879679910838604e-02 -1.1059238575398922e-02 8.9990675449371338e-01 3.1240000000000000e+03 1.0162644195556641e+02
9.9958992004394531e-01 1.2544752098619938e-02 -2.5742528960108757e-02 8.9025777578353882e-01 9.9997812509536743e-01 -6.5183262340724468e-03 -1.1562033323571086e-03 9.1057968139648438e-01 1.9980000000000000e+03 8.1000221252441406e+01
9.9951654672622681e-01 -8.8508967310190201e-03 -2.9806924983859062e-02 8.9564210176467896e-01 9.9998420476913452e-01 -2.6442836970090866e-03 -4.9588391557335854e-03 8.9538043737411499e-01 2.1030000000000000e+03 1.1867665100097656e+02
1.1206455528736115e-03 -5.9603810310363770e-01 -8.0295538902282715e-01 4.3259438872337341e-01 -9.1193486005067825e-03 7.4141985177993774e-01 -6.7097944021224976e-01 3.9537188410758972e-01 3.4260000000000000e+03 1.5425573730468750e+02
9.9922001361846924e-01 -9.9829845130443573e-03 -3.8207069039344788e-02 9.0783703327178955e-01 9.9997240304946899e-01 6.6214916296303272e-03 -3.3800757955759764e-03 9.1469347476959229e-01 2.2490000000000000e+03 1.1153040313720703e+02
9.9925577640533447e-01 -8.1584239378571510e-03 -3.7702571600675583e-02 9.0134567022323608e-01 9.9988776445388794e-01 9.7077218815684319e-03 -1.1407127603888512e-02 9.0327799320220947e-01 3.0140000000000000e+03 1.1591672515869141e+02
-9.9911224842071533e-01 -4.0410280227661133e-02 1.1907601729035378e-02 1.4491447210311890e+00 -9.9992477893829346e-01 1.2249131686985493e-02 4.9669633153825998e-04 1.5762466192245483e+00 1.3070000000000000e+03 2.1875210571289062e+02
9.9964874982833862e-01 -3.1446565408259630e-03 -2.6319220662117004e-02 8.9261442422866821e-01 9.9996262788772583e-01 8.1741064786911011e-03 2.8290266636759043e-03 8.8968813419342041e-01 1.1430000000000000e+03 1.2370444488525391e+02
-9.9941456317901611e-01 -3.4025207161903381e-02 3.5712232347577810e-03 1.4791326522827148e+00 -9.9968010187149048e-01 7.4403490871191025e-03 2.4175332859158516e-02 1.5092773437500000e+00 1.9460000000000000e+03 2.0233270263671875e+02
9.9952828884124756e-01 -5.2554891444742680e-03 -3.0259013175964355e-02 8.9563709497451782e-01 9.9998146295547485e-01 -1.4587698387913406e-04 -6.0724709182977676e-03 8.9652323722839355e-01 3.7080000000000000e+03 1.0759613800048828e+02
9.9962389469146729e-01 -7.5265846680849791e-04 -2.7415947988629341e-02 8.9472967386245728e-01 9.9995714426040649e-01 -8.5016898810863495e-03 -3.6619813181459904e-03 8.9179122447967529e-01 4.9060000000000000e+03 8.5583877563476562e+01
-9.9970561265945435e-01 -2.4261103942990303e-02 -4.9021310405805707e-04 1.4887371063232422e+00 -9.9754714965820312e-01 1.3159953989088535e-02 6.8749763071537018e-02 1.3618535995483398e+00 1.2400000000000000e+03 2.1340322875976562e+02
9.9956017732620239e-01 -4.1390670230612159e-04 -2.9655022546648979e-02 8.9383977651596069e-01 9.9996167421340942e-01 -5.6548123247921467e-03 -6.6814259625971317e-03 8.9567822217941284e-01 4.7160000000000000e+03 8.5204414367675781e+01
9.9944132566452026e-01 1.8919687136076391e-04 -3.3419232815504074e-02 8.9837473630905151e-01 9.9998462200164795e-01 -3.3427868038415909e-03 -4.4275890104472637e-03 8.9495420455932617e-01 3.9650000000000000e+03 8.4995376586914062e+01
9.9942255020141602e-01 -3.9210947579704225e-04 -3.3978167921304703e-02 8.9890521764755249e-01 9.9999636411666870e-01 -2.0813960582017899e-03 -1.7173485830426216e-03 8.9102220535278320e-01 3.8830000000000000e+03 8.5938171386718750e+01
9.9949115514755249e-01 6.0884171398356557e-04 -3.1889770179986954e-02 8.8950461149215698e-01 9.9999642372131348e-01 -1.8969156080856919e-03 -1.9024229841306806e-03 8.9405441284179688e-01 4.0070000000000000e+03 8.6771255493164062e+01
9.9956589937210083e-01 1.0394377750344574e-04 -2.9461719095706940e-02 8.8852328062057495e-01 9.9999958276748657e-01 -1.6210702597163618e-04 -9.3252962687984109e-04 8.8813841342926025e-01 4.0670000000000000e+03 8.2825393676757812e+01
9.9969023466110229e-01 -2.8019829187542200e-03 -2.4728635326027870e-02 8.9064425230026245e-01 9.9999082088470459e-01 -4.2262226343154907e-03 -7.9631246626377106e-04 8.8332766294479370e-01 4.4110000000000000e+03 7.9013954162597656e+01
9.9971324205398560e-01 -3.3554616384208202e-03 -2.3711282759904861e-02 8.8169896602630615e-01 9.9999183416366577e-01 -2.3244635667651892e-04 -4.0453621186316013e-03 8.8885688781738281e-01 3.2050000000000000e+03 7.9042015075683594e+01
9.9981755018234253e-01 3.7953691207803786e-04 -1.9098641350865364e-02 8.8142257928848267e-01 9.9995875358581543e-01 8.5512353107333183e-03 3.0597185250371695e-03 8.8355702161788940e-01 1.5720000000000000e+03 8.0011230468750000e+01
9.9963140487670898e-01 -2.5061687920242548e-03 -2.7031090110540390e-02 9.0078198909759521e-01 9.9997729063034058e-01 4.1176853701472282e-03 5.3336634300649166e-03 8.7980818748474121e-01 1.5500000000000000e+03 8.4372901916503906e+01
9.9936568737030029e-01 -2.2055036388337612e-03 -3.5542875528335571e-02 9.0426498651504517e-01 9.9997949600219727e-01 -5.1928665488958359e-03 -3.7521829362958670e-03 8.9746683835983276e-01 1.3540000000000000e+03 1.1105022430419922e+02
9.9932342767715454e-01 1.8030049977824092e-03 -3.6735318601131439e-02 9.0621590614318848e-01 9.9984627962112427e-01 -1.2350169941782951e-02 -1.2442474253475666e-02 9.0968859195709229e-01 1.4390000000000000e+03 1.1455766296386719e+02
5.6032678112387657e-03 -1.2934742867946625e-01 -9.9158352613449097e-01 8.5964739322662354e-01 3.6321625113487244e-02 9.9372786283493042e-01 -1.0576196014881134e-01 9.1135829687118530e-01 1.1850000000000000e+03 1.2436005401611328e+02
5.6032678112387657e-03 -1.2934742867946625e-01 -9.9158352613449097e-01 8.5964739322662354e-01 -2.6397408917546272e-02 9.9292045831680298e-01 -1.1581117659807205e-01 9.2056280374526978e-01 2.9350000000000000e+03 1.3699113464355469e+02
9.9961429834365845e-01 -1.2927399016916752e-02 -2.4580761790275574e-02 8.9843028783798218e-01 9.9998080730438232e-01 6.1094374395906925e-03 1.0752250673249364e-03 8.8904750347137451e-01 1.5010000000000000e+03 1.0490232086181641e+02
9.9966144561767578e-01 1.0171735193580389e-03 -2.6001533493399620e-02 8.9466536045074463e-01 9.9993419647216797e-01 -8.5077462717890739e-03 -7.7039897441864014e-03 9.1375827789306641e-01 1.2640000000000000e+03 7.2810920715332031e+01
9.9882602691650391e-01 -9.3779675662517548e-03 -4.7526065260171890e-02 9.0660548210144043e-01 9.9975913763046265e-01 1.3017617166042328e-02 -1.7667926847934723e-02 9.1349709033966064e-01 4.9730000000000000e+03 8.5260940551757812e+01
9.9970000982284546e-01 2.7622543275356293e-03 -2.4339176714420319e-02 8.8322097063064575e-01 9.9986952543258667e-01 1.4655154198408127e-02 6.8008443340659142e-03 8.8816416263580322e-01 1.8440000000000000e+03 9.7010269165039062e+01
4.5203124172985554e-03 -2.2174128890037537e-01 -9.7509509325027466e-01 8.4873735904693604e-01 -2.4958403781056404e-02 9.4785857200622559e-01 -3.1771254539489746e-01 9.0557062625885010e-01 5.6810000000000000e+03 1.4613412475585938e+02
9.9965089559555054e-01 -5.0160516984760761e-03 -2.5940036401152611e-02 8.9402902126312256e-01 9.9989318847656250e-01 1.3253930956125259e-02 6.1505115590989590e-03 8.9139199256896973e-01 1.3550000000000000e+03 1.0884310150146484e+02
-4.4353511184453964e-03 -1.8327453732490540e-01 -9.8305177688598633e-01 1.2655661106109619e+00 -5.5773973464965820e-02 9.7557002305984497e-01 -2.1249106526374817e-01 1.3767638206481934e+00 1.3870000000000000e+03 1.5906892395019531e+02
9.9906200170516968e-01 -6.2678386457264423e-03 -4.2845774441957474e-02 9.0737897157669067e-01 9.9990487098693848e-01 -1.1181531008332968e-03 -1.3742706738412380e-02 9.1578489542007446e-01 3.5280000000000000e+03 8.4746978759765625e+01
9.9956071376800537e-01 -1.2006410397589207e-02 -2.7095211669802666e-02 8.8914895057678223e-01 9.9970430135726929e-01 2.4066831916570663e-02 3.4679498057812452e-03 8.8787472248077393e-01 1.4830000000000000e+03 1.0988179016113281e+02
9.9965548515319824e-01 -9.8642939701676369e-04 -2.6227654889225960e-02 8.9137649536132812e-01 9.9999755620956421e-01 1.4138185651972890e-03 1.7067565349861979e-03 8.8912606239318848e-01 3.0160000000000000e+03 1.0059048461914062e+02
9.9957811832427979e-01 -2.5548681151121855e-03 -2.8931362554430962e-02 8.9415037631988525e-01 9.9999266862869263e-01 -2.2256409283727407e-03 -3.1227443832904100e-03 8.9479440450668335e-01 4.3820000000000000e+03 9.7227752685546875e+01
-9.9892795085906982e-01 -4.4372871518135071e-02 1.3197115622460842e-02 1.4826719760894775e+00 -9.9996167421340942e-01 7.2463359683752060e-03 -4.9085067585110664e-03 1.5810177326202393e+00 1.9090000000000000e+03 2.1209324645996094e+02
9.9938523769378662e-01 1.9612840842455626e-03 -3.5004913806915283e-02 8.9656400680541992e-01 9.9999928474426270e-01 2.9270121012814343e-04 -1.1444451520219445e-03 8.9671820402145386e-01 5.0650000000000000e+03 9.1102668762207031e+01
-9.9922633171081543e-01 -3.5342697054147720e-02 1.7252838239073753e-02 1.4746444225311279e+00 -9.9999368190765381e-01 2.8612436726689339e-03 -2.0972178317606449e-03 1.5624446868896484e+00 2.0000000000000000e+03 2.0498049926757812e+02
9.9937862157821655e-01 -2.3406646214425564e-03 -3.5170398652553558e-02 8.9832371473312378e-01 9.9999421834945679e-01 3.0252223950810730e-04 -3.3845370635390282e-03 8.9062911272048950e-01 5.0450000000000000e+03 8.9094543457031250e+01
-9.9980694055557251e-01 -1.7938055098056793e-02 -8.0204047262668610e-03 1.5577118396759033e+00 -9.9999177455902100e-01 -2.2591662127524614e-03 3.3868884202092886e-03 1.5600762367248535e+00 2.2460000000000000e+03 1.9159593200683594e+02
9.9944072961807251e-01 4.6161684440448880e-04 -3.3436920493841171e-02 8.9915925264358521e-01 9.9998801946640015e-01 -4.3799211271107197e-03 -2.2047653328627348e-03 8.9236766099929810e-01 4.6270000000000000e+03 8.8347450256347656e+01
-9.9954640865325928e-01 -3.0115419998764992e-02 -1.8033962987829000e-04 1.5168772935867310e+00 -9.9987679719924927e-01 4.7467411495745182e-03 1.4963065274059772e-02 1.5192762613296509e+00 1.8920000000000000e+03 2.0074690246582031e+02
9.9942779541015625e-01 1.4445482520386577e-03 -3.3794619143009186e-02 8.9720690250396729e-01 9.9998939037322998e-01 -4.4031748548150063e-03 -1.3314125826582313e-03 8.9102053642272949e-01 5.0210000000000000e+03 8.9452667236328125e+01
-9.9951320886611938e-01 -2.9794363304972649e-02 9.2497011646628380e-03 1.4864522218704224e+00 -9.9984043836593628e-01 -6.3243433833122253e-03 1.6706053167581558e-02 1.5239188671112061e+00 1.5910000000000000e+03 2.1607794189453125e+02
9.9947369098663330e-01 2.3425823019351810e-04 -3.2437872141599655e-02 8.9633524417877197e-01 9.9999260902404785e-01 -2.8441424947232008e-03 -2.5840422604233027e-03 8.9062154293060303e-01 5.0620000000000000e+03 8.6116218566894531e+01
-9.9940931797027588e-01 -3.2433524727821350e-02 1.1357696726918221e-02 1.4748407602310181e+00 -9.9974757432937622e-01 2.2798439022153616e-03 2.2351996973156929e-02 1.5146178007125854e+00 1.7590000000000000e+03 2.0393803405761719e+02
9.9935197830200195e-01 3.0775526538491249e-03 -3.5861268639564514e-02 8.9754176139831543e-01 9.9999952316284180e-01 -4.3504277709871531e-04 -9.3045388348400593e-04 8.8951069116592407e-01 4.8790000000000000e+03 8.5153572082519531e+01
9.9940210580825806e-01 2.8479194734245539e-03 -3.4459583461284637e-02 8.9771991968154907e-01 9.9998170137405396e-01 -4.3641895172186196e-04 6.0384552925825119e-03 8.7925112247467041e-01 2.7760000000000000e+03 8.0451370239257812e+01
9.9961566925048828e-01 -1.1551219504326582e-03 -2.7696872130036354e-02 8.8471519947052002e-01 9.9997246265411377e-01 5.9070787392556667e-03 -4.4998750090599060e-03 9.0171021223068237e-01 2.2390000000000000e+03 1.0897901916503906e+02
9.9940890073776245e-01 -3.4800411667674780e-03 -3.4201223403215408e-02 8.9408004283905029e-01 9.9998992681503296e-01 4.4813384301960468e-03 3.2545969588682055e-04 8.7742102146148682e-01 2.1050000000000000e+03 9.5265968322753906e+01
9.9954396486282349e-01 1.5442193485796452e-02 -2.5950685143470764e-02 8.8229149580001831e-01 9.9998831748962402e-01 -4.7679170966148376e-03 7.8460579970851541e-04 8.8499891757965088e-01 2.2980000000000000e+03 1.0784595489501953e+02
2.4868997279554605e-03 -1.7248106002807617e-01 -9.8500967025756836e-01 5.2696549892425537e-01 -1.3969214633107185e-02 9.8363274335861206e-01 -1.7964272201061249e-01 5.9303057193756104e-01 6.6830000000000000e+03 1.1728909301757812e+02
9.9940139055252075e-01 -1.0402309708297253e-03 -3.4580986946821213e-02 8.9855164289474487e-01 9.9984657764434814e-01 1.5070251189172268e-02 -8.9273368939757347e-03 9.1010260581970215e-01 2.5260000000000000e+03 8.3058197021484375e+01
9.9887555837631226e-01 -2.3392336443066597e-03 -4.7352284193038940e-02 9.2545294761657715e-01 9.9997740983963013e-01 4.1981539689004421e-03 -5.2601783536374569e-03 8.9286333322525024e-01 1.8640000000000000e+03 9.5385726928710938e+01
9.9966394901275635e-01 -6.7813699133694172e-03 -2.5018302723765373e-02 8.9322769641876221e-01 9.9965566396713257e-01 -1.8589584156870842e-02 -1.8519079312682152e-02 9.2386245727539062e-01 2.0710000000000000e+03 9.6247535705566406e+01
9.9942111968994141e-01 -4.4547403231263161e-03 -3.3727210015058517e-02 8.9243012666702271e-01 9.9989944696426392e-01 1.4170357957482338e-02 4.8640061868354678e-04 8.9549827575683594e-01 1.2180000000000000e+03 1.1199753570556641e+02
9.9829041957855225e-01 -8.9610517024993896e-03 -5.7757161557674408e-02 9.1257417201995850e-01 9.9985182285308838e-01 1.6042774543166161e-02 -6.2443171627819538e-03 9.0189033746719360e-01 1.7860000000000000e+03 1.0759742736816406e+02
9.9958926439285278e-01 1.8600607290863991e-03 -2.8597496449947357e-02 8.9616781473159790e-01 9.9993985891342163e-01 8.3396676927804947e-03 7.1189515292644501e-03 9.1019433736801147e-01 2.6150000000000000e+03 9.5387023925781250e+01
-9.9867850542068481e-01 -4.5361075550317764e-02 2.4161024019122124e-02 1.4216237068176270e+00 -9.9979114532470703e-01 4.6843015588819981e-03 1.9892487674951553e-02 1.4826079607009888e+00 1.1370000000000000e+03 2.1948637390136719e+02
9.9961507320404053e-01 -1.5905909240245819e-02 -2.2732293233275414e-02 8.9304751157760620e-01 9.9997538328170776e-01 -4.9461238086223602e-03 -4.9818884581327438e-03 9.1160643100738525e-01 1.5180000000000000e+03 1.2727140808105469e+02
-9.9949455261230469e-01 -3.0603935942053795e-02 -8.6052436381578445e-03 1.5133966207504272e+00 -9.9815326929092407e-01 9.1558722779154778e-03 6.0050684958696365e-02 1.3722989559173584e+00 1.4730000000000000e+03 2.0889816284179688e+02
9.9965375661849976e-01 -3.7461114116013050e-03 -2.6042569428682327e-02 8.9340591430664062e-01 9.9996310472488403e-01 -7.5354063883423805e-03 -4.1308463551104069e-03 8.9907300472259521e-01 4.5300000000000000e+03 9.2545364379882812e+01
9.9958115816116333e-01 6.6539848921820521e-04 -2.8931535780429840e-02 8.9338934421539307e-01 9.9996358156204224e-01 -6.1484342440962791e-03 -5.9209596365690231e-03 9.0558898448944092e-01 4.3770000000000000e+03 8.5347747802734375e+01
9.9956077337265015e-01 8.9220696827396750e-04 -2.9623139649629593e-02 8.9467221498489380e-01 9.9999368190765381e-01 -3.1705128494650126e-03 -1.6241100383922458e-03 8.9374315738677979e-01 4.0060000000000000e+03 8.4780296325683594e+01
9.9942737817764282e-01 -1.1129479389637709e-03 -3.3817455172538757e-02 9.0075087547302246e-01 9.9992340803146362e-01 1.2181883677840233e-02 2.1769644226878881e-03 8.9260852336883545e-01 1.7730000000000000e+03 8.5099243164062500e+01
9.9938517808914185e-01 -1.1713447747752070e-03 -3.5041902214288712e-02 8.9708507061004639e-01 9.9999737739562988e-01 2.1713961905334145e-04 -2.3007565177977085e-03 8.9530158042907715e-01 4.7810000000000000e+03 8.4452354431152344e+01
