9.9973016977310181e-01 -4.6310964971780777e-03 2.2762497887015343e-02 8.9273905754089355e-01 9.9992984533309937e-01 -1.0503021068871021e-02 -5.4719676263630390e-03 9.1381055116653442e-01 1.3130000000000000e+03 9.3119224548339844e+01
9.9986135959625244e-01 1.0137180797755718e-03 1.6617294400930405e-02 9.0506345033645630e-01 9.9991959333419800e-01 1.2626995332539082e-02 1.2138377642259002e-03 9.0589648485183716e-01 1.6480000000000000e+03 7.9086898803710938e+01
-9.9895757436752319e-01 -4.5620951801538467e-02 -1.5875948593020439e-03 1.5391640663146973e+00 -9.9969738721847534e-01 2.2533567622303963e-02 -9.8707592114806175e-03 1.5732707977294922e+00 1.2850000000000000e+03 1.9516809082031250e+02
9.9987882375717163e-01 -6.1512598767876625e-03 1.4298433437943459e-02 9.0518438816070557e-01 9.9999099969863892e-01 3.8991754408925772e-03 -1.6744176391512156e-03 9.1232371330261230e-01 3.4200000000000000e+03 8.2254615783691406e+01
-9.9956959486007690e-01 -2.8804853558540344e-02 -5.5541270412504673e-03 1.5728666782379150e+00 -9.9993097782135010e-01 1.1648701503872871e-02 1.5499056316912174e-03 1.5195802450180054e+00 1.4440000000000000e+03 2.0183601379394531e+02
9.9993610382080078e-01 -2.9926747083663940e-03 1.0898591019213200e-02 9.0783071517944336e-01 9.9987351894378662e-01 1.5726059675216675e-02 2.3905443958938122e-03 9.0989881753921509e-01 1.7600000000000000e+03 8.5580406188964844e+01
9.9989241361618042e-01 -3.1559499911963940e-03 1.4318690635263920e-02 9.0814483165740967e-01 9.9991929531097412e-01 1.2673796154558659e-02 8.1396097084507346e-04 8.9939701557159424e-01 1.4690000000000000e+03 8.6401275634765625e+01
9.9997001886367798e-01 9.4721595814917237e-05 7.7372333034873009e-03 9.1302859783172607e-01 9.9997442960739136e-01 5.2405484020709991e-03 -4.8742596991360188e-03 9.0694695711135864e-01 2.3650000000000000e+03 8.5432136535644531e+01
9.9989080429077148e-01 1.2016181135550141e-03 1.4731650240719318e-02 9.0390902757644653e-01 9.9991255998611450e-01 -7.2898797225207090e-04 -1.3205777853727341e-02 9.0789830684661865e-01 3.8530000000000000e+03 9.6759757995605469e+01
9.9996477365493774e-01 5.4013071348890662e-04 8.3824880421161652e-03 9.0239459276199341e-01 9.9999767541885376e-01 1.3520694337785244e-03 1.6872161068022251e-03 8.9115136861801147e-01 2.3280000000000000e+03 9.0665214538574219e+01
9.9965268373489380e-01 -2.5748977437615395e-02 5.6141652166843414e-03 9.0506064891815186e-01 9.9982047080993652e-01 -1.5524496324360371e-02 1.0872391983866692e-02 8.9595037698745728e-01 1.3030000000000000e+03 1.2438756561279297e+02
9.9983757734298706e-01 1.1181826703250408e-03 1.7985293641686440e-02 8.9604330062866211e-01 9.9964863061904907e-01 4.6515264548361301e-03 -2.6096250861883163e-02 9.4724899530410767e-01 2.1060000000000000e+03 9.1410362243652344e+01
9.9980413913726807e-01 -7.8577101230621338e-03 1.8161697313189507e-02 8.9435636997222900e-01 9.9995368719100952e-01 6.9631179794669151e-03 -6.6426019184291363e-03 9.0546894073486328e-01 1.6880000000000000e+03 1.2160240173339844e+02
9.9995201826095581e-01 7.5913141481578350e-03 6.1928941868245602e-03 9.1420090198516846e-01 9.9996256828308105e-01 4.2643314227461815e-03 -7.5210598297417164e-03 9.0540242195129395e-01 2.4730000000000000e+03 7.5549209594726562e+01
9.9993920326232910e-01 1.6415407881140709e-03 1.0904749855399132e-02 9.0972995758056641e-01 9.9972778558731079e-01 1.6570597887039185e-02 -1.6427386552095413e-02 9.3179529905319214e-01 1.7680000000000000e+03 6.3062519073486328e+01
9.9991863965988159e-01 8.5104235040489584e-05 1.2754257768392563e-02 9.1081744432449341e-01 9.9904471635818481e-01 -1.3817812316119671e-02 -4.1455067694187164e-02 7.8980886936187744e-01 1.0780000000000000e+03 8.9619667053222656e+01
9.9997049570083618e-01 2.4092562962323427e-03 -7.2869253344833851e-03 9.1281050443649292e-01 9.9997782707214355e-01 -6.5233890200033784e-04 6.6210576333105564e-03 9.0608125925064087e-01 1.8660000000000000e+03 8.5514236450195312e+01
9.9986189603805542e-01 1.6159118385985494e-03 1.6542833298444748e-02 9.0860885381698608e-01 9.9983870983123779e-01 1.2471398338675499e-02 -1.2924226932227612e-02 9.2061060667037964e-01 2.5770000000000000e+03 6.1786891937255859e+01
9.9998170137405396e-01 -1.6636934597045183e-03 5.8205914683640003e-03 9.2308264970779419e-01 9.9996501207351685e-01 3.2091501634567976e-03 -7.7266450971364975e-03 9.0006643533706665e-01 1.5310000000000000e+03 6.8438125610351562e+01
9.9972850084304810e-01 5.0585730932652950e-03 2.2743709385395050e-02 8.8248717784881592e-01 9.9996918439865112e-01 -3.6735187750309706e-03 -6.9400705397129059e-03 8.9631962776184082e-01 1.1080000000000000e+03 6.6900825500488281e+01
9.9981135129928589e-01 -2.2298307158052921e-03 1.9294448196887970e-02 8.9276844263076782e-01 9.9997109174728394e-01 5.9635271318256855e-03 -4.7311857342720032e-03 9.0818536281585693e-01 1.2540000000000000e+03 9.8210525512695312e+01
9.9928843975067139e-01 -1.0866774246096611e-02 3.6120627075433731e-02 8.9649528264999390e-01 9.9985581636428833e-01 1.2879679910838604e-02 -1.1059238575398922e-02 8.9990675449371338e-01 4.3850000000000000e+03 8.3553024291992188e+01
9.9993282556533813e-01 -1.2028963537886739e-03 1.1534419842064381e-02 8.9213472604751587e-01 9.9997812509536743e-01 -6.5183262340724468e-03 -1.1562033323571086e-03 9.1057968139648438e-01 2.0880000000000000e+03 8.1000221252441406e+01
-9.9996006488800049e-01 -8.8883200660347939e-03 -9.8720705136656761e-04 1.5080089569091797e+00 -9.9999415874481201e-01 -2.8249141760170460e-03 -1.9468155223876238e-03 1.5445424318313599e+00 1.1890000000000000e+03 2.0165010070800781e+02
9.9973857402801514e-01 8.4787569940090179e-03 2.1233817562460899e-02 8.9117395877838135e-01 9.9998420476913452e-01 -2.6442836970090866e-03 -4.9588391557335854e-03 8.9538043737411499e-01 2.9660000000000000e+03 8.9694335937500000e+01
-9.9931323528289795e-01 -3.6589320749044418e-02 -5.8556701987981796e-03 1.4819773435592651e+00 -9.9998128414154053e-01 -3.4874598495662212e-03 5.0331214442849159e-03 1.5721110105514526e+00 1.3620000000000000e+03 1.9786262512207031e+02
9.9989539384841919e-01 -1.4414905570447445e-02 -1.1567003093659878e-03 9.0933108329772949e-01 9.9991250038146973e-01 1.6769978683441877e-03 1.3122994452714920e-02 9.1284656524658203e-01 2.7270000000000000e+03 7.2335105895996094e+01
-9.9981069564819336e-01 -1.5464236028492451e-02 1.1813356541097164e-02 1.5544123649597168e+00 -9.9966728687286377e-01 1.3907228596508503e-02 -2.1722033619880676e-02 1.4838632345199585e+00 1.7560000000000000e+03 1.7720558166503906e+02
9.9985355138778687e-01 -4.2640715837478638e-03 1.6574859619140625e-02 9.0458691120147705e-01 9.9997240304946899e-01 6.6214916296303272e-03 -3.3800757955759764e-03 9.1469347476959229e-01 2.2490000000000000e+03 7.2233558654785156e+01
9.9955326318740845e-01 -2.0539911463856697e-02 2.1711245179176331e-02 9.0170538425445557e-01 9.9988776445388794e-01 9.7077218815684319e-03 -1.1407127603888512e-02 9.0327799320220947e-01 1.3620000000000000e+03 1.2784507751464844e+02
9.9990117549896240e-01 -3.0018626712262630e-03 1.3734446838498116e-02 8.8879877328872681e-01 9.9996262788772583e-01 8.1741064786911011e-03 2.8290266636759043e-03 8.8968813419342041e-01 1.1430000000000000e+03 7.2137382507324219e+01
9.9996227025985718e-01 -2.1881542634218931e-03 8.4073664620518684e-03 9.1286414861679077e-01 9.9998146295547485e-01 -1.4587698387913406e-04 -6.0724709182977676e-03 8.9652323722839355e-01 3.7080000000000000e+03 8.0092880249023438e+01
9.9998807907104492e-01 1.2141856132075191e-03 4.7319270670413971e-03 9.1644245386123657e-01 9.9995714426040649e-01 -8.5016898810863495e-03 -3.6619813181459904e-03 8.9179122447967529e-01 4.9060000000000000e+03 8.3579544067382812e+01
-9.9981403350830078e-01 -1.8949812278151512e-02 3.5841250792145729e-03 1.2181084156036377e+00 -9.9754714965820312e-01 1.3159953989088535e-02 6.8749763071537018e-02 1.3618535995483398e+00 1.2400000000000000e+03 2.1340322875976562e+02
9.9993318319320679e-01 -6.3797365874052048e-04 1.1541671119630337e-02 9.0717941522598267e-01 9.9996167421340942e-01 -5.6548123247921467e-03 -6.6814259625971317e-03 8.9567822217941284e-01 4.7160000000000000e+03 8.6262588500976562e+01
9.9991810321807861e-01 -3.5451767034828663e-03 1.2292626313865185e-02 9.0309000015258789e-01 9.9998462200164795e-01 -3.3427868038415909e-03 -4.4275890104472637e-03 8.9495420455932617e-01 3.9650000000000000e+03 8.7043136596679688e+01
9.9994415044784546e-01 -3.0926335602998734e-03 1.0105939581990242e-02 9.0400832891464233e-01 9.9999636411666870e-01 -2.0813960582017899e-03 -1.7173485830426216e-03 8.9102220535278320e-01 3.8830000000000000e+03 8.4245536804199219e+01
9.9993461370468140e-01 -5.6980308145284653e-03 9.9154533818364143e-03 9.0459924936294556e-01 9.9999642372131348e-01 -1.8969156080856919e-03 -1.9024229841306806e-03 8.9405441284179688e-01 4.0070000000000000e+03 8.4639503479003906e+01
9.9994307756423950e-01 -2.7892629150301218e-03 1.0292557068169117e-02 9.0320187807083130e-01 9.9999958276748657e-01 -1.6210702597163618e-04 -9.3252962687984109e-04 8.8813841342926025e-01 4.0670000000000000e+03 8.5201835632324219e+01
9.9996209144592285e-01 1.4690599637106061e-03 8.5831917822360992e-03 9.0272581577301025e-01 9.9999082088470459e-01 -4.2262226343154907e-03 -7.9631246626377106e-04 8.8332766294479370e-01 4.4110000000000000e+03 8.6479354858398438e+01
9.9992537498474121e-01 -2.0911991596221924e-03 1.2034333311021328e-02 9.0271985530853271e-01 9.9999183416366577e-01 -2.3244635667651892e-04 -4.0453621186316013e-03 8.8885688781738281e-01 3.2050000000000000e+03 8.5357406616210938e+01
9.9993520975112915e-01 -2.5802478194236755e-03 1.1089652776718140e-02 8.9680087566375732e-01 9.9995875358581543e-01 8.5512353107333183e-03 3.0597185250371695e-03 8.8355702161788940e-01 1.5720000000000000e+03 8.6254966735839844e+01
9.9996274709701538e-01 9.0540776727721095e-04 8.5858488455414772e-03 9.0177327394485474e-01 9.9997729063034058e-01 4.1176853701472282e-03 5.3336634300649166e-03 8.7980818748474121e-01 2.6570000000000000e+03 8.6957145690917969e+01
9.9992609024047852e-01 -5.5780257098376751e-03 1.0807836428284645e-02 9.0411978960037231e-01 9.9998819828033447e-01 2.6017302297987044e-04 -4.8428680747747421e-03 8.9912360906600952e-01 3.1550000000000000e+03 8.6737800598144531e+01
9.9993556737899780e-01 -5.2206953987479210e-03 1.0078771039843559e-02 8.9791762828826904e-01 9.9997949600219727e-01 -5.1928665488958359e-03 -3.7521829362958670e-03 8.9746683835983276e-01 3.6280000000000000e+03 8.4822731018066406e+01
9.9994671344757080e-01 -6.4120127353817225e-04 1.0301665402948856e-02 8.9895737171173096e-01 9.9984627962112427e-01 -1.2350169941782951e-02 -1.2442474253475666e-02 9.0968859195709229e-01 1.4390000000000000e+03 8.4937355041503906e+01
9.9998420476913452e-01 1.5259577194228768e-03 5.4093278013169765e-03 9.0007215738296509e-01 9.9996519088745117e-01 -8.1689767539501190e-03 -1.6832157270982862e-03 9.0023070573806763e-01 3.3750000000000000e+03 9.1097267150878906e+01
9.9992078542709351e-01 -2.9505125712603331e-04 1.2580961920320988e-02 9.0883660316467285e-01 9.9998080730438232e-01 6.1094374395906925e-03 1.0752250673249364e-03 8.8904750347137451e-01 1.5010000000000000e+03 8.3744445800781250e+01
9.9928027391433716e-01 -7.3351599276065826e-03 3.7216767668724060e-02 8.9602577686309814e-01 9.9975913763046265e-01 1.3017617166042328e-02 -1.7667926847934723e-02 9.1349709033966064e-01 2.3860000000000000e+03 8.9787513732910156e+01
9.9992197751998901e-01 -2.9610558412969112e-03 1.2133132666349411e-02 8.9471864700317383e-01 9.9986952543258667e-01 1.4655154198408127e-02 6.8008443340659142e-03 8.8816416263580322e-01 1.8440000000000000e+03 1.1285791015625000e+02
9.9993687868118286e-01 3.0889313202351332e-03 1.0794893838465214e-02 8.9967733621597290e-01 9.9989318847656250e-01 1.3253930956125259e-02 6.1505115590989590e-03 8.9139199256896973e-01 1.3550000000000000e+03 7.9145782470703125e+01
9.9969005584716797e-01 2.2571675945073366e-03 2.4793427437543869e-02 9.0371835231781006e-01 9.9990487098693848e-01 -1.1181531008332968e-03 -1.3742706738412380e-02 9.1578489542007446e-01 2.5910000000000000e+03 8.4746978759765625e+01
8.6792614310979843e-03 7.1877813339233398e-01 -6.9518530368804932e-01 6.0537600517272949e-01 8.4936572238802910e-03 -9.9881142377853394e-01 -4.7995701432228088e-02 6.3850843906402588e-01 3.8850000000000000e+03 1.8474517822265625e+02
-3.6203254014253616e-02 9.9929803609848022e-01 9.6329776570200920e-03 1.0234217643737793e+00 -1.5139828436076641e-02 -6.1217296123504639e-01 -7.9057896137237549e-01 1.1199070215225220e+00 1.4100000000000000e+03 1.2819929504394531e+02
-3.6203254014253616e-02 9.9929803609848022e-01 9.6329776570200920e-03 1.0234217643737793e+00 4.9402210861444473e-03 -6.6258788108825684e-01 -7.4896800518035889e-01 9.7685813903808594e-01 1.4100000000000000e+03 1.6658888244628906e+02
-2.6108054444193840e-02 9.9958401918411255e-01 1.2251371517777443e-02 9.7456336021423340e-01 -1.3512728735804558e-02 -6.8472903966903687e-01 -7.2867244482040405e-01 9.3719518184661865e-01 1.6310000000000000e+03 1.2366033172607422e+02
-2.8059966862201691e-02 9.9948126077651978e-01 1.5804594382643700e-02 9.8420506715774536e-01 -3.3020854461938143e-03 -6.7847341299057007e-01 -7.3461765050888062e-01 9.3008601665496826e-01 1.0320000000000000e+03 1.3662748718261719e+02
-1.8951740115880966e-02 9.9971944093704224e-01 1.4208984561264515e-02 9.8453414440155029e-01 3.6657208111137152e-03 -6.7627948522567749e-01 -7.3663610219955444e-01 9.1682237386703491e-01 1.3760000000000000e+03 1.3898091125488281e+02
-2.3668078705668449e-02 9.9943119287490845e-01 2.4021143093705177e-02 9.4087696075439453e-01 -1.1322746984660625e-02 -6.4074498414993286e-01 -7.6767039299011230e-01 1.0506764650344849e+00 1.9550000000000000e+03 1.2121432495117188e+02
-2.3668078705668449e-02 9.9943119287490845e-01 2.4021143093705177e-02 9.4087696075439453e-01 2.7214724104851484e-03 -6.7136824131011963e-01 -7.4111896753311157e-01 8.9865195751190186e-01 1.9550000000000000e+03 1.5203485107421875e+02
-1.6236498951911926e-02 9.7317165136337280e-01 -2.2950683534145355e-01 8.8948643207550049e-01 -3.9132949896156788e-03 -8.5962355136871338e-01 -5.1091301441192627e-01 7.8507196903228760e-01 1.9310000000000000e+03 1.2748316955566406e+02
-1.6236498951911926e-02 9.7317165136337280e-01 -2.2950683534145355e-01 8.8948643207550049e-01 2.4226629175245762e-03 -8.0855882167816162e-01 -5.8841043710708618e-01 9.8773974180221558e-01 4.6080000000000000e+03 1.6708276367187500e+02
9.9985796213150024e-01 3.3195063006132841e-03 1.6521813347935677e-02 8.9561998844146729e-01 9.9970430135726929e-01 2.4066831916570663e-02 3.4679498057812452e-03 8.8787472248077393e-01 1.4830000000000000e+03 9.7519271850585938e+01
-7.4088932015001774e-03 9.2497485876083374e-01 -3.7995588779449463e-01 1.0354655981063843e+00 1.8680714070796967e-02 -9.5333212614059448e-01 -3.0134493112564087e-01 8.5983425378799438e-01 2.6970000000000000e+03 1.8688134765625000e+02
9.9998819828033447e-01 -5.6913797743618488e-04 4.8180641606450081e-03 9.0499496459960938e-01 9.9999755620956421e-01 1.4138185651972890e-03 1.7067565349861979e-03 8.8912606239318848e-01 3.0160000000000000e+03 1.0195511627197266e+02
9.9997210502624512e-01 -4.9367896281182766e-03 5.5993143469095230e-03 9.1280788183212280e-01 9.9999266862869263e-01 -2.2256409283727407e-03 -3.1227443832904100e-03 8.9479440450668335e-01 3.0010000000000000e+03 1.0157680511474609e+02
9.9992239475250244e-01 -8.9866286143660545e-03 8.6292913183569908e-03 9.1001790761947632e-01 9.9999928474426270e-01 2.9270121012814343e-04 -1.1444451520219445e-03 8.9671820402145386e-01 4.2270000000000000e+03 9.1335700988769531e+01
-9.9996250867843628e-01 -7.6305149123072624e-03 4.0978547185659409e-03 1.6039460897445679e+00 -9.9999368190765381e-01 2.8612436726689339e-03 -2.0972178317606449e-03 1.5624446868896484e+00 1.2130000000000000e+03 2.3259109497070312e+02
9.9989342689514160e-01 -6.2254806980490685e-03 1.3206154108047485e-02 9.0331411361694336e-01 9.9999421834945679e-01 3.0252223950810730e-04 -3.3845370635390282e-03 8.9062911272048950e-01 4.7580000000000000e+03 8.8762718200683594e+01
9.6908817067742348e-03 8.6657780408859253e-01 -4.9894794821739197e-01 2.0758049488067627e+00 1.2704607099294662e-02 -9.6954476833343506e-01 -2.4458442628383636e-01 1.8844274282455444e+00 1.1800000000000000e+03 1.8792626953125000e+02
-9.9967700242996216e-01 -2.3280914872884750e-02 1.0190161876380444e-02 1.5779492855072021e+00 -9.9999177455902100e-01 -2.2591662127524614e-03 3.3868884202092886e-03 1.5600762367248535e+00 1.0750000000000000e+03 2.1898512268066406e+02
9.9993753433227539e-01 -3.4115952439606190e-03 1.0646974667906761e-02 8.9975345134735107e-01 9.9998801946640015e-01 -4.3799211271107197e-03 -2.2047653328627348e-03 8.9236766099929810e-01 4.6270000000000000e+03 8.8231887817382812e+01
-9.9961948394775391e-01 -2.4804210290312767e-02 1.2065121904015541e-02 1.5807716846466064e+00 -9.9987679719924927e-01 4.7467411495745182e-03 1.4963065274059772e-02 1.5192762613296509e+00 1.1590000000000000e+03 2.1886280822753906e+02
9.9996066093444824e-01 -3.8178989198058844e-03 8.0080265179276466e-03 9.0590816736221313e-01 9.9998939037322998e-01 -4.4031748548150063e-03 -1.3314125826582313e-03 8.9102053642272949e-01 5.0210000000000000e+03 8.6195945739746094e+01
-9.9978095293045044e-01 -1.9243154674768448e-02 8.2303695380687714e-03 1.5877591371536255e+00 -9.9984043836593628e-01 -6.3243433833122253e-03 1.6706053167581558e-02 1.5239188671112061e+00 1.3240000000000000e+03 2.1607794189453125e+02
9.9997091293334961e-01 -1.7830125289037824e-03 7.4115423485636711e-03 9.0886175632476807e-01 9.9999260902404785e-01 -2.8441424947232008e-03 -2.5840422604233027e-03 8.9062154293060303e-01 5.0620000000000000e+03 8.5873428344726562e+01
9.9993765354156494e-01 -3.1980280764400959e-03 1.0709602385759354e-02 9.0250343084335327e-01 9.9999952316284180e-01 -4.3504277709871531e-04 -9.3045388348400593e-04 8.8951069116592407e-01 4.8790000000000000e+03 8.6338058471679688e+01
9.9996280670166016e-01 -3.3502595033496618e-03 7.9522803425788879e-03 9.0284514427185059e-01 9.9998170137405396e-01 -4.3641895172186196e-04 6.0384552925825119e-03 8.7925112247467041e-01 2.7760000000000000e+03 8.6305549621582031e+01
9.9990421533584595e-01 -4.3049678206443787e-03 1.3153893873095512e-02 9.0067303180694580e-01 9.9975728988647461e-01 1.7105687409639359e-02 1.3887396082282066e-02 8.7319016456604004e-01 1.1180000000000000e+03 8.6493545532226562e+01
9.9991786479949951e-01 -2.6529622264206409e-03 1.2541858479380608e-02 8.9794695377349854e-01 9.9997246265411377e-01 5.9070787392556667e-03 -4.4998750090599060e-03 9.0171021223068237e-01 2.2390000000000000e+03 8.6624305725097656e+01
9.9985235929489136e-01 -6.4917822601273656e-04 1.7168670892715454e-02 8.9634764194488525e-01 9.9998992681503296e-01 4.4813384301960468e-03 3.2545969588682055e-04 8.7742102146148682e-01 2.1050000000000000e+03 8.6226158142089844e+01
9.9995487928390503e-01 -1.1035205097869039e-03 9.4399554654955864e-03 8.9606320858001709e-01 9.9998831748962402e-01 -4.7679170966148376e-03 7.8460579970851541e-04 8.8499891757965088e-01 2.7460000000000000e+03 1.0458684539794922e+02
9.9995809793472290e-01 -5.8027688646689057e-04 -9.1347228735685349e-03 9.0744203329086304e-01 9.9992281198501587e-01 -9.6008330583572388e-03 7.8919762745499611e-03 9.0141481161117554e-01 3.3170000000000000e+03 8.4459396362304688e+01
9.9976700544357300e-01 2.2438624873757362e-03 2.1471180021762848e-02 8.8603162765502930e-01 9.9984657764434814e-01 1.5070251189172268e-02 -8.9273368939757347e-03 9.1010260581970215e-01 2.2330000000000000e+03 5.8563060760498047e+01
9.9952483177185059e-01 6.9840094074606895e-03 3.0023802071809769e-02 8.5823315382003784e-01 9.9997746944427490e-01 2.9232983943074942e-03 -6.0443240217864513e-03 8.9422798156738281e-01 1.4720000000000000e+03 6.0596309661865234e+01
9.9996894598007202e-01 9.9453411530703306e-04 7.8244078904390335e-03 8.9675796031951904e-01 9.9974727630615234e-01 2.0253624767065048e-02 9.7605092450976372e-03 8.8544183969497681e-01 1.1860000000000000e+03 7.3704330444335938e+01
9.9941015243530273e-01 6.1167706735432148e-03 3.3791065216064453e-02 8.5708743333816528e-01 9.9989944696426392e-01 1.4170357957482338e-02 4.8640061868354678e-04 8.9549827575683594e-01 1.1360000000000000e+03 8.0013206481933594e+01
9.9997538328170776e-01 -4.3859016150236130e-03 5.4799290373921394e-03 9.0335130691528320e-01 9.9995481967926025e-01 -8.7178785179276019e-05 9.5061967149376869e-03 8.8116407394409180e-01 1.7170000000000000e+03 8.9574012756347656e+01
9.9938637018203735e-01 -1.1843376792967319e-02 3.2965015619993210e-02 8.9413297176361084e-01 9.9985182285308838e-01 1.6042774543166161e-02 -6.2443171627819538e-03 9.0189033746719360e-01 4.0580000000000000e+03 8.4914123535156250e+01
-9.9965238571166992e-01 -5.6400136090815067e-03 -2.5756619870662689e-02 1.5021313428878784e+00 -9.9949222803115845e-01 -2.9882622882723808e-02 1.1058857664465904e-02 1.5417060852050781e+00 2.0330000000000000e+03 2.1659370422363281e+02
9.9979376792907715e-01 -4.3562250211834908e-03 1.9834946841001511e-02 8.8943630456924438e-01 9.9992537498474121e-01 1.1804227717220783e-02 -3.1335712410509586e-03 9.0777570009231567e-01 2.5990000000000000e+03 7.9539779663085938e+01
9.9987292289733887e-01 -4.2315903119742870e-03 1.5369843691587448e-02 8.8705110549926758e-01 9.9997538328170776e-01 -4.9461238086223602e-03 -4.9818884581327438e-03 9.1160643100738525e-01 3.8120000000000000e+03 8.4874977111816406e+01
-9.9949264526367188e-01 -8.5071660578250885e-03 -3.0692497268319130e-02 1.3096851110458374e+00 -9.9979114532470703e-01 4.6843015588819981e-03 1.9892487674951553e-02 1.4826079607009888e+00 1.4090000000000000e+03 2.1662597656250000e+02
9.9993646144866943e-01 1.1120858835056424e-03 1.1213158257305622e-02 9.0214020013809204e-01 9.9996310472488403e-01 -7.5354063883423805e-03 -4.1308463551104069e-03 8.9907300472259521e-01 4.5300000000000000e+03 8.2196617126464844e+01
-9.9955356121063232e-01 -2.7585165575146675e-02 -1.1476796120405197e-02 1.2527017593383789e+00 -9.9815326929092407e-01 9.1558722779154778e-03 6.0050684958696365e-02 1.3722989559173584e+00 1.4620000000000000e+03 2.0889816284179688e+02
9.9988859891891479e-01 -1.6657777596265078e-03 1.4832494780421257e-02 8.9639359712600708e-01 9.9996358156204224e-01 -6.1484342440962791e-03 -5.9209596365690231e-03 9.0558898448944092e-01 4.3770000000000000e+03 8.1179405212402344e+01
9.9984580278396606e-01 -2.6339241303503513e-03 1.7368294298648834e-02 8.8818776607513428e-01 9.9999368190765381e-01 -3.1705128494650126e-03 -1.6241100383922458e-03 8.9374315738677979e-01 4.0060000000000000e+03 8.4616798400878906e+01
9.9983882904052734e-01 -3.5528396256268024e-03 1.7595181241631508e-02 8.8743168115615845e-01 9.9992340803146362e-01 1.2181883677840233e-02 2.1769644226878881e-03 8.9260852336883545e-01 1.7730000000000000e+03 8.6313034057617188e+01
9.9987787008285522e-01 -1.9979886710643768e-03 1.5499098226428032e-02 8.9313638210296631e-01 9.9999737739562988e-01 2.1713961905334145e-04 -2.3007565177977085e-03 8.9530158042907715e-01 3.8710000000000000e+03 8.3714805603027344e+01
