9.9962013959884644e-01 -2.7342487126588821e-02 3.4725703299045563e-03 9.0312141180038452e-01 9.9926924705505371e-01 1.6282256692647934e-02 -3.4580573439598083e-02 9.7231394052505493e-01 4.5980000000000000e+03 8.6376770019531250e+01
-9.9981790781021118e-01 1.3308668509125710e-02 1.3676174916327000e-02 1.5372844934463501e+00 -9.9937719106674194e-01 -1.1321756988763809e-02 -3.3421821892261505e-02 1.6026679277420044e+00 1.3530000000000000e+03 2.1394308471679688e+02
9.9955564737319946e-01 -2.9550237581133842e-02 3.9156600832939148e-03 8.9478188753128052e-01 9.9917310476303101e-01 1.8164133653044701e-02 -3.6378528922796249e-02 9.7340601682662964e-01 4.1890000000000000e+03 8.5218116760253906e+01
-9.9961239099502563e-01 1.6696143895387650e-02 2.2276369854807854e-02 1.5306937694549561e+00 -9.9957203865051270e-01 -1.8916871398687363e-02 -2.2313084453344345e-02 1.5651582479476929e+00 1.8170000000000000e+03 2.0746119689941406e+02
9.9963212013244629e-01 -2.7031818404793739e-02 2.2169651929289103e-03 9.0524619817733765e-01 9.9932026863098145e-01 1.4740043319761753e-02 -3.3792033791542053e-02 9.6715211868286133e-01 4.6640000000000000e+03 8.5828491210937500e+01
-9.9941325187683105e-01 3.1816534698009491e-02 1.2680889107286930e-02 1.5518224239349365e+00 -9.9902904033660889e-01 -2.4205045774579048e-02 -3.6811348050832748e-02 1.6124020814895630e+00 2.3760000000000000e+03 1.9811027526855469e+02
9.9961352348327637e-01 -2.7755845338106155e-02 -1.5790897887200117e-03 9.0813779830932617e-01 9.9894642829895020e-01 2.4174269288778305e-02 -3.9008129388093948e-02 9.8123490810394287e-01 3.2880000000000000e+03 8.4533760070800781e+01
-9.9948829412460327e-01 2.0574685186147690e-02 2.4491639807820320e-02 1.5194776058197021e+00 -9.9985384941101074e-01 -1.2627522461116314e-02 -1.1526162736117840e-02 1.5399488210678101e+00 1.5600000000000000e+03 1.9682127380371094e+02
9.9955391883850098e-01 -2.9765093699097633e-02 -2.4302867241203785e-03 9.0596610307693481e-01 9.9916821718215942e-01 1.8530435860157013e-02 -3.6323949694633484e-02 9.6677595376968384e-01 4.2840000000000000e+03 9.5287078857421875e+01
9.9962192773818970e-01 -2.7426799759268761e-02 -1.9702212885022163e-03 9.1090631484985352e-01 9.9875789880752563e-01 1.7248792573809624e-02 -4.6745415776968002e-02 9.6734875440597534e-01 1.6900000000000000e+03 6.7701301574707031e+01
-1.9923746585845947e-02 -8.4143662452697754e-01 -5.3998833894729614e-01 1.9844914674758911e+00 1.5500585548579693e-02 4.7311252355575562e-01 -8.8086557388305664e-01 2.0162734985351562e+00 2.5410000000000000e+03 2.0156623840332031e+02
-1.7638949677348137e-02 -6.3030529022216797e-01 -7.7614700794219971e-01 2.1363618373870850e+00 -7.0121278986334801e-03 7.1201151609420776e-01 -7.0213288068771362e-01 2.1144132614135742e+00 3.6230000000000000e+03 1.9850399780273438e+02
9.9975711107254028e-01 -2.1665243431925774e-02 4.0435031987726688e-03 9.1417700052261353e-01 9.9913179874420166e-01 9.2149134725332260e-03 -4.0628172457218170e-02 9.6490114927291870e-01 1.6510000000000000e+03 1.0740763092041016e+02
9.9953305721282959e-01 -2.9828736558556557e-02 6.6265538334846497e-03 9.1266423463821411e-01 9.9932706356048584e-01 8.2085952162742615e-03 -3.5750489681959152e-02 9.4346964359283447e-01 2.8400000000000000e+03 1.1244084167480469e+02
9.9967205524444580e-01 -2.4151869118213654e-02 8.5031185299158096e-03 9.0033304691314697e-01 9.9931240081787109e-01 1.2670161202549934e-02 -3.4843940287828445e-02 9.4803804159164429e-01 1.9490000000000000e+03 8.4421165466308594e+01
9.9985462427139282e-01 -1.4106463640928268e-02 -9.5802163705229759e-03 9.2640340328216553e-01 9.9912863969802856e-01 1.4900690875947475e-02 -3.8985282182693481e-02 9.5528262853622437e-01 1.1170000000000000e+03 9.7634735107421875e+01
-1.0707416571676731e-02 -5.3562790155410767e-01 -8.4438621997833252e-01 2.6154615879058838e+00 1.5160643495619297e-02 7.6936864852905273e-01 -6.3862514495849609e-01 2.4910178184509277e+00 2.4490000000000000e+03 1.9857119750976562e+02
9.9966323375701904e-01 -2.5896230712532997e-02 -1.6929096309468150e-03 9.1466557979583740e-01 9.9941539764404297e-01 7.1346107870340347e-03 -3.3433981239795685e-02 9.5346808433532715e-01 1.8510000000000000e+03 1.0817977142333984e+02
9.9960303306579590e-01 -2.7460390701889992e-02 -6.2917908653616905e-03 9.2827916145324707e-01 9.9928188323974609e-01 9.2863412573933601e-03 -3.6737065762281418e-02 9.6734064817428589e-01 1.4680000000000000e+03 1.2368733215332031e+02
9.9961650371551514e-01 -2.6359990239143372e-02 -8.4777828305959702e-03 9.1196626424789429e-01 9.9897176027297974e-01 2.2548720240592957e-02 -3.9331570267677307e-02 9.4820380210876465e-01 1.0250000000000000e+03 7.6254547119140625e+01
-4.4856173917651176e-03 -6.7075675725936890e-01 -7.4166393280029297e-01 1.1266424655914307e+00 -5.1485439762473106e-03 6.6472351551055908e-01 -7.4707168340682983e-01 1.0841510295867920e+00 1.6130000000000000e+03 1.6468815612792969e+02
9.9955368041992188e-01 -2.8502404689788818e-02 8.9451754465699196e-03 8.9695698022842407e-01 9.9944567680358887e-01 9.1254841536283493e-03 -3.2016396522521973e-02 9.3915396928787231e-01 2.6190000000000000e+03 1.0428034973144531e+02
9.9925786256790161e-01 -3.8491860032081604e-02 1.4356597093865275e-03 9.0737652778625488e-01 9.9908632040023804e-01 1.4521554112434387e-02 -4.0197368711233139e-02 9.5154219865798950e-01 1.4900000000000000e+03 6.6505332946777344e+01
9.9963432550430298e-01 -2.5962185114622116e-02 7.5587877072393894e-03 9.0142697095870972e-01 9.9921852350234985e-01 1.5082496218383312e-02 -3.6535948514938354e-02 9.5181107521057129e-01 1.4540000000000000e+03 6.6616439819335938e+01
9.9942278861999512e-01 -3.3600986003875732e-02 4.9961665645241737e-03 8.9588338136672974e-01 9.9925148487091064e-01 1.7300534993410110e-02 -3.4598287194967270e-02 9.5238393545150757e-01 1.7340000000000000e+03 7.5093818664550781e+01
9.9928963184356689e-01 -3.5789806395769119e-02 1.1811268515884876e-02 8.9050465822219849e-01 9.9922585487365723e-01 1.4497871510684490e-02 -3.6571234464645386e-02 9.5067363977432251e-01 1.3610000000000000e+03 7.6686904907226562e+01
9.9937373399734497e-01 -3.4955266863107681e-02 5.4986076429486275e-03 8.9756762981414795e-01 9.9907535314559937e-01 1.6246311366558075e-02 -3.9806552231311798e-02 9.5429575443267822e-01 2.3820000000000000e+03 8.7421600341796875e+01
9.9976307153701782e-01 -2.0047880709171295e-02 -8.4711853414773941e-03 9.0748292207717896e-01 9.9925792217254639e-01 2.7771810069680214e-02 -2.6693612337112427e-02 9.6366471052169800e-01 2.3480000000000000e+03 1.0448509216308594e+02
9.9954396486282349e-01 -2.7709579095244408e-02 -1.2004557065665722e-02 9.2269325256347656e-01 9.9869102239608765e-01 2.3004898801445961e-02 -4.5684210956096649e-02 9.6126216650009155e-01 1.4030000000000000e+03 1.0998052215576172e+02
9.9963921308517456e-01 -2.6187185198068619e-02 5.9780548326671124e-03 8.9930880069732666e-01 9.9929159879684448e-01 1.2640479952096939e-02 -3.5446513444185257e-02 9.5330476760864258e-01 3.2230000000000000e+03 1.0483679962158203e+02
9.9959754943847656e-01 -2.7969358488917351e-02 4.7323284670710564e-03 8.9750826358795166e-01 9.9925148487091064e-01 1.5066047199070454e-02 -3.5630274564027786e-02 9.5309787988662720e-01 4.9510000000000000e+03 8.6454696655273438e+01
-9.9998539686203003e-01 4.9284202978014946e-03 -2.2108147386461496e-03 1.5914956331253052e+00 -9.9984520673751831e-01 -5.6427596136927605e-03 -1.6664912924170494e-02 1.6068258285522461e+00 1.5640000000000000e+03 2.1438427734375000e+02
9.9965602159500122e-01 -2.5567809119820595e-02 5.8515025302767754e-03 8.9522355794906616e-01 9.9926567077636719e-01 1.5418413095176220e-02 -3.5077072679996490e-02 9.5266193151473999e-01 4.8690000000000000e+03 8.5743118286132812e+01
-9.9998772144317627e-01 1.5278904465958476e-03 4.7272634692490101e-03 1.5606114864349365e+00 -9.9996560811996460e-01 -1.5646325191482902e-03 -8.1363273784518242e-03 1.5773115158081055e+00 1.3900000000000000e+03 2.0428860473632812e+02
9.9959146976470947e-01 -2.8536293655633926e-02 1.6338523710146546e-03 8.9857918024063110e-01 9.9921125173568726e-01 1.8062496557831764e-02 -3.5366766154766083e-02 9.5223373174667358e-01 4.7000000000000000e+03 8.5670600891113281e+01
-9.9992752075195312e-01 4.0559116750955582e-03 1.1335971765220165e-02 1.5374251604080200e+00 -9.9970334768295288e-01 1.7041038721799850e-02 1.7403248697519302e-02 1.4973938465118408e+00 1.6270000000000000e+03 1.9600736999511719e+02
9.9960917234420776e-01 -2.7958421036601067e-02 -3.1713527278043330e-05 9.0555036067962646e-01 9.9928319454193115e-01 1.4001317322254181e-02 -3.5171184688806534e-02 9.5086264610290527e-01 3.8400000000000000e+03 8.5494567871093750e+01
-9.9989038705825806e-01 1.3553792610764503e-02 5.9545068070292473e-03 1.5456449985504150e+00 -9.9948674440383911e-01 -2.8345990926027298e-02 -1.4923013746738434e-02 1.6698821783065796e+00 1.0010000000000000e+03 2.2613386535644531e+02
9.9967980384826660e-01 -2.4184947833418846e-02 7.4515962041914463e-03 8.9919865131378174e-01 9.9951958656311035e-01 8.6894119158387184e-03 -2.9746824875473976e-02 9.4465148448944092e-01 3.9310000000000000e+03 8.6365844726562500e+01
9.9970114231109619e-01 -2.3989662528038025e-02 4.7056991606950760e-03 9.0136986970901489e-01 9.9938261508941650e-01 1.1351015418767929e-02 -3.3248707652091980e-02 9.4415235519409180e-01 3.5240000000000000e+03 8.6179206848144531e+01
9.9947625398635864e-01 -2.3671217262744904e-02 2.2065507248044014e-02 8.7010759115219116e-01 9.9948954582214355e-01 9.7861224785447121e-03 -3.0410097911953926e-02 9.4878441095352173e-01 2.1590000000000000e+03 8.7061965942382812e+01
9.9935400485992432e-01 -2.0360335707664490e-02 2.9615705832839012e-02 8.6041367053985596e-01 9.9941802024841309e-01 8.1017483025789261e-03 -3.3135287463665009e-02 9.5819073915481567e-01 1.5640000000000000e+03 8.9010025024414062e+01
5.8562392368912697e-03 -4.0896534919738770e-01 -9.1253119707107544e-01 1.4009802341461182e+00 -5.5222962982952595e-03 8.8257515430450439e-01 -4.7013896703720093e-01 1.3757741451263428e+00 8.1350000000000000e+03 1.4080886840820312e+02
1.1272061616182327e-02 -2.4790611118078232e-02 -9.9962913990020752e-01 1.2285954952239990e+00 -1.3009476475417614e-02 9.9850034713745117e-01 -5.3177438676357269e-02 1.1978462934494019e+00 1.8230000000000000e+03 1.3474545288085938e+02
1.3641060329973698e-02 -3.4616399556398392e-02 -9.9930751323699951e-01 1.1296228170394897e+00 -6.8121529184281826e-03 9.9783337116241455e-01 -6.5438345074653625e-02 1.1895087957382202e+00 2.4340000000000000e+03 1.3503030395507812e+02
1.0921101085841656e-02 -1.9628198444843292e-01 -9.8048657178878784e-01 1.1423101425170898e+00 -3.5307414364069700e-03 9.6404057741165161e-01 -2.6573175191879272e-01 1.2360349893569946e+00 5.5090000000000000e+03 1.3507369995117188e+02
2.1742058452218771e-03 -7.8221392631530762e-01 -6.2300604581832886e-01 8.8986450433731079e-01 -3.3126326743513346e-03 5.8443945646286011e-01 -8.1143051385879517e-01 8.7649905681610107e-01 2.6140000000000000e+03 1.8045944213867188e+02
9.9975395202636719e-01 -1.5915432944893837e-02 1.5450358390808105e-02 9.0060108900070190e-01 9.9942868947982788e-01 8.8799158111214638e-03 -3.2609675079584122e-02 9.4307869672775269e-01 1.4280000000000000e+03 8.3551696777343750e+01
9.9952697753906250e-01 -2.8456922620534897e-02 1.1656604707241058e-02 8.9539366960525513e-01 9.9918460845947266e-01 9.1921556740999222e-03 -3.9315436035394669e-02 9.6554911136627197e-01 1.3670000000000000e+03 8.2025703430175781e+01
9.9892675876617432e-01 -4.6315342187881470e-02 -4.9564283108338714e-04 9.1509222984313965e-01 9.9836939573287964e-01 1.4161044731736183e-02 -5.5300597101449966e-02 9.5800232887268066e-01 1.3380000000000000e+03 1.2687966918945312e+02
1.0169815272092819e-02 -1.2748305499553680e-01 -9.9178856611251831e-01 1.0385612249374390e+00 6.5850396640598774e-03 9.8383778333663940e-01 -1.7894047498703003e-01 1.1336133480072021e+00 3.6930000000000000e+03 1.3779829406738281e+02
4.3786554597318172e-03 -3.6434179544448853e-01 -9.3125492334365845e-01 9.9906522035598755e-01 -8.6356764659285545e-03 8.9051163196563721e-01 -4.5487833023071289e-01 1.0629515647888184e+00 7.1360000000000000e+03 1.4572015380859375e+02
9.9984097480773926e-01 -1.6822481527924538e-02 5.9238411486148834e-03 9.0789651870727539e-01 9.9965971708297729e-01 1.4573849737644196e-02 -2.1636171266436577e-02 9.3424785137176514e-01 1.9130000000000000e+03 5.8509124755859375e+01
9.9964314699172974e-01 -2.6128636673092842e-02 5.5586439557373524e-03 9.0825027227401733e-01 9.9915593862533569e-01 1.5629110857844353e-02 -3.7988156080245972e-02 9.5560091733932495e-01 2.4400000000000000e+03 8.9573089599609375e+01
-9.9931228160858154e-01 3.5164810717105865e-02 -1.1764156632125378e-02 1.6656529903411865e+00 -9.9963498115539551e-01 -2.1524783223867416e-02 -1.6327010467648506e-02 1.5215170383453369e+00 1.1440000000000000e+03 2.0628727722167969e+02
-3.3380105160176754e-03 -1.5160125494003296e-01 -9.8843610286712646e-01 1.1721824407577515e+00 -3.5256992559880018e-03 9.6757417917251587e-01 -2.5256201624870300e-01 1.2793540954589844e+00 1.9460000000000000e+03 1.6077592468261719e+02
9.9907320737838745e-01 -4.2844146490097046e-02 -4.1286693885922432e-03 8.9600223302841187e-01 9.9880331754684448e-01 2.8024638071656227e-02 -4.0082059800624847e-02 9.5546174049377441e-01 1.9880000000000000e+03 1.0220472717285156e+02
9.9967342615127563e-01 -2.5490442290902138e-02 1.8323190743103623e-03 8.9721655845642090e-01 9.9909222126007080e-01 1.9072808325290680e-02 -3.8091681897640228e-02 9.5674586296081543e-01 2.6790000000000000e+03 9.0363571166992188e+01
9.9950236082077026e-01 -2.9819784685969353e-02 1.0283979587256908e-02 8.9167749881744385e-01 9.9931496381759644e-01 1.0048058815300465e-02 -3.5617049783468246e-02 9.4439440965652466e-01 2.6230000000000000e+03 8.5443878173828125e+01
9.9949902296066284e-01 -3.1648177653551102e-02 -4.2982702143490314e-04 9.0829181671142578e-01 9.9927860498428345e-01 1.4737830497324467e-02 -3.5000920295715332e-02 9.4691270589828491e-01 1.0430000000000000e+03 9.4096832275390625e+01
9.9961465597152710e-01 -2.7135564014315605e-02 5.8365892618894577e-03 8.9291113615036011e-01 9.9932903051376343e-01 1.4685222879052162e-02 -3.3554233610630035e-02 9.5110487937927246e-01 2.0840000000000000e+03 9.0046066284179688e+01
9.9966138601303101e-01 -2.5791337713599205e-02 3.4468783996999264e-03 8.9427787065505981e-01 9.9931484460830688e-01 1.3633688911795616e-02 -3.4409400075674057e-02 9.4971442222595215e-01 3.1430000000000000e+03 8.4611312866210938e+01
9.9961614608764648e-01 -2.7679761871695518e-02 -1.2073682155460119e-03 9.0607589483261108e-01 9.9932694435119629e-01 1.3243324123322964e-02 -3.4208722412586212e-02 9.4797754287719727e-01 3.4790000000000000e+03 8.3145919799804688e+01
-9.9999636411666870e-01 1.2436327524483204e-03 -2.4037410039454699e-03 1.6193841695785522e+00 -9.9988102912902832e-01 -3.2633759547024965e-03 -1.5076912008225918e-02 1.6058229207992554e+00 1.4570000000000000e+03 2.2097941589355469e+02
9.9960613250732422e-01 -2.8060397133231163e-02 4.3955890578217804e-04 8.9630699157714844e-01 9.9933165311813354e-01 1.6757551580667496e-02 -3.2486673444509506e-02 9.4294148683547974e-01 3.8890000000000000e+03 8.8296478271484375e+01
-9.9993783235549927e-01 1.2677138147410005e-04 1.1153963394463062e-02 1.5784809589385986e+00 -9.9995040893554688e-01 -4.7761825844645500e-03 -8.7364772334694862e-03 1.5874108076095581e+00 1.7620000000000000e+03 2.0903121948242188e+02
9.9961692094802856e-01 -2.7583835646510124e-02 -2.2664987482130527e-03 9.0352725982666016e-01 9.9942022562026978e-01 1.6422158107161522e-02 -2.9824435710906982e-02 9.4392031431198120e-01 4.2020000000000000e+03 8.5056686401367188e+01
-9.9968844652175903e-01 9.0012904256582260e-03 2.3281672969460487e-02 1.5436285734176636e+00 -9.9950951337814331e-01 -1.4560295268893242e-02 -2.7723928913474083e-02 1.6397486925125122e+00 1.0800000000000000e+03 2.1908703613281250e+02
9.9958997964859009e-01 -2.8561141341924667e-02 -1.9877436570823193e-03 9.0332704782485962e-01 9.9931770563125610e-01 1.7585884779691696e-02 -3.2476980239152908e-02 9.4727134704589844e-01 4.1630000000000000e+03 9.1604728698730469e+01
-9.9966597557067871e-01 4.4833035208284855e-03 2.5451350957155228e-02 1.5330158472061157e+00 -9.9964320659637451e-01 -1.8418544903397560e-02 -1.9341669976711273e-02 1.6050865650177002e+00 1.3760000000000000e+03 2.1046801757812500e+02
9.9959123134613037e-01 -2.8522586449980736e-02 -1.9623350817710161e-03 9.0392529964447021e-01 9.9937093257904053e-01 1.5918370336294174e-02 -3.1693607568740845e-02 9.4984549283981323e-01 3.4100000000000000e+03 8.6535903930664062e+01
-9.9988132715225220e-01 9.7433952614665031e-03 1.1927126906812191e-02 1.5618352890014648e+00 -9.9901276826858521e-01 -7.8601203858852386e-03 -4.3723128736019135e-02 1.6700968742370605e+00 1.0160000000000000e+03 2.1595472717285156e+02
9.9968719482421875e-01 -2.5005457922816277e-02 4.0448299841955304e-04 8.9506077766418457e-01 9.9911481142044067e-01 1.9334156066179276e-02 -3.7360459566116333e-02 9.5687538385391235e-01 1.3640000000000000e+03 8.2760353088378906e+01
5.5401571094989777e-02 3.6259442567825317e-02 -9.9780559539794922e-01 1.0395649671554565e+00 -9.8775199148803949e-04 9.9986541271209717e-01 -1.6378689557313919e-02 1.1126408576965332e+00 2.1570000000000000e+03 1.3932473754882812e+02
9.9951815605163574e-01 -3.0305383726954460e-02 6.7221317440271378e-03 8.9980334043502808e-01 9.9901425838470459e-01 9.9326251074671745e-03 -4.3264787644147873e-02 9.5810568332672119e-01 1.4100000000000000e+03 9.6610092163085938e+01
9.9965375661849976e-01 -2.5873705744743347e-02 4.7779045999050140e-03 8.9350342750549316e-01 9.9935954809188843e-01 1.9159181043505669e-02 -3.0221655964851379e-02 9.5751374959945679e-01 2.4050000000000000e+03 1.0530561065673828e+02
9.9950146675109863e-01 -3.0741987749934196e-02 7.1927020326256752e-03 8.8160860538482666e-01 9.9897849559783936e-01 2.1659588441252708e-02 -3.9661016315221786e-02 9.5507407188415527e-01 2.4780000000000000e+03 9.9165863037109375e+01
-9.9989891052246094e-01 -2.8365794569253922e-03 1.3932640664279461e-02 1.4545683860778809e+00 -9.9974912405014038e-01 -1.7242472618818283e-02 -1.4297242276370525e-02 1.5990365743637085e+00 1.0070000000000000e+03 2.0545085144042969e+02
9.9947565793991089e-01 -3.1009649857878685e-02 9.3171596527099609e-03 8.8476043939590454e-01 9.9917340278625488e-01 1.7021043226122856e-02 -3.6914989352226257e-02 9.5036101341247559e-01 1.8590000000000000e+03 9.3403144836425781e+01
-9.9998795986175537e-01 3.8718178402632475e-03 -3.0073486268520355e-03 1.5889688730239868e+00 -9.9977129697799683e-01 -7.8224722528830171e-04 -2.1373070776462555e-02 1.6157970428466797e+00 1.1660000000000000e+03 2.2384733581542969e+02
9.9958544969558716e-01 -2.8149943798780441e-02 6.0448129661381245e-03 8.9884024858474731e-01 9.9934870004653931e-01 1.3588574714958668e-02 -3.3429548144340515e-02 9.5265716314315796e-01 2.9090000000000000e+03 1.1107837677001953e+02
9.9960178136825562e-01 -2.7586590498685837e-02 5.9426892548799515e-03 8.9742714166641235e-01 9.9933797121047974e-01 1.4532771892845631e-02 -3.3354014158248901e-02 9.5179140567779541e-01 4.8740000000000000e+03 8.7306320190429688e+01
-9.9997615814208984e-01 1.7558460822328925e-03 -6.6811856813728809e-03 1.5994470119476318e+00 -9.9987965822219849e-01 6.7017418332397938e-03 -1.3994248583912849e-02 1.6036601066589355e+00 1.7550000000000000e+03 2.1088775634765625e+02
9.9961388111114502e-01 -2.6941858232021332e-02 6.8067214451730251e-03 8.9212971925735474e-01 9.9931538105010986e-01 1.4330556616187096e-02 -3.4107867628335953e-02 9.5114564895629883e-01 5.0710000000000000e+03 8.6010139465332031e+01
-9.9998283386230469e-01 -4.2638534796424210e-04 -5.8425674214959145e-03 1.5934218168258667e+00 -9.9999564886093140e-01 1.9275862723588943e-03 -2.2537307813763618e-03 1.5625445842742920e+00 1.5500000000000000e+03 2.0222474670410156e+02
9.9955505132675171e-01 -2.8830360621213913e-02 7.6605929061770439e-03 8.8434386253356934e-01 9.9911308288574219e-01 1.8819667398929596e-02 -3.7668101489543915e-02 9.5243167877197266e-01 5.2030000000000000e+03 8.5959861755371094e+01
