9.9955564737319946e-01 -2.9550237581133842e-02 3.9156600832939148e-03 8.9478188753128052e-01 9.9992984533309937e-01 -1.0503021068871021e-02 -5.4719676263630390e-03 9.1381055116653442e-01 1.3420000000000000e+03 9.3119224548339844e+01
9.9963212013244629e-01 -2.7031818404793739e-02 2.2169651929289103e-03 9.0524619817733765e-01 9.9991959333419800e-01 1.2626995332539082e-02 1.2138377642259002e-03 9.0589648485183716e-01 1.6480000000000000e+03 8.5828491210937500e+01
-9.9941325187683105e-01 3.1816534698009491e-02 1.2680889107286930e-02 1.5518224239349365e+00 -9.9969738721847534e-01 2.2533567622303963e-02 -9.8707592114806175e-03 1.5732707977294922e+00 1.4580000000000000e+03 1.9080943298339844e+02
9.9961352348327637e-01 -2.7755845338106155e-02 -1.5790897887200117e-03 9.0813779830932617e-01 9.9999099969863892e-01 3.8991754408925772e-03 -1.6744176391512156e-03 9.1232371330261230e-01 3.4200000000000000e+03 8.1612350463867188e+01
-9.9948829412460327e-01 2.0574685186147690e-02 2.4491639807820320e-02 1.5194776058197021e+00 -9.9993097782135010e-01 1.1648701503872871e-02 1.5499056316912174e-03 1.5195802450180054e+00 1.4440000000000000e+03 1.9682127380371094e+02
9.9955391883850098e-01 -2.9765093699097633e-02 -2.4302867241203785e-03 9.0596610307693481e-01 9.9987351894378662e-01 1.5726059675216675e-02 2.3905443958938122e-03 9.0989881753921509e-01 1.7600000000000000e+03 7.4184410095214844e+01
9.9946641921997070e-01 -2.9355691745877266e-02 -1.4322225935757160e-02 3.6854764819145203e-01 9.9990767240524292e-01 8.9218961074948311e-03 -1.0249380953609943e-02 3.6406797170639038e-01 1.5580000000000000e+03 7.4269577026367188e+01
9.9975711107254028e-01 -2.1665243431925774e-02 4.0435031987726688e-03 9.1417700052261353e-01 9.9972778558731079e-01 1.6570597887039185e-02 -1.6427386552095413e-02 9.3179529905319214e-01 1.6510000000000000e+03 1.0740763092041016e+02
9.9953305721282959e-01 -2.9828736558556557e-02 6.6265538334846497e-03 9.1266423463821411e-01 9.9904471635818481e-01 -1.3817812316119671e-02 -4.1455067694187164e-02 7.8980886936187744e-01 1.0780000000000000e+03 8.9619667053222656e+01
9.9985462427139282e-01 -1.4106463640928268e-02 -9.5802163705229759e-03 9.2640340328216553e-01 9.9996501207351685e-01 3.2091501634567976e-03 -7.7266450971364975e-03 9.0006643533706665e-01 1.1170000000000000e+03 9.7634735107421875e+01
9.9961650371551514e-01 -2.6359990239143372e-02 -8.4777828305959702e-03 9.1196626424789429e-01 9.9997109174728394e-01 5.9635271318256855e-03 -4.7311857342720032e-03 9.0818536281585693e-01 1.0250000000000000e+03 6.9970397949218750e+01
9.9955368041992188e-01 -2.8502404689788818e-02 8.9451754465699196e-03 8.9695698022842407e-01 9.9998420476913452e-01 -2.6442836970090866e-03 -4.9588391557335854e-03 8.9538043737411499e-01 2.7180000000000000e+03 1.0428034973144531e+02
-5.1627513021230698e-03 -8.9119219779968262e-01 -4.5359656214714050e-01 5.8904087543487549e-01 -6.5656965598464012e-03 9.2609572410583496e-01 -3.7723174691200256e-01 5.8605569601058960e-01 5.4350000000000000e+03 1.7343515014648438e+02
-1.3550319708883762e-03 -8.9656859636306763e-01 -4.4290277361869812e-01 5.9492915868759155e-01 -7.7974591404199600e-03 9.2355996370315552e-01 -3.8337486982345581e-01 5.8416104316711426e-01 4.9950000000000000e+03 1.7466326904296875e+02
-2.4148207157850266e-03 -9.5650088787078857e-01 -2.9171943664550781e-01 5.0415587425231934e-01 -3.2599254045635462e-03 8.6122697591781616e-01 -5.0821000337600708e-01 4.9979239702224731e-01 4.0530000000000000e+03 1.7774981689453125e+02
-5.7722381316125393e-03 -9.5926773548126221e-01 -2.8243967890739441e-01 4.2036005854606628e-01 -5.6061628274619579e-03 8.5963517427444458e-01 -5.1087766885757446e-01 4.0459355711936951e-01 5.6620000000000000e+03 1.7198146057128906e+02
9.9976307153701782e-01 -2.0047880709171295e-02 -8.4711853414773941e-03 9.0748292207717896e-01 9.9991250038146973e-01 1.6769978683441877e-03 1.3122994452714920e-02 9.1284656524658203e-01 2.7270000000000000e+03 6.7970008850097656e+01
9.9963921308517456e-01 -2.6187185198068619e-02 5.9780548326671124e-03 8.9930880069732666e-01 9.9996167421340942e-01 -5.6548123247921467e-03 -6.6814259625971317e-03 8.9567822217941284e-01 3.2230000000000000e+03 1.0483679962158203e+02
9.9959754943847656e-01 -2.7969358488917351e-02 4.7323284670710564e-03 8.9750826358795166e-01 9.9998462200164795e-01 -3.3427868038415909e-03 -4.4275890104472637e-03 8.9495420455932617e-01 3.9650000000000000e+03 8.5124824523925781e+01
9.9965602159500122e-01 -2.5567809119820595e-02 5.8515025302767754e-03 8.9522355794906616e-01 9.9999636411666870e-01 -2.0813960582017899e-03 -1.7173485830426216e-03 8.9102220535278320e-01 3.8830000000000000e+03 8.2850479125976562e+01
9.9959146976470947e-01 -2.8536293655633926e-02 1.6338523710146546e-03 8.9857918024063110e-01 9.9999642372131348e-01 -1.8969156080856919e-03 -1.9024229841306806e-03 8.9405441284179688e-01 4.0070000000000000e+03 8.2047874450683594e+01
9.9960917234420776e-01 -2.7958421036601067e-02 -3.1713527278043330e-05 9.0555036067962646e-01 9.9999958276748657e-01 -1.6210702597163618e-04 -9.3252962687984109e-04 8.8813841342926025e-01 3.8400000000000000e+03 7.5864059448242188e+01
9.9967980384826660e-01 -2.4184947833418846e-02 7.4515962041914463e-03 8.9919865131378174e-01 9.9999082088470459e-01 -4.2262226343154907e-03 -7.9631246626377106e-04 8.8332766294479370e-01 3.9310000000000000e+03 8.1154670715332031e+01
9.9970114231109619e-01 -2.3989662528038025e-02 4.7056991606950760e-03 9.0136986970901489e-01 9.9999183416366577e-01 -2.3244635667651892e-04 -4.0453621186316013e-03 8.8885688781738281e-01 3.2050000000000000e+03 7.2399826049804688e+01
9.9947625398635864e-01 -2.3671217262744904e-02 2.2065507248044014e-02 8.7010759115219116e-01 9.9995875358581543e-01 8.5512353107333183e-03 3.0597185250371695e-03 8.8355702161788940e-01 1.5720000000000000e+03 7.1925430297851562e+01
9.9935400485992432e-01 -2.0360335707664490e-02 2.9615705832839012e-02 8.6041367053985596e-01 9.9997729063034058e-01 4.1176853701472282e-03 5.3336634300649166e-03 8.7980818748474121e-01 1.5640000000000000e+03 5.5796386718750000e+01
2.1742058452218771e-03 -7.8221392631530762e-01 -6.2300604581832886e-01 8.8986450433731079e-01 3.6321625113487244e-02 9.9372786283493042e-01 -1.0576196014881134e-01 9.1135829687118530e-01 1.1850000000000000e+03 1.4755920410156250e+02
2.1742058452218771e-03 -7.8221392631530762e-01 -6.2300604581832886e-01 8.8986450433731079e-01 -2.6397408917546272e-02 9.9292045831680298e-01 -1.1581117659807205e-01 9.2056280374526978e-01 2.9350000000000000e+03 1.4755920410156250e+02
-1.0524583049118519e-02 -9.4696843624114990e-01 -3.2115426659584045e-01 3.2125565409660339e-01 -1.0421108454465866e-02 8.7393784523010254e-01 -4.8592597246170044e-01 2.9465278983116150e-01 6.3810000000000000e+03 1.6575849914550781e+02
9.9892675876617432e-01 -4.6315342187881470e-02 -4.9564283108338714e-04 9.1509222984313965e-01 9.9975913763046265e-01 1.3017617166042328e-02 -1.7667926847934723e-02 9.1349709033966064e-01 1.3380000000000000e+03 1.2687966918945312e+02
9.9984097480773926e-01 -1.6822481527924538e-02 5.9238411486148834e-03 9.0789651870727539e-01 9.9991053342819214e-01 -1.3359173201024532e-02 5.7722959900274873e-04 8.9438670873641968e-01 1.9130000000000000e+03 1.0857563781738281e+02
-7.2550433687865734e-03 -8.6077606678009033e-01 -5.0893217325210571e-01 8.7745928764343262e-01 -2.4958403781056404e-02 9.4785857200622559e-01 -3.1771254539489746e-01 9.0557062625885010e-01 5.6810000000000000e+03 1.6324862670898438e+02
-1.5343019738793373e-02 -9.9066346883773804e-01 -1.3546395301818848e-01 2.5682020187377930e-01 -2.3135645315051079e-03 7.3558729887008667e-01 -6.7742598056793213e-01 2.6751011610031128e-01 3.0750000000000000e+03 1.7682406616210938e+02
9.9950236082077026e-01 -2.9819784685969353e-02 1.0283979587256908e-02 8.9167749881744385e-01 9.9970430135726929e-01 2.4066831916570663e-02 3.4679498057812452e-03 8.8787472248077393e-01 1.4830000000000000e+03 7.4041557312011719e+01
9.9949902296066284e-01 -3.1648177653551102e-02 -4.2982702143490314e-04 9.0829181671142578e-01 9.9999421834945679e-01 3.0252223950810730e-04 -3.3845370635390282e-03 8.9062911272048950e-01 1.0430000000000000e+03 9.4096832275390625e+01
9.9961465597152710e-01 -2.7135564014315605e-02 5.8365892618894577e-03 8.9291113615036011e-01 9.9998801946640015e-01 -4.3799211271107197e-03 -2.2047653328627348e-03 8.9236766099929810e-01 2.0840000000000000e+03 9.0046066284179688e+01
9.9966138601303101e-01 -2.5791337713599205e-02 3.4468783996999264e-03 8.9427787065505981e-01 9.9998939037322998e-01 -4.4031748548150063e-03 -1.3314125826582313e-03 8.9102053642272949e-01 3.1430000000000000e+03 8.2090995788574219e+01
9.9961614608764648e-01 -2.7679761871695518e-02 -1.2073682155460119e-03 9.0607589483261108e-01 9.9999260902404785e-01 -2.8441424947232008e-03 -2.5840422604233027e-03 8.9062154293060303e-01 3.4790000000000000e+03 8.2206954956054688e+01
-9.9999636411666870e-01 1.2436327524483204e-03 -2.4037410039454699e-03 1.6193841695785522e+00 -9.9974757432937622e-01 2.2798439022153616e-03 2.2351996973156929e-02 1.5146178007125854e+00 1.4570000000000000e+03 2.2097941589355469e+02
9.9960613250732422e-01 -2.8060397133231163e-02 4.3955890578217804e-04 8.9630699157714844e-01 9.9999952316284180e-01 -4.3504277709871531e-04 -9.3045388348400593e-04 8.8951069116592407e-01 3.8890000000000000e+03 8.8296478271484375e+01
9.9961692094802856e-01 -2.7583835646510124e-02 -2.2664987482130527e-03 9.0352725982666016e-01 9.9998170137405396e-01 -4.3641895172186196e-04 6.0384552925825119e-03 8.7925112247467041e-01 2.7760000000000000e+03 8.3157302856445312e+01
9.9968719482421875e-01 -2.5005457922816277e-02 4.0448299841955304e-04 8.9506077766418457e-01 9.9975728988647461e-01 1.7105687409639359e-02 1.3887396082282066e-02 8.7319016456604004e-01 1.1180000000000000e+03 4.0177417755126953e+01
9.9951815605163574e-01 -3.0305383726954460e-02 6.7221317440271378e-03 8.9980334043502808e-01 9.9997740983963013e-01 4.1981539689004421e-03 -5.2601783536374569e-03 8.9286333322525024e-01 1.4100000000000000e+03 8.5901420593261719e+01
9.9965375661849976e-01 -2.5873705744743347e-02 4.7779045999050140e-03 8.9350342750549316e-01 9.9993985891342163e-01 8.3396676927804947e-03 7.1189515292644501e-03 9.1019433736801147e-01 2.4050000000000000e+03 1.0530561065673828e+02
9.9947565793991089e-01 -3.1009649857878685e-02 9.3171596527099609e-03 8.8476043939590454e-01 9.9992537498474121e-01 1.1804227717220783e-02 -3.1335712410509586e-03 9.0777570009231567e-01 1.8590000000000000e+03 5.6826087951660156e+01
9.9958544969558716e-01 -2.8149943798780441e-02 6.0448129661381245e-03 8.9884024858474731e-01 9.9996358156204224e-01 -6.1484342440962791e-03 -5.9209596365690231e-03 9.0558898448944092e-01 2.9090000000000000e+03 1.1107837677001953e+02
9.9960178136825562e-01 -2.7586590498685837e-02 5.9426892548799515e-03 8.9742714166641235e-01 9.9999368190765381e-01 -3.1705128494650126e-03 -1.6241100383922458e-03 8.9374315738677979e-01 4.0060000000000000e+03 8.7306320190429688e+01
9.9961388111114502e-01 -2.6941858232021332e-02 6.8067214451730251e-03 8.9212971925735474e-01 9.9992340803146362e-01 1.2181883677840233e-02 2.1769644226878881e-03 8.9260852336883545e-01 1.7730000000000000e+03 8.3852294921875000e+01
9.9955505132675171e-01 -2.8830360621213913e-02 7.6605929061770439e-03 8.8434386253356934e-01 9.9999737739562988e-01 2.1713961905334145e-04 -2.3007565177977085e-03 8.9530158042907715e-01 4.7810000000000000e+03 8.5959861755371094e+01
