9.9923545122146606e-01 -1.1417788482503965e-04 -3.9097670465707779e-02 9.0785765647888184e-01 9.9979031085968018e-01 2.0150542259216309e-02 3.6475688684731722e-03 9.0912145376205444e-01 1.8850000000000000e+03 8.5442680358886719e+01
9.9969089031219482e-01 1.2716514058411121e-02 -2.1364539861679077e-02 8.8280934095382690e-01 9.9989080429077148e-01 1.4781434088945389e-02 4.5772434532409534e-05 8.8912647962570190e-01 3.0140000000000000e+03 6.9066299438476562e+01
-9.9925106763839722e-01 -2.5280646979808807e-02 -2.9293771833181381e-02 1.5080189704895020e+00 -9.9985557794570923e-01 -1.5134483575820923e-02 7.7216681092977524e-03 1.4239563941955566e+00 1.2990000000000000e+03 1.7766143798828125e+02
9.9986606836318970e-01 -2.7241162024438381e-04 -1.6364600509405136e-02 8.6603230237960815e-01 9.9985551834106445e-01 1.2692278251051903e-02 -1.1305226944386959e-02 9.1943907737731934e-01 2.3840000000000000e+03 8.4909317016601562e+01
9.9951499700546265e-01 -2.6884404942393303e-03 -3.1023468822240829e-02 9.0170067548751831e-01 9.9980485439300537e-01 1.8545234575867653e-02 -6.8009002134203911e-03 9.0937381982803345e-01 2.2490000000000000e+03 7.8251586914062500e+01
9.9951428174972534e-01 -6.4219697378575802e-03 -3.0497103929519653e-02 9.0021198987960815e-01 9.9984180927276611e-01 1.6761621460318565e-02 -5.9501989744603634e-03 9.0181964635848999e-01 1.4800000000000000e+03 9.4375000000000000e+01
9.9951654672622681e-01 -8.8508967310190201e-03 -2.9806924983859062e-02 8.9564210176467896e-01 9.9963778257369995e-01 2.5728516280651093e-02 -7.8907543793320656e-03 9.1129159927368164e-01 2.1030000000000000e+03 1.1867665100097656e+02
1.1206455528736115e-03 -5.9603810310363770e-01 -8.0295538902282715e-01 4.3259438872337341e-01 -2.4030007421970367e-02 9.9931341409683228e-01 2.8201838955283165e-02 4.5365682244300842e-01 2.4700000000000000e+03 1.2645951080322266e+02
9.9925577640533447e-01 -8.1584239378571510e-03 -3.7702571600675583e-02 9.0134567022323608e-01 9.9963814020156860e-01 2.6876607909798622e-02 1.0610672179609537e-03 8.8344925642013550e-01 2.6130000000000000e+03 1.1591672515869141e+02
9.9931907653808594e-01 -2.5543321389704943e-03 -3.6806531250476837e-02 8.9772951602935791e-01 9.9965035915374756e-01 2.3718830198049545e-02 -1.1688850820064545e-02 9.1826146841049194e-01 1.4830000000000000e+03 1.2448752593994141e+02
9.9956017732620239e-01 -4.1390670230612159e-04 -2.9655022546648979e-02 8.9383977651596069e-01 9.9976611137390137e-01 2.0808562636375427e-02 -5.8992938138544559e-03 8.9960300922393799e-01 2.3120000000000000e+03 8.5204414367675781e+01
-9.9972671270370483e-01 -2.3178564384579659e-02 3.0523701570928097e-03 1.4731197357177734e+00 -9.9903810024261475e-01 -3.4074045717716217e-02 2.7602734044194221e-02 1.4546365737915039e+00 1.6590000000000000e+03 2.0667028808593750e+02
9.9944132566452026e-01 1.8919687136076391e-04 -3.3419232815504074e-02 8.9837473630905151e-01 9.9983251094818115e-01 1.6456710174679756e-02 -8.0108921974897385e-03 9.0627342462539673e-01 3.6300000000000000e+03 8.4995376586914062e+01
-9.9969226121902466e-01 -2.4806099012494087e-02 1.8674352031666785e-04 1.4892693758010864e+00 -9.9788147211074829e-01 -5.5346999317407608e-02 3.4192617982625961e-02 1.4435986280441284e+00 1.5340000000000000e+03 2.1840483093261719e+02
9.9942255020141602e-01 -3.9210947579704225e-04 -3.3978167921304703e-02 8.9890521764755249e-01 9.9987125396728516e-01 1.0133014060556889e-02 -1.2435548007488251e-02 9.1508644819259644e-01 2.7380000000000000e+03 9.6731193542480469e+01
9.9949115514755249e-01 6.0884171398356557e-04 -3.1889770179986954e-02 8.8950461149215698e-01 9.9970513582229614e-01 2.3927303031086922e-02 4.1185235604643822e-03 8.9076411724090576e-01 1.2500000000000000e+03 8.6771255493164062e+01
9.9956589937210083e-01 1.0394377750344574e-04 -2.9461719095706940e-02 8.8852328062057495e-01 9.9982088804244995e-01 1.6651459038257599e-02 -8.9893369004130363e-03 9.0809774398803711e-01 2.6770000000000000e+03 8.2825393676757812e+01
9.9969023466110229e-01 -2.8019829187542200e-03 -2.4728635326027870e-02 8.9064425230026245e-01 9.9988818168640137e-01 1.4018714427947998e-02 -5.2075874991714954e-03 8.8866496086120605e-01 2.2250000000000000e+03 7.9013954162597656e+01
9.9971324205398560e-01 -3.3554616384208202e-03 -2.3711282759904861e-02 8.8169896602630615e-01 9.9980920553207397e-01 1.6486059874296188e-02 -1.0467658750712872e-02 9.1053074598312378e-01 2.8960000000000000e+03 9.3128799438476562e+01
9.9981755018234253e-01 3.7953691207803786e-04 -1.9098641350865364e-02 8.8142257928848267e-01 9.9978506565093994e-01 1.6364589333534241e-02 -1.2731553986668587e-02 9.0922015905380249e-01 1.7060000000000000e+03 9.5500587463378906e+01
9.9932342767715454e-01 1.8030049977824092e-03 -3.6735318601131439e-02 9.0621590614318848e-01 9.9984091520309448e-01 1.7574947327375412e-02 -3.0368808656930923e-03 8.9187860488891602e-01 1.7430000000000000e+03 1.1455766296386719e+02
9.9882602691650391e-01 -9.3779675662517548e-03 -4.7526065260171890e-02 9.0660548210144043e-01 9.9911856651306152e-01 4.1926074773073196e-02 2.0986576564610004e-03 9.0792405605316162e-01 2.7520000000000000e+03 7.7627388000488281e+01
9.9926280975341797e-01 1.7506997392047197e-04 -3.8389377295970917e-02 9.0156805515289307e-01 9.9978893995285034e-01 2.0533103495836258e-02 -7.2199414717033505e-04 9.0897518396377563e-01 3.4380000000000000e+03 9.8091918945312500e+01
6.2601617537438869e-03 -8.5076510906219482e-01 -5.2550876140594482e-01 9.3544936180114746e-01 -4.6897358261048794e-03 9.7798907756805420e-01 -2.0860345661640167e-01 9.2071473598480225e-01 1.1180000000000000e+03 1.6722381591796875e+02
9.9953514337539673e-01 4.5127212069928646e-03 -3.0151475220918655e-02 8.9762330055236816e-01 9.9990040063858032e-01 1.4111524447798729e-02 4.3447545613162220e-04 8.8906472921371460e-01 1.3240000000000000e+03 1.0410195922851562e+02
9.9946749210357666e-01 2.2699225228279829e-03 -3.2551608979701996e-02 8.9561235904693604e-01 9.9993962049484253e-01 1.0825390927493572e-02 -1.8892734078690410e-03 9.0772324800491333e-01 3.2080000000000000e+03 1.0433883666992188e+02
9.9938523769378662e-01 1.9612840842455626e-03 -3.5004913806915283e-02 8.9656400680541992e-01 9.9962794780731201e-01 2.2457737475633621e-02 1.5479685738682747e-02 8.7850916385650635e-01 1.9260000000000000e+03 9.1102668762207031e+01
9.9937862157821655e-01 -2.3406646214425564e-03 -3.5170398652553558e-02 8.9832371473312378e-01 9.9977946281433105e-01 2.0786831155419350e-02 2.9899757355451584e-03 8.9133000373840332e-01 3.2640000000000000e+03 8.9094543457031250e+01
9.9944072961807251e-01 4.6161684440448880e-04 -3.3436920493841171e-02 8.9915925264358521e-01 9.9986684322357178e-01 1.6289247199892998e-02 -9.8220817744731903e-04 8.9706367254257202e-01 4.2720000000000000e+03 8.8347450256347656e+01
-9.9954640865325928e-01 -3.0115419998764992e-02 -1.8033962987829000e-04 1.5168772935867310e+00 -9.9814456701278687e-01 -5.2174068987369537e-02 -3.1391397118568420e-02 1.5898166894912720e+00 1.1820000000000000e+03 2.0074690246582031e+02
9.9942779541015625e-01 1.4445482520386577e-03 -3.3794619143009186e-02 8.9720690250396729e-01 9.9987560510635376e-01 1.5722315758466721e-02 -1.2918160064145923e-03 8.9935916662216187e-01 3.8370000000000000e+03 8.9452667236328125e+01
-9.9951320886611938e-01 -2.9794363304972649e-02 9.2497011646628380e-03 1.4864522218704224e+00 -9.9961477518081665e-01 -2.7623303234577179e-02 -2.7013579383492470e-03 1.5102943181991577e+00 1.5070000000000000e+03 2.0172415161132812e+02
9.9947369098663330e-01 2.3425823019351810e-04 -3.2437872141599655e-02 8.9633524417877197e-01 9.9986565113067627e-01 1.6255181282758713e-02 -2.1083573810756207e-03 8.9515417814254761e-01 3.6490000000000000e+03 8.6116218566894531e+01
-9.9940931797027588e-01 -3.2433524727821350e-02 1.1357696726918221e-02 1.4748407602310181e+00 -9.9860697984695435e-01 -5.1720056682825089e-02 -1.0446188040077686e-02 1.5378218889236450e+00 1.9970000000000000e+03 2.0260620117187500e+02
9.9935197830200195e-01 3.0775526538491249e-03 -3.5861268639564514e-02 8.9754176139831543e-01 9.9986487627029419e-01 1.6415812075138092e-02 -8.7760755559429526e-04 8.9864420890808105e-01 3.9410000000000000e+03 8.5153572082519531e+01
-9.9940878152847290e-01 -3.2411668449640274e-02 1.1474557220935822e-02 1.4789481163024902e+00 -9.9890530109405518e-01 -4.4762782752513885e-02 1.3578631915152073e-02 1.4703603982925415e+00 1.3580000000000000e+03 2.0441937255859375e+02
9.9940210580825806e-01 2.8479194734245539e-03 -3.4459583461284637e-02 8.9771991968154907e-01 9.9989855289459229e-01 1.4146924950182438e-02 1.6403715126216412e-03 8.9637488126754761e-01 4.1720000000000000e+03 7.9991134643554688e+01
9.9929440021514893e-01 3.7101532798260450e-03 -3.7375211715698242e-02 9.0045458078384399e-01 9.9992215633392334e-01 1.2479192577302456e-02 -1.1986831668764353e-04 8.9964014291763306e-01 3.2040000000000000e+03 9.3239242553710938e+01
9.9954396486282349e-01 1.5442193485796452e-02 -2.5950685143470764e-02 8.8229149580001831e-01 9.9994212388992310e-01 1.0743692517280579e-02 -5.2939954912289977e-04 8.8921689987182617e-01 2.2980000000000000e+03 1.0784595489501953e+02
9.9968022108078003e-01 -3.5246147308498621e-03 -2.5041082873940468e-02 8.8348472118377686e-01 9.9994540214538574e-01 1.0345920920372009e-02 1.4367147814482450e-03 8.9565819501876831e-01 1.8220000000000000e+03 1.2334028625488281e+02
9.9937433004379272e-01 -7.8137265518307686e-03 -3.4495417028665543e-02 9.1448926925659180e-01 9.9979192018508911e-01 1.4750201255083084e-02 -1.4085909351706505e-02 9.2506349086761475e-01 1.5620000000000000e+03 1.2905569458007812e+02
-9.9985337257385254e-01 -1.4920289628207684e-02 8.4046525880694389e-03 1.4575072526931763e+00 -9.9830585718154907e-01 -5.4471254348754883e-02 2.0454917103052139e-02 1.4378815889358521e+00 1.0120000000000000e+03 1.9790753173828125e+02
9.9956077337265015e-01 8.9220696827396750e-04 -2.9623139649629593e-02 8.9467221498489380e-01 9.9972909688949585e-01 2.3154400289058685e-02 -2.3609304334968328e-03 9.0095156431198120e-01 2.1900000000000000e+03 8.4780296325683594e+01
-9.9972426891326904e-01 -2.3474983870983124e-02 6.4525444759055972e-04 1.4905387163162231e+00 -9.9928349256515503e-01 -3.5490937530994415e-02 1.3146384619176388e-02 1.4815962314605713e+00 1.6230000000000000e+03 2.0881884765625000e+02
9.9942737817764282e-01 -1.1129479389637709e-03 -3.3817455172538757e-02 9.0075087547302246e-01 9.9987876415252686e-01 1.5488737262785435e-02 1.5873112715780735e-03 8.8939839601516724e-01 3.1870000000000000e+03 8.5099243164062500e+01
-9.9972343444824219e-01 -2.3024756461381912e-02 4.7942749224603176e-03 1.4817789793014526e+00 -9.9818176031112671e-01 -5.9074234217405319e-02 1.1979496106505394e-02 1.5164067745208740e+00 1.3060000000000000e+03 2.2639126586914062e+02
9.9938517808914185e-01 -1.1713447747752070e-03 -3.5041902214288712e-02 8.9708507061004639e-01 9.9958467483520508e-01 2.8535125777125359e-02 -4.0329573675990105e-03 9.0837621688842773e-01 1.3550000000000000e+03 8.4452354431152344e+01
