-4.3743822723627090e-02 6.3019230961799622e-02 -9.9705314636230469e-01 1.9746266603469849e+00 -2.9660088941454887e-02 -5.8259141445159912e-01 -8.1222373247146606e-01 2.0513219833374023e+00 8.4950000000000000e+03 1.7102861022949219e+02
9.9979031085968018e-01 2.0150542259216309e-02 3.6475688684731722e-03 9.0912145376205444e-01 9.9992984533309937e-01 -1.0503021068871021e-02 -5.4719676263630390e-03 9.1381055116653442e-01 1.3420000000000000e+03 9.3119224548339844e+01
-2.1461153402924538e-02 -5.8183111250400543e-03 -9.9975270032882690e-01 1.9344980716705322e+00 -1.1242030188441277e-02 -6.6013646125793457e-01 -7.5106149911880493e-01 1.9652353525161743e+00 6.0390000000000000e+03 1.8765657043457031e+02
-3.9850220084190369e-02 3.7987598776817322e-01 -9.2417860031127930e-01 2.0536599159240723e+00 -4.1532672941684723e-02 -2.5560608506202698e-01 -9.6588844060897827e-01 2.0353701114654541e+00 1.7820000000000000e+03 1.5539309692382812e+02
-2.0813394337892532e-02 2.4114090204238892e-01 -9.7026693820953369e-01 1.6698315143585205e+00 -4.3843067251145840e-03 -4.2252174019813538e-01 -9.0634214878082275e-01 1.6884349584579468e+00 6.1900000000000000e+03 1.6910920715332031e+02
9.9989080429077148e-01 1.4781434088945389e-02 4.5772434532409534e-05 8.8912647962570190e-01 9.9999767541885376e-01 1.3520694337785244e-03 1.6872161068022251e-03 8.9115136861801147e-01 2.3280000000000000e+03 6.2984405517578125e+01
9.9985039234161377e-01 1.6932174563407898e-02 3.5321533214300871e-03 9.1694778203964233e-01 9.9982047080993652e-01 -1.5524496324360371e-02 1.0872391983866692e-02 8.9595037698745728e-01 1.3030000000000000e+03 1.2438756561279297e+02
-8.1931585446000099e-03 7.3702555894851685e-01 -6.7581516504287720e-01 1.1018658876419067e+00 3.0351767782121897e-03 4.7873944044113159e-02 -9.9884879589080811e-01 1.0802614688873291e+00 5.7190000000000000e+03 1.7451354980468750e+02
-8.9227855205535889e-03 9.1410315036773682e-01 -4.0538364648818970e-01 5.1032572984695435e-01 6.0165664181113243e-03 2.7771201729774475e-01 -9.6064549684524536e-01 5.2379393577575684e-01 2.3430000000000000e+03 1.7818437194824219e+02
1.7907395958900452e-03 -5.3005796670913696e-01 -8.4795957803726196e-01 9.9329966306686401e-01 -1.7300015315413475e-02 -9.7547489404678345e-01 -2.1942989528179169e-01 1.0199973583221436e+00 4.1950000000000000e+03 1.9858187866210938e+02
4.7877551987767220e-03 -2.0866470038890839e-01 -9.7797554731369019e-01 1.9003437757492065e+00 -3.1992077827453613e-02 -8.1809169054031372e-01 -5.7419723272323608e-01 1.9962085485458374e+00 2.5740000000000000e+03 2.0740715026855469e+02
-1.8369788303971291e-02 4.9179708957672119e-01 -8.7051612138748169e-01 2.0702221393585205e+00 -2.2788021713495255e-02 -2.0996272563934326e-01 -9.7744369506835938e-01 2.0783386230468750e+00 7.7720000000000000e+03 1.6511590576171875e+02
9.9979394674301147e-01 1.9966263324022293e-02 3.6772883031517267e-03 8.8430410623550415e-01 9.9992787837982178e-01 8.9441407471895218e-03 -8.0113261938095093e-03 9.0225529670715332e-01 1.4010000000000000e+03 8.5840110778808594e+01
-1.2147174216806889e-02 7.7762532234191895e-01 -6.2861061096191406e-01 7.9581528902053833e-01 4.1315862908959389e-03 1.0737533867359161e-01 -9.9420994520187378e-01 9.8730432987213135e-01 1.4880000000000000e+03 1.7635269165039062e+02
9.9984180927276611e-01 1.6761621460318565e-02 -5.9501989744603634e-03 9.0181964635848999e-01 9.9904471635818481e-01 -1.3817812316119671e-02 -4.1455067694187164e-02 7.8980886936187744e-01 1.0780000000000000e+03 9.4375000000000000e+01
9.6569797024130821e-03 -7.4645245075225830e-01 -6.6536867618560791e-01 5.5704182386398315e-01 1.8062555463984609e-03 -9.9812197685241699e-01 6.1230275779962540e-02 5.7320904731750488e-01 3.0410000000000000e+03 1.9569319152832031e+02
8.6459040176123381e-04 -5.9210145473480225e-01 -8.0586308240890503e-01 1.0578925609588623e+00 -1.9888937473297119e-02 -9.8609530925750732e-01 -1.6498616337776184e-01 1.1251229047775269e+00 1.4970000000000000e+03 2.2541482543945312e+02
-5.7619442231953144e-03 -2.8774672746658325e-01 -9.5768916606903076e-01 1.3828750848770142e+00 -2.8144350275397301e-02 -8.7243497371673584e-01 -4.8791918158531189e-01 1.4637186527252197e+00 2.7670000000000000e+03 2.1099205017089844e+02
3.2227236777544022e-02 4.0523651987314224e-02 -9.9865871667861938e-01 1.5606534481048584e+00 -1.1200568638741970e-02 -6.5581834316253662e-01 -7.5483566522598267e-01 1.5931831598281860e+00 1.1010000000000000e+03 2.0472004699707031e+02
-2.9374014586210251e-02 1.7215449362993240e-02 -9.9942022562026978e-01 1.5434051752090454e+00 -1.1200568638741970e-02 -6.5581834316253662e-01 -7.5483566522598267e-01 1.5931831598281860e+00 3.1720000000000000e+03 2.0472004699707031e+02
-3.5293879918754101e-03 2.5708803534507751e-01 -9.6638149023056030e-01 1.2239685058593750e+00 4.7117520123720169e-02 -3.8489472866058350e-01 -9.2175710201263428e-01 1.0546184778213501e+00 3.0910000000000000e+03 1.4115817260742188e+02
-3.5293879918754101e-03 2.5708803534507751e-01 -9.6638149023056030e-01 1.2239685058593750e+00 1.9693184643983841e-02 -4.0494930744171143e-01 -9.1412699222564697e-01 1.2406409978866577e+00 2.5530000000000000e+03 1.4115817260742188e+02
-1.1836800724267960e-02 2.7749973535537720e-01 -9.6065282821655273e-01 1.3177454471588135e+00 1.9693184643983841e-02 -4.0494930744171143e-01 -9.1412699222564697e-01 1.2406409978866577e+00 2.5530000000000000e+03 2.1015464782714844e+02
1.3808911666274071e-02 -4.0102243423461914e-01 -9.1596412658691406e-01 1.1001614332199097e+00 -7.1811997331678867e-03 -9.2658108472824097e-01 -3.7602669000625610e-01 1.1637662649154663e+00 2.6940000000000000e+03 2.0674945068359375e+02
-2.5952252326533198e-04 -3.0202752351760864e-01 -9.5329916477203369e-01 1.1738775968551636e+00 -7.1811997331678867e-03 -9.2658108472824097e-01 -3.7602669000625610e-01 1.1637662649154663e+00 2.2010000000000000e+03 2.1728895568847656e+02
-2.8215555474162102e-02 -1.8279430270195007e-01 -9.8274618387222290e-01 1.8075201511383057e+00 -4.5041311532258987e-02 -8.0558258295059204e-01 -5.9076905250549316e-01 1.8962602615356445e+00 3.7490000000000000e+03 2.0095465087890625e+02
-1.1733170598745346e-02 7.5488466024398804e-01 -6.5575253963470459e-01 1.1782112121582031e+00 3.1401035375893116e-03 6.1225811950862408e-03 -9.9997639656066895e-01 1.1953543424606323e+00 2.5630000000000000e+03 1.7620756530761719e+02
-1.4033622574061155e-03 5.5361980199813843e-01 -8.3276826143264771e-01 7.5174623727798462e-01 6.4582950435578823e-03 -1.2429574877023697e-01 -9.9222415685653687e-01 7.0797717571258545e-01 9.0490000000000000e+03 1.3996421813964844e+02
9.9963778257369995e-01 2.5728516280651093e-02 -7.8907543793320656e-03 9.1129159927368164e-01 9.9998420476913452e-01 -2.6442836970090866e-03 -4.9588391557335854e-03 8.9538043737411499e-01 2.2410000000000000e+03 8.9694335937500000e+01
-9.9911844730377197e-01 -3.9304718375205994e-02 1.4745548367500305e-02 1.4625264406204224e+00 -9.9998128414154053e-01 -3.4874598495662212e-03 5.0331214442849159e-03 1.5721110105514526e+00 1.4580000000000000e+03 1.9786262512207031e+02
-2.4030007421970367e-02 9.9931341409683228e-01 2.8201838955283165e-02 4.5365682244300842e-01 -9.1193486005067825e-03 7.4141985177993774e-01 -6.7097944021224976e-01 3.9537188410758972e-01 2.4700000000000000e+03 1.5425573730468750e+02
2.1707305684685707e-02 -1.0184161365032196e-02 -9.9971246719360352e-01 7.5162374973297119e-01 1.3322126120328903e-02 -7.9561513662338257e-01 -6.0565584897994995e-01 6.7765390872955322e-01 1.2750000000000000e+03 1.7082238769531250e+02
2.9705129563808441e-03 6.0359123162925243e-03 -9.9997740983963013e-01 1.1908855438232422e+00 -1.2820016592741013e-02 -6.6209948062896729e-01 -7.4930638074874878e-01 1.2440727949142456e+00 1.0274000000000000e+04 1.6748442077636719e+02
-4.3237928301095963e-02 6.8101125955581665e-01 -7.3099529743194580e-01 1.5810431241989136e+00 -1.6781663522124290e-02 5.1128305494785309e-03 -9.9984610080718994e-01 1.5460460186004639e+00 7.6720000000000000e+03 1.5059346008300781e+02
-1.2451577000319958e-02 4.8775023221969604e-01 -8.7289440631866455e-01 1.0782775878906250e+00 3.3368435688316822e-03 -1.6534684598445892e-01 -9.8622983694076538e-01 1.0597029924392700e+00 7.0720000000000000e+03 1.6734770202636719e+02
9.9963814020156860e-01 2.6876607909798622e-02 1.0610672179609537e-03 8.8344925642013550e-01 9.9988776445388794e-01 9.7077218815684319e-03 -1.1407127603888512e-02 9.0327799320220947e-01 2.6130000000000000e+03 8.7625991821289062e+01
-2.4058979004621506e-02 9.2149722576141357e-01 -3.8763901591300964e-01 2.1375553607940674e+00 -4.0733836591243744e-02 2.9418340325355530e-01 -9.5488059520721436e-01 2.1388685703277588e+00 3.0720000000000000e+03 1.3871257019042969e+02
-1.2983661144971848e-04 6.4163100719451904e-01 -7.6701349020004272e-01 1.5010552406311035e+00 2.0378855988383293e-02 3.9372328668832779e-02 -9.9901682138442993e-01 1.4363783597946167e+00 3.3580000000000000e+03 1.4836236572265625e+02
-2.5740118697285652e-02 6.8395704030990601e-01 -7.2906816005706787e-01 1.4335284233093262e+00 2.0378855988383293e-02 3.9372328668832779e-02 -9.9901682138442993e-01 1.4363783597946167e+00 2.3860000000000000e+03 1.9630050659179688e+02
2.7621626853942871e-02 6.0396087169647217e-01 -7.9653519392013550e-01 1.1531887054443359e+00 4.4804032891988754e-02 -3.9619576185941696e-02 -9.9820983409881592e-01 1.1972297430038452e+00 1.3360000000000000e+03 1.5408457946777344e+02
9.9976611137390137e-01 2.0808562636375427e-02 -5.8992938138544559e-03 8.9960300922393799e-01 9.9996167421340942e-01 -5.6548123247921467e-03 -6.6814259625971317e-03 8.9567822217941284e-01 2.3120000000000000e+03 8.0524810791015625e+01
9.9983251094818115e-01 1.6456710174679756e-02 -8.0108921974897385e-03 9.0627342462539673e-01 9.9998462200164795e-01 -3.3427868038415909e-03 -4.4275890104472637e-03 8.9495420455932617e-01 3.6300000000000000e+03 7.2898109436035156e+01
9.9987125396728516e-01 1.0133014060556889e-02 -1.2435548007488251e-02 9.1508644819259644e-01 9.9999636411666870e-01 -2.0813960582017899e-03 -1.7173485830426216e-03 8.9102220535278320e-01 2.7380000000000000e+03 9.6731193542480469e+01
9.9970513582229614e-01 2.3927303031086922e-02 4.1185235604643822e-03 8.9076411724090576e-01 9.9999642372131348e-01 -1.8969156080856919e-03 -1.9024229841306806e-03 8.9405441284179688e-01 1.2500000000000000e+03 7.2468429565429688e+01
9.9982088804244995e-01 1.6651459038257599e-02 -8.9893369004130363e-03 9.0809774398803711e-01 9.9999958276748657e-01 -1.6210702597163618e-04 -9.3252962687984109e-04 8.8813841342926025e-01 2.6770000000000000e+03 8.0330970764160156e+01
9.9988818168640137e-01 1.4018714427947998e-02 -5.2075874991714954e-03 8.8866496086120605e-01 9.9999082088470459e-01 -4.2262226343154907e-03 -7.9631246626377106e-04 8.8332766294479370e-01 2.2250000000000000e+03 7.2950347900390625e+01
9.9980920553207397e-01 1.6486059874296188e-02 -1.0467658750712872e-02 9.1053074598312378e-01 9.9999183416366577e-01 -2.3244635667651892e-04 -4.0453621186316013e-03 8.8885688781738281e-01 2.8960000000000000e+03 9.3128799438476562e+01
9.9978506565093994e-01 1.6364589333534241e-02 -1.2731553986668587e-02 9.0922015905380249e-01 9.9995875358581543e-01 8.5512353107333183e-03 3.0597185250371695e-03 8.8355702161788940e-01 1.5720000000000000e+03 9.5500587463378906e+01
9.9984091520309448e-01 1.7574947327375412e-02 -3.0368808656930923e-03 8.9187860488891602e-01 9.9984627962112427e-01 -1.2350169941782951e-02 -1.2442474253475666e-02 9.0968859195709229e-01 1.4390000000000000e+03 7.1140678405761719e+01
9.9977385997772217e-01 2.0874515175819397e-02 -4.0661301463842392e-03 9.0516024827957153e-01 9.9996519088745117e-01 -8.1689767539501190e-03 -1.6832157270982862e-03 9.0023070573806763e-01 1.3330000000000000e+03 9.1097267150878906e+01
4.0063890628516674e-03 -9.3122072517871857e-02 -9.9564659595489502e-01 1.1805205345153809e+00 -2.4193435907363892e-02 -7.4106711149215698e-01 -6.7099493741989136e-01 1.2463731765747070e+00 6.9880000000000000e+03 1.8356912231445312e+02
-1.5583077445626259e-02 5.4338896274566650e-01 -8.3933639526367188e-01 8.9978879690170288e-01 -3.1644895672798157e-02 -1.0154805332422256e-01 -9.9432718753814697e-01 8.5772216320037842e-01 1.8050000000000000e+03 8.8522071838378906e+01
-1.7780866473913193e-02 6.4015746116638184e-01 -7.6803791522979736e-01 1.1185491085052490e+00 -2.5270804762840271e-03 -3.2705835998058319e-02 -9.9946182966232300e-01 1.0892524719238281e+00 1.4894000000000000e+04 1.4134846496582031e+02
8.5065215826034546e-03 2.4197360873222351e-01 -9.7024554014205933e-01 5.7048046588897705e-01 9.0096313506364822e-03 -4.2986893653869629e-01 -9.0284639596939087e-01 5.7755368947982788e-01 8.5190000000000000e+03 1.3262712097167969e+02
9.9911856651306152e-01 4.1926074773073196e-02 2.0986576564610004e-03 9.0792405605316162e-01 9.9975913763046265e-01 1.3017617166042328e-02 -1.7667926847934723e-02 9.1349709033966064e-01 2.7520000000000000e+03 8.5260940551757812e+01
8.3406157791614532e-03 -3.3801159262657166e-01 -9.4110494852066040e-01 1.2496688365936279e+00 -7.0319129154086113e-03 -9.1316211223602295e-01 -4.0753582119941711e-01 1.2857135534286499e+00 2.7610000000000000e+03 2.0169593811035156e+02
9.9974340200424194e-01 2.1781178191304207e-02 -6.2154955230653286e-03 9.0936279296875000e-01 9.9991053342819214e-01 -1.3359173201024532e-02 5.7722959900274873e-04 8.9438670873641968e-01 1.6650000000000000e+03 1.0857563781738281e+02
-2.8089378029108047e-02 2.7958160638809204e-01 -9.5971101522445679e-01 1.4676576852798462e+00 -2.4121243041008711e-03 -3.8935667276382446e-01 -9.2108392715454102e-01 1.4943045377731323e+00 7.7920000000000000e+03 1.7708572387695312e+02
-2.8873162344098091e-02 2.8086161613464355e-01 -9.5931386947631836e-01 1.4682401418685913e+00 -4.8965984024107456e-03 -3.9619705080986023e-01 -9.1815245151519775e-01 1.4919382333755493e+00 7.7510000000000000e+03 1.7737982177734375e+02
-2.9643412679433823e-02 2.8086704015731812e-01 -9.5928883552551270e-01 1.4680033922195435e+00 -4.6405675821006298e-03 -3.9346194267272949e-01 -9.1932928562164307e-01 1.4927701950073242e+00 7.7530000000000000e+03 1.7728634643554688e+02
-3.0000217258930206e-02 2.8068047761917114e-01 -9.5933228731155396e-01 1.4679579734802246e+00 -5.2944333292543888e-03 -3.8797929883003235e-01 -9.2165291309356689e-01 1.4945706129074097e+00 7.8580000000000000e+03 1.7667854309082031e+02
-3.0110128223896027e-02 2.8046149015426636e-01 -9.5939290523529053e-01 1.4676835536956787e+00 -5.0437827594578266e-03 -3.9277851581573486e-01 -9.1961932182312012e-01 1.4920986890792847e+00 7.7300000000000000e+03 1.7706326293945312e+02
-3.0729122459888458e-02 2.8772810101509094e-01 -9.5721894502639771e-01 1.4695404767990112e+00 -6.1283046379685402e-03 -3.8317355513572693e-01 -9.2365598678588867e-01 1.4935675859451294e+00 8.0760000000000000e+03 1.7523031616210938e+02
-2.9715754091739655e-02 3.2916519045829773e-01 -9.4380462169647217e-01 1.5094228982925415e+00 -1.0662098415195942e-02 -3.4712505340576172e-01 -9.3775820732116699e-01 1.5244803428649902e+00 6.5940000000000000e+03 1.7052812194824219e+02
-2.7192316949367523e-02 3.0101710557937622e-01 -9.5323097705841064e-01 1.5688589811325073e+00 -1.6194466501474380e-02 -3.6568260192871094e-01 -9.3059873580932617e-01 1.5885640382766724e+00 5.5600000000000000e+03 1.6898872375488281e+02
-2.9516028240323067e-02 2.9979422688484192e-01 -9.5354723930358887e-01 1.5583486557006836e+00 -1.7299128696322441e-02 -3.6781942844390869e-01 -9.2973643541336060e-01 1.5771994590759277e+00 5.8110000000000000e+03 1.6936167907714844e+02
-1.0658054612576962e-02 -1.8951101601123810e-01 -9.8182076215744019e-01 1.4430375099182129e+00 -5.5687807500362396e-02 -8.1334322690963745e-01 -5.7911276817321777e-01 1.5421611070632935e+00 2.1110000000000000e+03 2.2006964111328125e+02
-1.9839379936456680e-02 6.3365370035171509e-01 -7.7336233854293823e-01 1.0290625095367432e+00 -1.4001644216477871e-02 -5.2557714283466339e-02 -9.9851977825164795e-01 9.9492985010147095e-01 1.2909000000000000e+04 1.3608831787109375e+02
2.1553354337811470e-02 -6.6581469774246216e-01 -7.4580579996109009e-01 6.1389756202697754e-01 8.4936572238802910e-03 -9.9881142377853394e-01 -4.7995701432228088e-02 6.3850843906402588e-01 3.8850000000000000e+03 1.8474517822265625e+02
8.6275907233357430e-03 4.5625891536474228e-02 -9.9892133474349976e-01 9.6711915731430054e-01 -2.5087525136768818e-04 -6.4405286312103271e-01 -7.6498103141784668e-01 1.0042694807052612e+00 9.8720000000000000e+03 1.4986203002929688e+02
9.9809104576706886e-03 -3.4057807642966509e-03 -9.9994432926177979e-01 9.3115842342376709e-01 -1.5139828436076641e-02 -6.1217296123504639e-01 -7.9057896137237549e-01 1.1199070215225220e+00 1.6620000000000000e+03 1.3651168823242188e+02
9.9809104576706886e-03 -3.4057807642966509e-03 -9.9994432926177979e-01 9.3115842342376709e-01 4.9402210861444473e-03 -6.6258788108825684e-01 -7.4896800518035889e-01 9.7685813903808594e-01 6.8690000000000000e+03 1.6658888244628906e+02
-2.2212656214833260e-02 -7.2338692843914032e-02 -9.9713277816772461e-01 7.7980738878250122e-01 4.9402210861444473e-03 -6.6258788108825684e-01 -7.4896800518035889e-01 9.7685813903808594e-01 1.6570000000000000e+03 1.6658888244628906e+02
-2.4916809052228928e-02 9.9938517808914185e-01 -2.4665884673595428e-02 1.2456901073455811e+00 -4.4518588110804558e-03 6.1123800277709961e-01 -7.9143434762954712e-01 1.1129634380340576e+00 1.5210000000000000e+03 1.6296028137207031e+02
2.9626260511577129e-03 6.7760795354843140e-03 -9.9997258186340332e-01 9.0842491388320923e-01 -1.3512728735804558e-02 -6.8472903966903687e-01 -7.2867244482040405e-01 9.3719518184661865e-01 5.6280000000000000e+03 1.4970834350585938e+02
1.6210397705435753e-02 7.5157531537115574e-03 -9.9984031915664673e-01 8.8731014728546143e-01 3.6657208111137152e-03 -6.7627948522567749e-01 -7.3663610219955444e-01 9.1682237386703491e-01 1.5292000000000000e+04 1.3898091125488281e+02
9.3605890870094299e-03 9.5789097249507904e-03 -9.9991029500961304e-01 8.6611837148666382e-01 -1.1322746984660625e-02 -6.4074498414993286e-01 -7.6767039299011230e-01 1.0506764650344849e+00 3.3960000000000000e+03 1.3464309692382812e+02
9.3605890870094299e-03 9.5789097249507904e-03 -9.9991029500961304e-01 8.6611837148666382e-01 2.7214724104851484e-03 -6.7136824131011963e-01 -7.4111896753311157e-01 8.9865195751190186e-01 9.4970000000000000e+03 1.5203485107421875e+02
1.8991656601428986e-02 -1.5762279927730560e-01 -9.8731672763824463e-01 9.5634526014328003e-01 -3.9132949896156788e-03 -8.5962355136871338e-01 -5.1091301441192627e-01 7.8507196903228760e-01 1.9310000000000000e+03 1.2748316955566406e+02
1.8991656601428986e-02 -1.5762279927730560e-01 -9.8731672763824463e-01 9.5634526014328003e-01 2.4226629175245762e-03 -8.0855882167816162e-01 -5.8841043710708618e-01 9.8773974180221558e-01 3.0160000000000000e+03 1.6708276367187500e+02
8.3300052210688591e-03 -2.0744061470031738e-01 -9.7821223735809326e-01 8.2808655500411987e-01 -3.9132949896156788e-03 -8.5962355136871338e-01 -5.1091301441192627e-01 7.8507196903228760e-01 1.9310000000000000e+03 1.4440975952148438e+02
8.3300052210688591e-03 -2.0744061470031738e-01 -9.7821223735809326e-01 8.2808655500411987e-01 2.4226629175245762e-03 -8.0855882167816162e-01 -5.8841043710708618e-01 9.8773974180221558e-01 6.7910000000000000e+03 1.6708276367187500e+02
9.9962794780731201e-01 2.2457737475633621e-02 1.5479685738682747e-02 8.7850916385650635e-01 9.9999928474426270e-01 2.9270121012814343e-04 -1.1444451520219445e-03 8.9671820402145386e-01 1.9260000000000000e+03 8.1675224304199219e+01
9.9977946281433105e-01 2.0786831155419350e-02 2.9899757355451584e-03 8.9133000373840332e-01 9.9999421834945679e-01 3.0252223950810730e-04 -3.3845370635390282e-03 8.9062911272048950e-01 3.2640000000000000e+03 8.3015068054199219e+01
9.9986684322357178e-01 1.6289247199892998e-02 -9.8220817744731903e-04 8.9706367254257202e-01 9.9998801946640015e-01 -4.3799211271107197e-03 -2.2047653328627348e-03 8.9236766099929810e-01 4.2720000000000000e+03 7.8059692382812500e+01
-9.9814456701278687e-01 -5.2174068987369537e-02 -3.1391397118568420e-02 1.5898166894912720e+00 -9.9987679719924927e-01 4.7467411495745182e-03 1.4963065274059772e-02 1.5192762613296509e+00 1.1820000000000000e+03 1.9865908813476562e+02
9.9987560510635376e-01 1.5722315758466721e-02 -1.2918160064145923e-03 8.9935916662216187e-01 9.9998939037322998e-01 -4.4031748548150063e-03 -1.3314125826582313e-03 8.9102053642272949e-01 3.8370000000000000e+03 8.5758407592773438e+01
-9.9961477518081665e-01 -2.7623303234577179e-02 -2.7013579383492470e-03 1.5102943181991577e+00 -9.9984043836593628e-01 -6.3243433833122253e-03 1.6706053167581558e-02 1.5239188671112061e+00 1.5070000000000000e+03 2.1607794189453125e+02
9.9986565113067627e-01 1.6255181282758713e-02 -2.1083573810756207e-03 8.9515417814254761e-01 9.9999260902404785e-01 -2.8441424947232008e-03 -2.5840422604233027e-03 8.9062154293060303e-01 3.6490000000000000e+03 8.0781509399414062e+01
-9.9860697984695435e-01 -5.1720056682825089e-02 -1.0446188040077686e-02 1.5378218889236450e+00 -9.9974757432937622e-01 2.2798439022153616e-03 2.2351996973156929e-02 1.5146178007125854e+00 1.7590000000000000e+03 2.0393803405761719e+02
9.9986487627029419e-01 1.6415812075138092e-02 -8.7760755559429526e-04 8.9864420890808105e-01 9.9999952316284180e-01 -4.3504277709871531e-04 -9.3045388348400593e-04 8.8951069116592407e-01 3.9410000000000000e+03 8.1474075317382812e+01
9.9989855289459229e-01 1.4146924950182438e-02 1.6403715126216412e-03 8.9637488126754761e-01 9.9998170137405396e-01 -4.3641895172186196e-04 6.0384552925825119e-03 8.7925112247467041e-01 2.7760000000000000e+03 8.0451370239257812e+01
-7.6802824623882771e-03 3.9859187602996826e-01 -9.1709625720977783e-01 2.1657612323760986e+00 -2.9944570735096931e-02 -2.5208961963653564e-01 -9.6724051237106323e-01 2.2092134952545166e+00 2.7330000000000000e+03 1.4747679138183594e+02
1.1337564792484045e-03 3.8629868626594543e-01 -9.2237299680709839e-01 1.5106207132339478e+00 8.0963531509041786e-03 -2.5133541226387024e-01 -9.6786618232727051e-01 1.5099846124649048e+00 6.8260000000000000e+03 1.6757061767578125e+02
9.9994212388992310e-01 1.0743692517280579e-02 -5.2939954912289977e-04 8.8921689987182617e-01 9.9998831748962402e-01 -4.7679170966148376e-03 7.8460579970851541e-04 8.8499891757965088e-01 2.7210000000000000e+03 7.7531791687011719e+01
4.0959366597235203e-03 -1.0822555981576443e-02 -9.9993300437927246e-01 1.3114850521087646e+00 -5.0080274231731892e-03 -6.5140420198440552e-01 -7.5871437788009644e-01 1.3993045091629028e+00 1.5290000000000000e+03 1.7654768371582031e+02
4.0959366597235203e-03 -1.0822555981576443e-02 -9.9993300437927246e-01 1.3114850521087646e+00 1.2658967636525631e-02 -6.7278122901916504e-01 -7.3973321914672852e-01 1.3534034490585327e+00 4.5060000000000000e+03 1.7654768371582031e+02
1.3549212366342545e-02 -7.2602319717407227e-01 -6.8753671646118164e-01 6.1501514911651611e-01 1.3728853315114975e-02 -9.9962228536605835e-01 2.3808099329471588e-02 6.3409161567687988e-01 3.3990000000000000e+03 1.9170520019531250e+02
1.4766501262784004e-03 -4.7892940044403076e-01 -8.7785220146179199e-01 1.0452442169189453e+00 -7.7063795179128647e-03 -9.6062970161437988e-01 -2.7772501111030579e-01 1.0712350606918335e+00 3.2480000000000000e+03 2.0884790039062500e+02
-3.4848740324378014e-04 -3.1622007489204407e-01 -9.4868582487106323e-01 1.3063341379165649e+00 -1.4978623017668724e-02 -8.9112818241119385e-01 -4.5350432395935059e-01 1.3757650852203369e+00 2.3260000000000000e+03 2.1274548339843750e+02
-5.0918512046337128e-02 6.1563348770141602e-01 -7.8638583421707153e-01 1.7030940055847168e+00 2.5567105039954185e-02 -6.9189861416816711e-02 -9.9727588891983032e-01 1.6061236858367920e+00 2.9490000000000000e+03 1.6255844116210938e+02
2.2359579801559448e-02 -1.1137638986110687e-01 -9.9352675676345825e-01 1.2138873338699341e+00 4.4849358499050140e-02 -7.5103962421417236e-01 -6.5873217582702637e-01 1.2978290319442749e+00 1.1950000000000000e+03 1.2762761688232422e+02
6.1061546206474304e-02 -1.4257916808128357e-01 -9.8789805173873901e-01 1.4217046499252319e+00 -9.7973812371492386e-03 -7.6867234706878662e-01 -6.3956773281097412e-01 1.4860017299652100e+00 2.7550000000000000e+03 1.8960000610351562e+02
6.1061546206474304e-02 -1.4257916808128357e-01 -9.8789805173873901e-01 1.4217046499252319e+00 4.4849358499050140e-02 -7.5103962421417236e-01 -6.5873217582702637e-01 1.2978290319442749e+00 1.1950000000000000e+03 1.2762761688232422e+02
-3.7705851718783379e-03 -1.3070911169052124e-01 -9.9141359329223633e-01 1.4901741743087769e+00 -9.7973812371492386e-03 -7.6867234706878662e-01 -6.3956773281097412e-01 1.4860017299652100e+00 2.7550000000000000e+03 1.8960000610351562e+02
-3.7705851718783379e-03 -1.3070911169052124e-01 -9.9141359329223633e-01 1.4901741743087769e+00 4.4849358499050140e-02 -7.5103962421417236e-01 -6.5873217582702637e-01 1.2978290319442749e+00 1.1950000000000000e+03 1.7913920593261719e+02
1.2098821997642517e-01 1.5919089317321777e-02 -9.9252623319625854e-01 1.1722652912139893e+00 4.4849358499050140e-02 -7.5103962421417236e-01 -6.5873217582702637e-01 1.2978290319442749e+00 1.1950000000000000e+03 1.4088737487792969e+02
-2.4181082844734192e-02 -1.4246200025081635e-01 -9.8950487375259399e-01 1.8049417734146118e+00 -2.7402037754654884e-02 -7.7668744325637817e-01 -6.2928998470306396e-01 1.8818714618682861e+00 4.4020000000000000e+03 1.9806497192382812e+02
-2.2454878315329552e-02 -3.5125467181205750e-01 -9.3601059913635254e-01 1.9621148109436035e+00 -7.3743197135627270e-03 -8.8873684406280518e-01 -4.5835831761360168e-01 2.1017901897430420e+00 1.5200000000000000e+03 2.0757499694824219e+02
9.9970531463623047e-01 2.4272302165627480e-02 2.9273238033056259e-04 9.0521836280822754e-01 9.9995481967926025e-01 -8.7178785179276019e-05 9.5061967149376869e-03 8.8116407394409180e-01 1.3350000000000000e+03 7.3552711486816406e+01
-1.7593169584870338e-02 8.4148722887039185e-01 -5.3999060392379761e-01 1.2928402423858643e+00 -2.5813034735620022e-03 2.0778974890708923e-01 -9.7817015647888184e-01 1.2636190652847290e+00 4.9180000000000000e+03 1.6491134643554688e+02
9.9972909688949585e-01 2.3154400289058685e-02 -2.3609304334968328e-03 9.0095156431198120e-01 9.9999368190765381e-01 -3.1705128494650126e-03 -1.6241100383922458e-03 8.9374315738677979e-01 2.1900000000000000e+03 8.0302543640136719e+01
9.9987876415252686e-01 1.5488737262785435e-02 1.5873112715780735e-03 8.8939839601516724e-01 9.9992340803146362e-01 1.2181883677840233e-02 2.1769644226878881e-03 8.9260852336883545e-01 1.7730000000000000e+03 7.0136802673339844e+01
9.9958467483520508e-01 2.8535125777125359e-02 -4.0329573675990105e-03 9.0837621688842773e-01 9.9999737739562988e-01 2.1713961905334145e-04 -2.3007565177977085e-03 8.9530158042907715e-01 1.3550000000000000e+03 7.6879104614257812e+01
