9.9935775995254517e-01 7.8915245831012726e-04 -3.5824537277221680e-02 9.0486460924148560e-01 9.9968141317367554e-01 -1.0623185895383358e-02 -2.2892147302627563e-02 9.3794894218444824e-01 5.5600000000000000e+03 8.9315650939941406e+01
-9.9951028823852539e-01 -2.5146784260869026e-02 1.8621997907757759e-02 1.4232565164566040e+00 -9.9953210353851318e-01 -2.9218392446637154e-02 -9.0524964034557343e-03 1.5780228376388550e+00 1.8710000000000000e+03 2.0733724975585938e+02
9.9923545122146606e-01 -1.1417788482503965e-04 -3.9097670465707779e-02 9.0785765647888184e-01 9.9970942735671997e-01 -1.1349292472004890e-02 -2.1264521405100822e-02 9.3108034133911133e-01 5.4530000000000000e+03 8.8746009826660156e+01
-9.9960225820541382e-01 -2.6347402483224869e-02 1.0056590661406517e-02 1.4698624610900879e+00 -9.9984544515609741e-01 -1.5112249180674553e-02 -8.9871725067496300e-03 1.6124289035797119e+00 2.2700000000000000e+03 2.0282263183593750e+02
9.9947327375411987e-01 -1.6732631484046578e-03 -3.2409057021141052e-02 9.0014708042144775e-01 9.9971067905426025e-01 -6.4674150198698044e-03 -2.3168241605162621e-02 9.3851923942565918e-01 4.9460000000000000e+03 8.9650016784667969e+01
-9.9921411275863647e-01 -3.0810249969363213e-02 2.4939559400081635e-02 1.4171743392944336e+00 -9.9928957223892212e-01 -3.5394910722970963e-02 -1.2946412898600101e-02 1.6008330583572388e+00 2.0870000000000000e+03 2.0225442504882812e+02
9.9938601255416870e-01 1.0652181226760149e-03 -3.5020604729652405e-02 8.9995890855789185e-01 9.9967455863952637e-01 -7.9162148758769035e-03 -2.4253195151686668e-02 9.3538087606430054e-01 4.7780000000000000e+03 8.8365959167480469e+01
9.9946874380111694e-01 -2.6916791684925556e-03 -3.2479576766490936e-02 8.8761645555496216e-01 9.9969053268432617e-01 -1.4552592299878597e-02 -2.0178241655230522e-02 9.2637908458709717e-01 2.1670000000000000e+03 1.1703092193603516e+02
9.9960219860076904e-01 5.3316624835133553e-03 -2.7695739641785622e-02 8.8369041681289673e-01 9.9975365400314331e-01 -1.0287470184266567e-02 -1.9668657332658768e-02 9.2402446269989014e-01 2.0020000000000000e+03 1.1185264587402344e+02
9.9928128719329834e-01 6.7693423479795456e-03 -3.7296678870916367e-02 8.9538288116455078e-01 9.9979954957962036e-01 -1.2431142851710320e-02 -1.5691891312599182e-02 9.2157077789306641e-01 2.1090000000000000e+03 1.0854054260253906e+02
-2.6760071516036987e-02 8.5764598846435547e-01 -5.1354372501373291e-01 1.0254336595535278e+00 6.2913767993450165e-02 -4.3715709447860718e-01 -8.9718198776245117e-01 1.0560886859893799e+00 2.2990000000000000e+03 1.9103958129882812e+02
9.9954098463058472e-01 -1.3935284689068794e-02 -2.6903819292783737e-02 9.0144598484039307e-01 9.9957340955734253e-01 -1.0558045469224453e-02 -2.7232643216848373e-02 9.3829017877578735e-01 1.0160000000000000e+03 1.2358464813232422e+02
-2.3668769281357527e-03 9.9063515663146973e-01 -1.3651506602764130e-01 7.5102704763412476e-01 4.1296243667602539e-02 -5.3303834050893784e-02 -9.9772411584854126e-01 9.1170114278793335e-01 1.2280000000000000e+03 2.3185911560058594e+02
9.9986606836318970e-01 -2.7241162024438381e-04 -1.6364600509405136e-02 8.6603230237960815e-01 9.9947452545166016e-01 -1.6950368881225586e-02 -2.7629792690277100e-02 9.3781310319900513e-01 1.2830000000000000e+03 6.3803691864013672e+01
-1.0152239352464676e-02 4.3789440393447876e-01 -8.9896905422210693e-01 1.8431677818298340e+00 2.5666004512459040e-03 -8.4340554475784302e-01 -5.3727132081985474e-01 1.8636378049850464e+00 1.3670000000000000e+03 2.0075061035156250e+02
-6.2144745141267776e-02 4.7116935253143311e-01 -8.7985080480575562e-01 1.9308722019195557e+00 2.5666004512459040e-03 -8.4340554475784302e-01 -5.3727132081985474e-01 1.8636378049850464e+00 2.3320000000000000e+03 2.0075061035156250e+02
-1.3581653125584126e-02 5.3634427487850189e-02 -9.9846822023391724e-01 1.0636547803878784e+00 -1.1178221553564072e-02 -9.9825882911682129e-01 -5.7916641235351562e-02 1.1450870037078857e+00 1.3300000000000000e+03 2.2108346557617188e+02
9.9951428174972534e-01 -6.4219697378575802e-03 -3.0497103929519653e-02 9.0021198987960815e-01 9.9996340274810791e-01 -5.3817839361727238e-03 -6.6473111510276794e-03 9.1297340393066406e-01 2.5340000000000000e+03 8.0352996826171875e+01
-6.8649038672447205e-02 6.6690725088119507e-01 -7.4197179079055786e-01 2.0873577594757080e+00 -3.9718756452202797e-03 -6.7592883110046387e-01 -7.3695629835128784e-01 2.0444161891937256e+00 1.7980000000000000e+03 1.9266850280761719e+02
9.9930310249328613e-01 -1.2668954441323876e-03 -3.7306357175111771e-02 9.1219055652618408e-01 9.9954366683959961e-01 -8.9483633637428284e-03 -2.8848901391029358e-02 9.3878763914108276e-01 1.7170000000000000e+03 1.0762622070312500e+02
-1.3326297514140606e-02 1.3061128556728363e-01 -9.9134403467178345e-01 7.7428394556045532e-01 6.9216109113767743e-04 -9.9223989248275757e-01 -1.2433716654777527e-01 8.4023189544677734e-01 3.2680000000000000e+03 1.9999540710449219e+02
9.9932372570037842e-01 -6.6442508250474930e-03 -3.6165844649076462e-02 9.2607909440994263e-01 9.9961972236633301e-01 -4.1642021387815475e-03 -2.7259351685643196e-02 9.3888652324676514e-01 2.0120000000000000e+03 1.1431560516357422e+02
9.9860966205596924e-01 -1.9296832382678986e-02 -4.9054753035306931e-02 9.0038341283798218e-01 9.9946725368499756e-01 -2.9205773025751114e-02 -1.4571814797818661e-02 9.3410617113113403e-01 1.6320000000000000e+03 1.0162644195556641e+02
9.9942636489868164e-01 -9.9412137642502785e-03 -3.2372079789638519e-02 9.0071320533752441e-01 9.9975109100341797e-01 -1.3997714035212994e-02 -1.7370130866765976e-02 9.2784130573272705e-01 1.1590000000000000e+03 6.4039688110351562e+01
9.9956601858139038e-01 -6.6908416338264942e-03 -2.8687177225947380e-02 9.1198712587356567e-01 9.9997723102569580e-01 -5.2410946227610111e-03 -4.2573702521622181e-03 9.0572476387023926e-01 1.9640000000000000e+03 9.5431640625000000e+01
9.9956774711608887e-01 -7.2345589287579060e-03 -2.8494179248809814e-02 9.1315746307373047e-01 9.9998944997787476e-01 -4.5143663883209229e-03 -8.9922273764386773e-04 8.9939492940902710e-01 1.9420000000000000e+03 9.5597442626953125e+01
9.9965369701385498e-01 -1.3109194114804268e-03 -2.6281865313649178e-02 9.1334253549575806e-01 9.9973857402801514e-01 -3.1245120335370302e-03 -2.2651094943284988e-02 9.2918574810028076e-01 2.7590000000000000e+03 1.0029496765136719e+02
9.9925577640533447e-01 -8.1584239378571510e-03 -3.7702571600675583e-02 9.0134567022323608e-01 9.9982535839080811e-01 -1.4369553886353970e-02 -1.1946443468332291e-02 9.0832775831222534e-01 3.0140000000000000e+03 1.1591672515869141e+02
-9.9965554475784302e-01 -2.3945728316903114e-02 1.0744557715952396e-02 1.4668383598327637e+00 -9.9870479106903076e-01 -3.9712719619274139e-02 -3.1806606799364090e-02 1.6228498220443726e+00 1.9140000000000000e+03 2.1392842102050781e+02
9.9931907653808594e-01 -2.5543321389704943e-03 -3.6806531250476837e-02 8.9772951602935791e-01 9.9975901842117310e-01 -1.1465294286608696e-02 -1.8721984699368477e-02 9.1809940338134766e-01 1.4830000000000000e+03 1.2448752593994141e+02
9.9964874982833862e-01 -3.1446565408259630e-03 -2.6319220662117004e-02 8.9261442422866821e-01 9.9961876869201660e-01 -1.6234541311860085e-02 -2.2329425439238548e-02 9.0865856409072876e-01 1.3330000000000000e+03 1.2370444488525391e+02
9.9952828884124756e-01 -5.2554891444742680e-03 -3.0259013175964355e-02 8.9563709497451782e-01 9.9994021654129028e-01 -6.9766766391694546e-03 -8.4139863029122353e-03 9.0620809793472290e-01 1.4070000000000000e+03 1.0759613800048828e+02
9.9944132566452026e-01 1.8919687136076391e-04 -3.3419232815504074e-02 8.9837473630905151e-01 9.9996227025985718e-01 -6.9531924091279507e-03 -5.2008093334734440e-03 8.9592289924621582e-01 1.9550000000000000e+03 8.4995376586914062e+01
9.9942255020141602e-01 -3.9210947579704225e-04 -3.3978167921304703e-02 8.9890521764755249e-01 9.9980473518371582e-01 -7.8463777899742126e-03 -1.8138408660888672e-02 9.1461366415023804e-01 4.0300000000000000e+03 8.7016876220703125e+01
-9.9952018260955811e-01 -2.7374010533094406e-02 -1.4492668211460114e-02 1.5363061428070068e+00 -9.9897688627243042e-01 -4.4041916728019714e-02 -1.0261229239404202e-02 1.6326200962066650e+00 1.0300000000000000e+03 2.0140853881835938e+02
9.9949115514755249e-01 6.0884171398356557e-04 -3.1889770179986954e-02 8.8950461149215698e-01 9.9969917535781860e-01 -1.0196783579885960e-02 -2.2308811545372009e-02 9.2057007551193237e-01 4.9610000000000000e+03 8.8933685302734375e+01
-9.9908465147018433e-01 -2.4095078930258751e-02 -3.5343691706657410e-02 1.6079444885253906e+00 -9.9931836128234863e-01 -3.4339386969804764e-02 1.3551816344261169e-02 1.5558888912200928e+00 1.5820000000000000e+03 2.0476864624023438e+02
9.9956589937210083e-01 1.0394377750344574e-04 -2.9461719095706940e-02 8.8852328062057495e-01 9.9973052740097046e-01 -7.2522615082561970e-03 -2.2052541375160217e-02 9.2239189147949219e-01 5.2920000000000000e+03 8.8089218139648438e+01
9.9969023466110229e-01 -2.8019829187542200e-03 -2.4728635326027870e-02 8.9064425230026245e-01 9.9975186586380005e-01 -3.7009622901678085e-03 -2.1968822926282883e-02 9.2747503519058228e-01 4.5150000000000000e+03 8.6635482788085938e+01
9.9971324205398560e-01 -3.3554616384208202e-03 -2.3711282759904861e-02 8.8169896602630615e-01 9.9979388713836670e-01 -7.0650894194841385e-03 -1.9035851582884789e-02 9.1793566942214966e-01 3.5700000000000000e+03 8.2682296752929688e+01
9.9981755018234253e-01 3.7953691207803786e-04 -1.9098641350865364e-02 8.8142257928848267e-01 9.9977177381515503e-01 -3.0018573161214590e-03 -2.1150067448616028e-02 9.2274987697601318e-01 2.8490000000000000e+03 8.4279891967773438e+01
9.9963140487670898e-01 -2.5061687920242548e-03 -2.7031090110540390e-02 9.0078198909759521e-01 9.9977922439575195e-01 -1.1462119873613119e-03 -2.0982995629310608e-02 9.2377889156341553e-01 1.5500000000000000e+03 8.4372901916503906e+01
-1.1701459996402264e-02 6.4853572845458984e-01 -7.6109427213668823e-01 1.1525859832763672e+00 1.0966663248836994e-02 -6.9657969474792480e-01 -7.1739566326141357e-01 1.2057677507400513e+00 7.6110000000000000e+03 1.6033386230468750e+02
9.9936568737030029e-01 -2.2055036388337612e-03 -3.5542875528335571e-02 9.0426498651504517e-01 9.9952167272567749e-01 -7.3612513951957226e-03 -3.0040571466088295e-02 9.3319928646087646e-01 1.3540000000000000e+03 1.1105022430419922e+02
-5.1936293020844460e-03 6.3911145925521851e-01 -7.6909661293029785e-01 1.1505483388900757e+00 1.8266480416059494e-02 -7.1175986528396606e-01 -7.0218527317047119e-01 1.2063329219818115e+00 8.1800000000000000e+03 1.4764633178710938e+02
9.9932342767715454e-01 1.8030049977824092e-03 -3.6735318601131439e-02 9.0621590614318848e-01 9.9977880716323853e-01 -3.2133962959051132e-03 -2.0784603431820869e-02 9.2568433284759521e-01 1.4820000000000000e+03 1.1455766296386719e+02
-1.7886916175484657e-03 4.6371388435363770e-01 -8.8598328828811646e-01 1.1585700511932373e+00 1.9972745329141617e-02 -8.3658432960510254e-01 -5.4747396707534790e-01 1.1801176071166992e+00 7.0980000000000000e+03 1.6946801757812500e+02
-1.7886916175484657e-03 4.6371388435363770e-01 -8.8598328828811646e-01 1.1585700511932373e+00 1.7467163503170013e-02 -8.1942516565322876e-01 -5.7291996479034424e-01 1.3311933279037476e+00 2.6980000000000000e+03 1.5134729003906250e+02
9.9967443943023682e-01 5.6109525030478835e-04 -2.5508431717753410e-02 8.8617682456970215e-01 9.9979519844055176e-01 -1.7058640951290727e-03 -2.0164379850029945e-02 9.2322093248367310e-01 2.3170000000000000e+03 1.0984721374511719e+02
9.9970668554306030e-01 -1.1419115588068962e-02 -2.1360199898481369e-02 8.8568347692489624e-01 9.9989891052246094e-01 -7.5075668282806873e-03 -1.2077391147613525e-02 9.2282074689865112e-01 1.7380000000000000e+03 8.7669738769531250e+01
9.9947863817214966e-01 -3.4199217334389687e-03 -3.2102324068546295e-02 9.0851747989654541e-01 9.9988555908203125e-01 -1.4850669540464878e-02 -2.8915749862790108e-03 8.8529610633850098e-01 1.3140000000000000e+03 1.1488660430908203e+02
9.9882602691650391e-01 -9.3779675662517548e-03 -4.7526065260171890e-02 9.0660548210144043e-01 9.9970769882202148e-01 -2.2685948759317398e-02 -8.3709191530942917e-03 9.2513322830200195e-01 3.6140000000000000e+03 7.7627388000488281e+01
9.9926280975341797e-01 1.7506997392047197e-04 -3.8389377295970917e-02 9.0156805515289307e-01 9.9978095293045044e-01 -1.1943070217967033e-02 -1.7188968136906624e-02 9.0996807813644409e-01 3.5520000000000000e+03 1.0088682556152344e+02
9.9925041198730469e-01 -1.5501018613576889e-02 -3.5473790019750595e-02 9.0416109561920166e-01 9.9992740154266357e-01 -1.0816792957484722e-02 -5.3245527669787407e-03 9.0022140741348267e-01 1.3810000000000000e+03 1.1217763519287109e+02
2.2375816479325294e-03 5.4588752985000610e-01 -8.3785545825958252e-01 1.0664818286895752e+00 1.7807647585868835e-02 -7.9186403751373291e-01 -6.1043769121170044e-01 1.0733598470687866e+00 3.6800000000000000e+03 1.1732744598388672e+02
2.2375816479325294e-03 5.4588752985000610e-01 -8.3785545825958252e-01 1.0664818286895752e+00 1.9124155864119530e-02 -7.7170717716217041e-01 -6.3569045066833496e-01 1.1020600795745850e+00 5.0530000000000000e+03 1.7568374633789062e+02
9.9968194961547852e-01 -5.4889861494302750e-03 -2.4613365530967712e-02 8.8516801595687866e-01 9.9977910518646240e-01 -1.1498577892780304e-02 -1.7595715820789337e-02 9.2223387956619263e-01 1.8440000000000000e+03 1.1026247406005859e+02
9.9970000982284546e-01 2.7622543275356293e-03 -2.4339176714420319e-02 8.8322097063064575e-01 9.9959689378738403e-01 -7.6329098083078861e-03 -2.7348240837454796e-02 9.2796468734741211e-01 3.2130000000000000e+03 9.7010269165039062e+01
-4.2896296828985214e-02 9.8159247636795044e-01 -1.8610718846321106e-01 1.0025371313095093e+00 3.1924439826980233e-04 -1.2660731375217438e-01 -9.9195283651351929e-01 9.1086667776107788e-01 2.0590000000000000e+03 1.5897555541992188e+02
-4.0366992354393005e-02 8.7780368328094482e-01 -4.7731652855873108e-01 1.2141035795211792e+00 2.4505744222551584e-03 -3.8931962847709656e-01 -9.2109942436218262e-01 1.1777063608169556e+00 3.8880000000000000e+03 1.6924906921386719e+02
-4.0824409574270248e-02 8.7846034765243530e-01 -4.7606807947158813e-01 1.2160989046096802e+00 3.6944467574357986e-03 -3.8936409354209900e-01 -9.2107653617858887e-01 1.1760516166687012e+00 3.8620000000000000e+03 1.6848916625976562e+02
-4.1270390152931213e-02 8.7888717651367188e-01 -4.7524127364158630e-01 1.2163579463958740e+00 4.6208975836634636e-03 -3.8341930508613586e-01 -9.2356282472610474e-01 1.1778107881546021e+00 3.8600000000000000e+03 1.6879367065429688e+02
-4.0615640580654144e-02 8.7916064262390137e-01 -4.7479152679443359e-01 1.2148042917251587e+00 4.6375803649425507e-03 -3.8324272632598877e-01 -9.2363601922988892e-01 1.1779677867889404e+00 3.8620000000000000e+03 1.6875299072265625e+02
-3.8130261003971100e-02 8.7887096405029297e-01 -4.7553330659866333e-01 1.2159777879714966e+00 8.0307004973292351e-03 -4.0707042813301086e-01 -9.1336148977279663e-01 1.1729910373687744e+00 3.8690000000000000e+03 1.6803198242187500e+02
-3.5171940922737122e-02 8.8253444433212280e-01 -4.6893060207366943e-01 1.2120183706283569e+00 4.0963427163660526e-03 -3.9065077900886536e-01 -9.2052978277206421e-01 1.1728320121765137e+00 3.8020000000000000e+03 1.6805050659179688e+02
-3.7755649536848068e-02 9.0489327907562256e-01 -4.2396053671836853e-01 1.1851081848144531e+00 4.3618585914373398e-03 -3.4573376178741455e-01 -9.3832242488861084e-01 1.1328854560852051e+00 3.5390000000000000e+03 1.7186076354980469e+02
9.9936157464981079e-01 -1.0072939330711961e-03 -3.5712625831365585e-02 9.0931147336959839e-01 9.9913036823272705e-01 -1.4574219472706318e-02 -3.9063729345798492e-02 9.5406401157379150e-01 1.4840000000000000e+03 1.2238679504394531e+02
9.9906200170516968e-01 -6.2678386457264423e-03 -4.2845774441957474e-02 9.0737897157669067e-01 9.9970936775207520e-01 -1.8467726185917854e-02 -1.5494912862777710e-02 9.3325811624526978e-01 2.4130000000000000e+03 7.5071998596191406e+01
9.9956071376800537e-01 -1.2006410397589207e-02 -2.7095211669802666e-02 8.8914895057678223e-01 9.9973785877227783e-01 -1.2168991379439831e-02 -1.9395533949136734e-02 9.2743015289306641e-01 3.5280000000000000e+03 1.0988179016113281e+02
9.9965548515319824e-01 -9.8642939701676369e-04 -2.6227654889225960e-02 8.9137649536132812e-01 9.9963569641113281e-01 -7.4722133576869965e-03 -2.5933451950550079e-02 9.2696410417556763e-01 4.2660000000000000e+03 1.0059048461914062e+02
9.9957811832427979e-01 -2.5548681151121855e-03 -2.8931362554430962e-02 8.9415037631988525e-01 9.9966835975646973e-01 -8.6201615631580353e-03 -2.4264218285679817e-02 9.2741233110427856e-01 4.0880000000000000e+03 9.7227752685546875e+01
9.9938523769378662e-01 1.9612840842455626e-03 -3.5004913806915283e-02 8.9656400680541992e-01 9.9948990345001221e-01 -1.9146835431456566e-02 -2.5559868663549423e-02 9.1770666837692261e-01 3.5810000000000000e+03 9.1102668762207031e+01
9.9937862157821655e-01 -2.3406646214425564e-03 -3.5170398652553558e-02 8.9832371473312378e-01 9.9969911575317383e-01 -1.5365135855972767e-02 -1.9121805205941200e-02 9.1468596458435059e-01 2.2500000000000000e+03 8.9094543457031250e+01
9.9944072961807251e-01 4.6161684440448880e-04 -3.3436920493841171e-02 8.9915925264358521e-01 9.9965757131576538e-01 -8.6038755252957344e-03 -2.4710936471819878e-02 9.2325532436370850e-01 3.6090000000000000e+03 8.8347450256347656e+01
9.9942779541015625e-01 1.4445482520386577e-03 -3.3794619143009186e-02 8.9720690250396729e-01 9.9964874982833862e-01 -8.3015020936727524e-03 -2.5171251967549324e-02 9.2514985799789429e-01 3.6260000000000000e+03 8.9452667236328125e+01
9.9947369098663330e-01 2.3425823019351810e-04 -3.2437872141599655e-02 8.9633524417877197e-01 9.9979752302169800e-01 -7.9965740442276001e-03 -1.8467366695404053e-02 9.1588151454925537e-01 3.8360000000000000e+03 8.6116218566894531e+01
9.9935197830200195e-01 3.0775526538491249e-03 -3.5861268639564514e-02 8.9754176139831543e-01 9.9971359968185425e-01 -1.0032336227595806e-02 -2.1727871149778366e-02 9.1771668195724487e-01 4.4780000000000000e+03 8.5153572082519531e+01
9.9940210580825806e-01 2.8479194734245539e-03 -3.4459583461284637e-02 8.9771991968154907e-01 9.9971514940261841e-01 -8.1332102417945862e-03 -2.2439727559685707e-02 9.1696566343307495e-01 4.6950000000000000e+03 8.6409484863281250e+01
-9.9951386451721191e-01 -3.1145244836807251e-02 1.4727030647918582e-03 1.5089670419692993e+00 -9.9969869852066040e-01 -2.2477259859442711e-02 9.8708895966410637e-03 1.5925536155700684e+00 1.3690000000000000e+03 1.9838848876953125e+02
9.9929440021514893e-01 3.7101532798260450e-03 -3.7375211715698242e-02 9.0045458078384399e-01 9.9973499774932861e-01 -9.6358060836791992e-03 -2.0905777812004089e-02 9.1718626022338867e-01 3.2040000000000000e+03 8.6227676391601562e+01
-9.9946099519729614e-01 -3.0431728810071945e-02 1.2309459969401360e-02 1.4724326133728027e+00 -9.9952685832977295e-01 -3.0708933249115944e-02 -1.7227688804268837e-03 1.6185832023620605e+00 1.5700000000000000e+03 1.9540742492675781e+02
9.9961566925048828e-01 -1.1551219504326582e-03 -2.7696872130036354e-02 8.8471519947052002e-01 9.9969929456710815e-01 -1.1925540864467621e-02 -2.1427972242236137e-02 9.1590845584869385e-01 2.5260000000000000e+03 1.0897901916503906e+02
9.9940890073776245e-01 -3.4800411667674780e-03 -3.4201223403215408e-02 8.9408004283905029e-01 9.9974161386489868e-01 -1.4125587418675423e-02 -1.7811747267842293e-02 9.1613405942916870e-01 2.4970000000000000e+03 9.5265968322753906e+01
9.9954396486282349e-01 1.5442193485796452e-02 -2.5950685143470764e-02 8.8229149580001831e-01 9.9978768825531006e-01 -5.0132940523326397e-03 -1.9984982907772064e-02 9.1448169946670532e-01 2.2980000000000000e+03 1.0784595489501953e+02
9.9968022108078003e-01 -3.5246147308498621e-03 -2.5041082873940468e-02 8.8348472118377686e-01 9.9970889091491699e-01 -7.2452202439308167e-03 -2.3012425750494003e-02 9.1829591989517212e-01 1.8220000000000000e+03 1.2334028625488281e+02
9.9945646524429321e-01 -1.2153652496635914e-02 -3.0643180012702942e-02 8.9244663715362549e-01 9.9976295232772827e-01 -1.1592871509492397e-02 -1.8430616706609726e-02 9.1947484016418457e-01 1.4940000000000000e+03 1.2477175140380859e+02
-5.9203665703535080e-02 5.0789898633956909e-01 -8.5937976837158203e-01 2.0848870277404785e+00 -1.0566693730652332e-02 -8.0725455284118652e-01 -5.9010887145996094e-01 2.1226720809936523e+00 1.9310000000000000e+03 2.1698446655273438e+02
9.9942111968994141e-01 -4.4547403231263161e-03 -3.3727210015058517e-02 8.9243012666702271e-01 9.9972808361053467e-01 -1.8495906144380569e-02 -1.4196753501892090e-02 9.0917140245437622e-01 1.2180000000000000e+03 1.1199753570556641e+02
-1.6136232763528824e-02 2.3949995636940002e-01 -9.7076225280761719e-01 8.8846188783645630e-01 1.4550971100106835e-03 -9.6165382862091064e-01 -2.7426239848136902e-01 9.4582259654998779e-01 4.4570000000000000e+03 1.9395782470703125e+02
9.9937433004379272e-01 -7.8137265518307686e-03 -3.4495417028665543e-02 9.1448926925659180e-01 9.9965697526931763e-01 -9.5722014084458351e-03 -2.4377053603529930e-02 9.2773532867431641e-01 1.5620000000000000e+03 1.2905569458007812e+02
9.9948704242706299e-01 -1.0271676816046238e-02 -3.0335895717144012e-02 9.1758799552917480e-01 9.9950659275054932e-01 -4.5096287503838539e-03 -3.1084278598427773e-02 9.3992763757705688e-01 1.4200000000000000e+03 1.2361690521240234e+02
9.9829041957855225e-01 -8.9610517024993896e-03 -5.7757161557674408e-02 9.1257417201995850e-01 9.9938637018203735e-01 -2.8162488713860512e-02 -2.0827248692512512e-02 9.3472820520401001e-01 1.7860000000000000e+03 1.0759742736816406e+02
-1.9383957609534264e-02 7.4447894096374512e-01 -6.6736459732055664e-01 1.5669245719909668e+00 1.8811377231031656e-03 -6.2471133470535278e-01 -7.8085350990295410e-01 1.5280344486236572e+00 1.3150000000000000e+03 1.5107452392578125e+02
9.9923998117446899e-01 -1.8688377458602190e-03 -3.8936324417591095e-02 9.0460497140884399e-01 9.9963718652725220e-01 -1.9469419494271278e-02 -1.8615448847413063e-02 9.1624379158020020e-01 2.3020000000000000e+03 8.5116012573242188e+01
9.9961507320404053e-01 -1.5905909240245819e-02 -2.2732293233275414e-02 8.9304751157760620e-01 9.9963146448135376e-01 -6.9923046976327896e-03 -2.6230474933981895e-02 9.3020081520080566e-01 1.5180000000000000e+03 1.2727140808105469e+02
9.9965375661849976e-01 -3.7461114116013050e-03 -2.6042569428682327e-02 8.9340591430664062e-01 9.9992179870605469e-01 -9.3710497021675110e-03 -8.2857878878712654e-03 9.0428960323333740e-01 1.1120000000000000e+03 9.2545364379882812e+01
9.9942737817764282e-01 -1.1129479389637709e-03 -3.3817455172538757e-02 9.0075087547302246e-01 9.9974888563156128e-01 -7.9820547252893448e-03 -2.0936863496899605e-02 9.2043405771255493e-01 3.6070000000000000e+03 8.7254501342773438e+01
9.9938517808914185e-01 -1.1713447747752070e-03 -3.5041902214288712e-02 8.9708507061004639e-01 9.9968016147613525e-01 -1.3174458406865597e-02 -2.1587111055850983e-02 9.2120230197906494e-01 4.8220000000000000e+03 8.4452354431152344e+01
-9.9933248758316040e-01 -3.4562729299068451e-02 -1.1829962953925133e-02 1.5378903150558472e+00 -9.9940937757492065e-01 -3.1776037067174911e-02 -1.3084537349641323e-02 1.6265394687652588e+00 1.9700000000000000e+03 2.0217614746093750e+02
