-9.9956595897674561e-01 -2.0805200561881065e-02 -2.0858095958828926e-02 1.5855872631072998e+00 -9.9957203865051270e-01 -1.8916871398687363e-02 -2.2313084453344345e-02 1.5651582479476929e+00 1.7990000000000000e+03 2.0417286682128906e+02
9.9973016977310181e-01 -4.6310964971780777e-03 2.2762497887015343e-02 8.9273905754089355e-01 9.9917310476303101e-01 1.8164133653044701e-02 -3.6378528922796249e-02 9.7340601682662964e-01 1.3130000000000000e+03 8.6293983459472656e+01
9.9986135959625244e-01 1.0137180797755718e-03 1.6617294400930405e-02 9.0506345033645630e-01 9.9932026863098145e-01 1.4740043319761753e-02 -3.3792033791542053e-02 9.6715211868286133e-01 3.0840000000000000e+03 8.3962265014648438e+01
-9.9895757436752319e-01 -4.5620951801538467e-02 -1.5875948593020439e-03 1.5391640663146973e+00 -9.9902904033660889e-01 -2.4205045774579048e-02 -3.6811348050832748e-02 1.6124020814895630e+00 1.2850000000000000e+03 1.9811027526855469e+02
9.9987882375717163e-01 -6.1512598767876625e-03 1.4298433437943459e-02 9.0518438816070557e-01 9.9894642829895020e-01 2.4174269288778305e-02 -3.9008129388093948e-02 9.8123490810394287e-01 3.2880000000000000e+03 8.4533760070800781e+01
-9.9956959486007690e-01 -2.8804853558540344e-02 -5.5541270412504673e-03 1.5728666782379150e+00 -9.9985384941101074e-01 -1.2627522461116314e-02 -1.1526162736117840e-02 1.5399488210678101e+00 1.5600000000000000e+03 2.0183601379394531e+02
9.9993610382080078e-01 -2.9926747083663940e-03 1.0898591019213200e-02 9.0783071517944336e-01 9.9916821718215942e-01 1.8530435860157013e-02 -3.6323949694633484e-02 9.6677595376968384e-01 4.6050000000000000e+03 9.5287078857421875e+01
9.9989241361618042e-01 -3.1559499911963940e-03 1.4318690635263920e-02 9.0814483165740967e-01 9.9907672405242920e-01 1.7132721841335297e-02 -3.9398454129695892e-02 9.6335220336914062e-01 5.1860000000000000e+03 8.6401275634765625e+01
9.9997001886367798e-01 9.4721595814917237e-05 7.7372333034873009e-03 9.1302859783172607e-01 9.9942451715469360e-01 1.1674610897898674e-02 -3.1848452985286713e-02 9.5285224914550781e-01 5.0370000000000000e+03 8.5432136535644531e+01
9.9989080429077148e-01 1.2016181135550141e-03 1.4731650240719318e-02 9.0390902757644653e-01 9.9927067756652832e-01 1.0443925857543945e-02 -3.6729034036397934e-02 9.5182394981384277e-01 4.1280000000000000e+03 9.6759757995605469e+01
9.9996477365493774e-01 5.4013071348890662e-04 8.3824880421161652e-03 9.0239459276199341e-01 9.9927830696105957e-01 8.9852102100849152e-03 -3.6909058690071106e-02 9.6758580207824707e-01 2.5400000000000000e+03 9.0665214538574219e+01
9.9965268373489380e-01 -2.5748977437615395e-02 5.6141652166843414e-03 9.0506064891815186e-01 9.9907112121582031e-01 2.5756392627954483e-02 -3.4548591822385788e-02 9.5788967609405518e-01 1.4350000000000000e+03 1.1215538024902344e+02
9.9967545270919800e-01 -6.5413438715040684e-03 2.4620715528726578e-02 8.6867612600326538e-01 9.9942106008529663e-01 1.7457874491810799e-02 -2.9201814904808998e-02 9.5681154727935791e-01 2.6860000000000000e+03 7.6504692077636719e+01
9.9996620416641235e-01 -3.6421387922018766e-03 7.3583275079727173e-03 9.1205453872680664e-01 9.9923270940780640e-01 1.4628387056291103e-02 -3.6331623792648315e-02 9.6529650688171387e-01 4.0700000000000000e+03 8.2991340637207031e+01
-9.9941885471343994e-01 -3.4004814922809601e-02 2.3962226696312428e-03 1.5510008335113525e+00 -9.9935179948806763e-01 -1.3636685907840729e-02 -3.3314336091279984e-02 1.5468604564666748e+00 1.4940000000000000e+03 1.9524046325683594e+02
9.9983757734298706e-01 1.1181826703250408e-03 1.7985293641686440e-02 8.9604330062866211e-01 9.9903774261474609e-01 9.9529474973678589e-03 -4.2714942246675491e-02 9.6223402023315430e-01 3.0520000000000000e+03 9.1410362243652344e+01
-9.9885457754135132e-01 -4.7600343823432922e-02 4.8629632219672203e-03 1.5273219347000122e+00 -9.9981498718261719e-01 7.1149747818708420e-03 -1.7870787531137466e-02 1.5294008255004883e+00 1.4770000000000000e+03 1.8896546936035156e+02
9.9980413913726807e-01 -7.8577101230621338e-03 1.8161697313189507e-02 8.9435636997222900e-01 9.9914282560348511e-01 8.2914428785443306e-03 -4.0558516979217529e-02 9.6064436435699463e-01 1.4530000000000000e+03 1.2160240173339844e+02
9.9997800588607788e-01 5.5191654246300459e-04 6.6139278933405876e-03 3.6791142821311951e-01 9.9976336956024170e-01 1.1883705854415894e-02 -1.8219117075204849e-02 3.7049618363380432e-01 2.4110000000000000e+03 9.8691413879394531e+01
9.9960416555404663e-01 2.4281304795295000e-03 2.8028380125761032e-02 8.7464267015457153e-01 9.9900102615356445e-01 1.1439700610935688e-02 -4.3197624385356903e-02 9.6262276172637939e-01 1.2660000000000000e+03 7.8275032043457031e+01
9.9993866682052612e-01 -2.8205094859004021e-03 1.0717306286096573e-02 9.0267866849899292e-01 9.9921971559524536e-01 1.2133946642279625e-02 -3.7587489932775497e-02 9.5526945590972900e-01 2.3060000000000000e+03 7.1964004516601562e+01
9.9997270107269287e-01 -7.1026254445314407e-03 2.0541308913379908e-03 9.1534435749053955e-01 9.9936044216156006e-01 1.7849219962954521e-02 -3.0985807999968529e-02 9.5015549659729004e-01 2.4680000000000000e+03 1.0118719482421875e+02
9.9986010789871216e-01 -1.0210348293185234e-02 1.3251550495624542e-02 9.0584957599639893e-01 9.9923926591873169e-01 1.9014906138181686e-02 -3.4047655761241913e-02 9.4738608598709106e-01 3.4250000000000000e+03 1.0336151885986328e+02
-9.9977320432662964e-01 -2.0660838112235069e-02 5.1657846197485924e-03 1.4486528635025024e+00 -9.9950730800628662e-01 -2.3575007915496826e-02 -2.0719589665532112e-02 1.5996062755584717e+00 1.4780000000000000e+03 2.0960351562500000e+02
9.9995201826095581e-01 7.5913141481578350e-03 6.1928941868245602e-03 9.1420090198516846e-01 9.9944883584976196e-01 2.9085422866046429e-03 -3.3067382872104645e-02 9.5734608173370361e-01 3.7290000000000000e+03 7.8830307006835938e+01
-9.9937587976455688e-01 -3.4840881824493408e-02 5.8281412348151207e-03 1.4554406404495239e+00 -9.9949163198471069e-01 2.4788046721369028e-03 -3.1784407794475555e-02 1.6292320489883423e+00 1.7910000000000000e+03 1.9384967041015625e+02
9.9993920326232910e-01 1.6415407881140709e-03 1.0904749855399132e-02 9.0972995758056641e-01 9.9913179874420166e-01 9.2149134725332260e-03 -4.0628172457218170e-02 9.6490114927291870e-01 3.1190000000000000e+03 8.1592529296875000e+01
9.9991863965988159e-01 8.5104235040489584e-05 1.2754257768392563e-02 9.1081744432449341e-01 9.9932706356048584e-01 8.2085952162742615e-03 -3.5750489681959152e-02 9.4346964359283447e-01 1.1240000000000000e+03 1.1244084167480469e+02
9.9997222423553467e-01 3.1384644098579884e-03 6.7680422216653824e-03 9.1266387701034546e-01 9.9931240081787109e-01 1.2670161202549934e-02 -3.4843940287828445e-02 9.4803804159164429e-01 2.7590000000000000e+03 9.0546211242675781e+01
9.9997049570083618e-01 2.4092562962323427e-03 -7.2869253344833851e-03 9.1281050443649292e-01 9.9970448017120361e-01 1.1040996760129929e-02 -2.1658483892679214e-02 9.6339941024780273e-01 4.4260000000000000e+03 8.5514236450195312e+01
9.9986189603805542e-01 1.6159118385985494e-03 1.6542833298444748e-02 9.0860885381698608e-01 9.9881339073181152e-01 1.6755159944295883e-02 -4.5729145407676697e-02 9.7022181749343872e-01 2.9750000000000000e+03 8.7292419433593750e+01
9.9998170137405396e-01 -1.6636934597045183e-03 5.8205914683640003e-03 9.2308264970779419e-01 9.9912863969802856e-01 1.4900690875947475e-02 -3.8985282182693481e-02 9.5528262853622437e-01 1.5310000000000000e+03 8.8552528381347656e+01
9.9972850084304810e-01 5.0585730932652950e-03 2.2743709385395050e-02 8.8248717784881592e-01 9.9925386905670166e-01 1.0654347017407417e-02 -3.7124618887901306e-02 9.5049881935119629e-01 1.1080000000000000e+03 8.2430030822753906e+01
9.9993526935577393e-01 2.2885694634169340e-03 1.1146545410156250e-02 9.0420466661453247e-01 9.9889570474624634e-01 2.5110097602009773e-02 -3.9711169898509979e-02 9.6312922239303589e-01 2.2880000000000000e+03 7.5809257507324219e+01
9.9981135129928589e-01 -2.2298307158052921e-03 1.9294448196887970e-02 8.9276844263076782e-01 9.9897176027297974e-01 2.2548720240592957e-02 -3.9331570267677307e-02 9.4820380210876465e-01 1.2540000000000000e+03 9.8210525512695312e+01
9.9996858835220337e-01 -5.5548488162457943e-03 5.6654009968042374e-03 9.1081058979034424e-01 9.9945467710494995e-01 1.2250933796167374e-02 -3.0662935227155685e-02 9.4468039274215698e-01 2.5960000000000000e+03 9.3524650573730469e+01
9.9995827674865723e-01 -7.4254693463444710e-03 5.3208349272608757e-03 9.1199767589569092e-01 9.9941617250442505e-01 1.7474127933382988e-02 -2.9357736930251122e-02 9.5201039314270020e-01 2.8570000000000000e+03 9.8568916320800781e+01
9.9986374378204346e-01 -2.5271933991461992e-03 1.6309555619955063e-02 8.9415901899337769e-01 9.9939978122711182e-01 1.5942985191941261e-02 -3.0754324048757553e-02 9.5799028873443604e-01 3.3860000000000000e+03 8.4970787048339844e+01
9.9928843975067139e-01 -1.0866774246096611e-02 3.6120627075433731e-02 8.9649528264999390e-01 9.9810373783111572e-01 2.4740058928728104e-02 -5.6364163756370544e-02 9.5131117105484009e-01 4.3850000000000000e+03 8.4836074829101562e+01
9.9993282556533813e-01 -1.2028963537886739e-03 1.1534419842064381e-02 8.9213472604751587e-01 9.9943727254867554e-01 2.3496234789490700e-02 -2.3939952254295349e-02 9.4333779811859131e-01 2.0880000000000000e+03 7.4652641296386719e+01
9.9973857402801514e-01 8.4787569940090179e-03 2.1233817562460899e-02 8.9117395877838135e-01 9.9944567680358887e-01 9.1254841536283493e-03 -3.2016396522521973e-02 9.3915396928787231e-01 2.6190000000000000e+03 6.4858345031738281e+01
9.9994039535522461e-01 1.0468206368386745e-02 3.0763987451791763e-03 9.2492145299911499e-01 9.9908632040023804e-01 1.4521554112434387e-02 -4.0197368711233139e-02 9.5154219865798950e-01 2.7410000000000000e+03 9.0166725158691406e+01
9.9995726346969604e-01 9.1108055785298347e-03 1.5840918058529496e-03 9.2058807611465454e-01 9.9921852350234985e-01 1.5082496218383312e-02 -3.6535948514938354e-02 9.5181107521057129e-01 2.8320000000000000e+03 9.1740112304687500e+01
9.9998158216476440e-01 3.7967709358781576e-03 -4.7340001910924911e-03 9.2908704280853271e-01 9.9925148487091064e-01 1.7300534993410110e-02 -3.4598287194967270e-02 9.5238393545150757e-01 2.8380000000000000e+03 8.8406974792480469e+01
9.9998748302459717e-01 3.5037922207266092e-03 3.5865430254489183e-03 9.1874754428863525e-01 9.9922585487365723e-01 1.4497871510684490e-02 -3.6571234464645386e-02 9.5067363977432251e-01 3.0320000000000000e+03 8.8135887145996094e+01
9.9989539384841919e-01 -1.4414905570447445e-02 -1.1567003093659878e-03 9.0933108329772949e-01 9.9925792217254639e-01 2.7771810069680214e-02 -2.6693612337112427e-02 9.6366471052169800e-01 2.3480000000000000e+03 1.0448509216308594e+02
-9.9981069564819336e-01 -1.5464236028492451e-02 1.1813356541097164e-02 1.5544123649597168e+00 -9.9805080890655518e-01 -4.5246295630931854e-02 -4.2979862540960312e-02 1.5673406124114990e+00 1.1460000000000000e+03 2.3080802917480469e+02
9.9985355138778687e-01 -4.2640715837478638e-03 1.6574859619140625e-02 9.0458691120147705e-01 9.9902081489562988e-01 2.3535933345556259e-02 -3.7463940680027008e-02 9.5462560653686523e-01 2.1570000000000000e+03 9.8969398498535156e+01
-9.9942302703857422e-01 -3.1876653432846069e-02 -1.1722977273166180e-02 1.5029935836791992e+00 -9.9851858615875244e-01 -1.2488217093050480e-02 -5.2958443760871887e-02 1.3448712825775146e+00 1.4030000000000000e+03 2.0247753906250000e+02
9.9989998340606689e-01 3.5072080790996552e-03 1.3705232180655003e-02 9.0426671504974365e-01 9.9956464767456055e-01 1.1506804265081882e-02 -2.7166191488504410e-02 9.5115602016448975e-01 2.2750000000000000e+03 9.0497581481933594e+01
-9.9935925006866455e-01 -3.2738227397203445e-02 -1.4464511536061764e-02 1.5112221240997314e+00 -9.9863564968109131e-01 -7.8978324308991432e-03 -5.1618635654449463e-02 1.3478024005889893e+00 1.3620000000000000e+03 2.0260762023925781e+02
9.9986314773559570e-01 7.7342693693935871e-03 1.4622786082327366e-02 9.0194904804229736e-01 9.9950802326202393e-01 9.0896617621183395e-03 -3.0018819496035576e-02 9.5146125555038452e-01 2.2560000000000000e+03 9.0157798767089844e+01
-9.9956971406936646e-01 -2.6529043912887573e-02 -1.2514098547399044e-02 1.5254633426666260e+00 -9.9821811914443970e-01 -1.2970701791346073e-02 -5.8242686092853546e-02 1.3502426147460938e+00 1.2670000000000000e+03 2.2409155273437500e+02
9.9999916553497314e-01 6.2927772523835301e-04 1.0603389237076044e-03 9.1999006271362305e-01 9.9956333637237549e-01 1.1393344961106777e-02 -2.7261570096015930e-02 9.5965099334716797e-01 1.6290000000000000e+03 1.0849539947509766e+02
9.9955326318740845e-01 -2.0539911463856697e-02 2.1711245179176331e-02 9.0170538425445557e-01 9.9908888339996338e-01 1.6164908185601234e-02 -3.9497144520282745e-02 9.4909644126892090e-01 1.3620000000000000e+03 1.2784507751464844e+02
9.9969923496246338e-01 -1.3519817963242531e-02 2.0459460094571114e-02 8.8481074571609497e-01 9.9921423196792603e-01 1.7518037930130959e-02 -3.5553339868783951e-02 9.4702231884002686e-01 1.2240000000000000e+03 8.2291641235351562e+01
9.9990117549896240e-01 -3.0018626712262630e-03 1.3734446838498116e-02 8.8879877328872681e-01 9.9947988986968994e-01 1.5697056427598000e-02 -2.8173625469207764e-02 9.4848060607910156e-01 3.6030000000000000e+03 8.6009056091308594e+01
9.9996227025985718e-01 -2.1881542634218931e-03 8.4073664620518684e-03 9.1286414861679077e-01 9.9931758642196655e-01 1.3974530622363091e-02 -3.4189164638519287e-02 9.5046198368072510e-01 4.5110000000000000e+03 8.5946395874023438e+01
9.9998807907104492e-01 1.2141856132075191e-03 4.7319270670413971e-03 9.1644245386123657e-01 9.9942862987518311e-01 1.1791123077273369e-02 -3.1677655875682831e-02 9.5204973220825195e-01 4.9280000000000000e+03 8.5245231628417969e+01
9.9993318319320679e-01 -6.3797365874052048e-04 1.1541671119630337e-02 9.0717941522598267e-01 9.9929159879684448e-01 1.2640479952096939e-02 -3.5446513444185257e-02 9.5330476760864258e-01 4.8860000000000000e+03 8.6262588500976562e+01
-9.9984890222549438e-01 -8.8296476751565933e-03 -1.4971839264035225e-02 1.5859713554382324e+00 -9.9983429908752441e-01 -5.2806013263761997e-03 -1.7423771321773529e-02 1.6078987121582031e+00 1.2150000000000000e+03 2.1736790466308594e+02
9.9991810321807861e-01 -3.5451767034828663e-03 1.2292626313865185e-02 9.0309000015258789e-01 9.9925148487091064e-01 1.5066047199070454e-02 -3.5630274564027786e-02 9.5309787988662720e-01 4.5900000000000000e+03 8.7043136596679688e+01
-9.9987125396728516e-01 -1.5054042451083660e-02 -5.5605620145797729e-03 1.5668458938598633e+00 -9.9984520673751831e-01 -5.6427596136927605e-03 -1.6664912924170494e-02 1.6068258285522461e+00 2.1860000000000000e+03 2.0260383605957031e+02
9.9994415044784546e-01 -3.0926335602998734e-03 1.0105939581990242e-02 9.0400832891464233e-01 9.9926567077636719e-01 1.5418413095176220e-02 -3.5077072679996490e-02 9.5266193151473999e-01 4.4840000000000000e+03 8.5743118286132812e+01
-9.9991166591644287e-01 -1.3236850500106812e-02 -1.2107598595321178e-03 1.5622801780700684e+00 -9.9996560811996460e-01 -1.5646325191482902e-03 -8.1363273784518242e-03 1.5773115158081055e+00 1.3900000000000000e+03 2.0038201904296875e+02
9.9993461370468140e-01 -5.6980308145284653e-03 9.9154533818364143e-03 9.0459924936294556e-01 9.9921125173568726e-01 1.8062496557831764e-02 -3.5366766154766083e-02 9.5223373174667358e-01 4.9210000000000000e+03 8.5670600891113281e+01
-9.9982070922851562e-01 -1.8147444352507591e-02 5.3851478733122349e-03 1.5389347076416016e+00 -9.9970334768295288e-01 1.7041038721799850e-02 1.7403248697519302e-02 1.4973938465118408e+00 1.6270000000000000e+03 1.9757727050781250e+02
9.9994307756423950e-01 -2.7892629150301218e-03 1.0292557068169117e-02 9.0320187807083130e-01 9.9928319454193115e-01 1.4001317322254181e-02 -3.5171184688806534e-02 9.5086264610290527e-01 5.2270000000000000e+03 8.5494567871093750e+01
-9.9971610307693481e-01 -2.3056613281369209e-02 -5.9977103956043720e-03 1.5852243900299072e+00 -9.9948674440383911e-01 -2.8345990926027298e-02 -1.4923013746738434e-02 1.6698821783065796e+00 1.0010000000000000e+03 2.2613386535644531e+02
9.9996209144592285e-01 1.4690599637106061e-03 8.5831917822360992e-03 9.0272581577301025e-01 9.9951958656311035e-01 8.6894119158387184e-03 -2.9746824875473976e-02 9.4465148448944092e-01 4.9830000000000000e+03 8.6479354858398438e+01
9.9992537498474121e-01 -2.0911991596221924e-03 1.2034333311021328e-02 9.0271985530853271e-01 9.9938261508941650e-01 1.1351015418767929e-02 -3.3248707652091980e-02 9.4415235519409180e-01 5.2900000000000000e+03 8.6179206848144531e+01
9.9993520975112915e-01 -2.5802478194236755e-03 1.1089652776718140e-02 8.9680087566375732e-01 9.9948954582214355e-01 9.7861224785447121e-03 -3.0410097911953926e-02 9.4878441095352173e-01 5.1320000000000000e+03 8.7061965942382812e+01
-9.9962854385375977e-01 -2.7049133554100990e-02 -3.3126780763268471e-03 1.5834765434265137e+00 -9.9965089559555054e-01 -1.5229083597660065e-02 -2.1588820964097977e-02 1.6835986375808716e+00 1.5180000000000000e+03 2.1028656005859375e+02
9.9996274709701538e-01 9.0540776727721095e-04 8.5858488455414772e-03 9.0177327394485474e-01 9.9941802024841309e-01 8.1017483025789261e-03 -3.3135287463665009e-02 9.5819073915481567e-01 4.4880000000000000e+03 8.9010025024414062e+01
-9.9947655200958252e-01 -3.1982958316802979e-02 -4.8704911023378372e-03 1.5915462970733643e+00 -9.9968338012695312e-01 -1.6700685024261475e-02 -1.8816949799656868e-02 1.6708368062973022e+00 1.2420000000000000e+03 2.2610467529296875e+02
9.9992609024047852e-01 -5.5780257098376751e-03 1.0807836428284645e-02 9.0411978960037231e-01 9.9914836883544922e-01 1.5575923956930637e-02 -3.8209259510040283e-02 9.5773148536682129e-01 3.9950000000000000e+03 9.2871337890625000e+01
-9.9980074167251587e-01 -1.8404990434646606e-02 -7.7294064685702324e-03 1.6011805534362793e+00 -9.9928963184356689e-01 -3.3860873430967331e-02 -1.6542794182896614e-02 1.6886773109436035e+00 1.0580000000000000e+03 2.2957467651367188e+02
9.9993556737899780e-01 -5.2206953987479210e-03 1.0078771039843559e-02 8.9791762828826904e-01 9.9937516450881958e-01 1.8334578722715378e-02 -3.0217189341783524e-02 9.4733458757400513e-01 4.9290000000000000e+03 8.4822731018066406e+01
-9.9961322546005249e-01 -2.5298140943050385e-02 -1.1550268158316612e-02 1.6129146814346313e+00 -9.9975568056106567e-01 -7.4788564816117287e-03 -2.0803472027182579e-02 1.6843665838241577e+00 1.0290000000000000e+03 1.8981117248535156e+02
9.9994671344757080e-01 -6.4120127353817225e-04 1.0301665402948856e-02 8.9895737171173096e-01 9.9950510263442993e-01 1.4173855073750019e-02 -2.8084715828299522e-02 9.4355905055999756e-01 4.8750000000000000e+03 8.4937355041503906e+01
-9.9947249889373779e-01 -3.0928503721952438e-02 -9.9063916131854057e-03 1.6037060022354126e+00 -9.9959921836853027e-01 -1.1375497095286846e-02 -2.5922758504748344e-02 1.7006940841674805e+00 1.2830000000000000e+03 1.9068099975585938e+02
9.9996507167816162e-01 1.9606476416811347e-04 8.3531662821769714e-03 9.0114480257034302e-01 9.9939352273941040e-01 1.4093451201915741e-02 -3.1841710209846497e-02 9.5511955022811890e-01 4.7530000000000000e+03 9.0058280944824219e+01
-9.9956512451171875e-01 -2.9485190287232399e-02 -4.0296069346368313e-04 1.5761078596115112e+00 -9.9949383735656738e-01 -1.6622776165604591e-02 -2.7126552537083626e-02 1.6971679925918579e+00 1.3750000000000000e+03 2.1187782287597656e+02
9.9998420476913452e-01 1.5259577194228768e-03 5.4093278013169765e-03 9.0007215738296509e-01 9.9963021278381348e-01 1.3507058843970299e-02 -2.3598758503794670e-02 9.3951445817947388e-01 3.2510000000000000e+03 8.7041183471679688e+01
9.9988973140716553e-01 8.3019677549600601e-03 1.2316682375967503e-02 9.0148270130157471e-01 9.9942868947982788e-01 8.8799158111214638e-03 -3.2609675079584122e-02 9.4307869672775269e-01 2.8560000000000000e+03 9.4917366027832031e+01
9.9992078542709351e-01 -2.9505125712603331e-04 1.2580961920320988e-02 9.0883660316467285e-01 9.9936693906784058e-01 1.4027173630893230e-02 -3.2695304602384567e-02 9.5257818698883057e-01 3.2970000000000000e+03 8.8861694335937500e+01
9.9993681907653809e-01 -9.0695777907967567e-03 6.6457353532314301e-03 9.1492027044296265e-01 9.9925911426544189e-01 2.3385811597108841e-02 -3.0567057430744171e-02 9.6122419834136963e-01 2.5640000000000000e+03 8.9825271606445312e+01
9.9928027391433716e-01 -7.3351599276065826e-03 3.7216767668724060e-02 8.9602577686309814e-01 9.9836939573287964e-01 1.4161044731736183e-02 -5.5300597101449966e-02 9.5800232887268066e-01 2.3860000000000000e+03 8.9787513732910156e+01
9.9978482723236084e-01 1.5746741555631161e-03 2.0679138600826263e-02 8.9835292100906372e-01 9.9914306402206421e-01 1.0774035006761551e-02 -3.9965324103832245e-02 9.5035707950592041e-01 4.1480000000000000e+03 7.4564178466796875e+01
9.9977606534957886e-01 6.1888871714472771e-03 2.0238731056451797e-02 8.8608509302139282e-01 9.9917656183242798e-01 1.0702072642743587e-02 -3.9138145744800568e-02 9.5025759935379028e-01 4.4610000000000000e+03 9.1963302612304688e+01
9.9992197751998901e-01 -2.9610558412969112e-03 1.2133132666349411e-02 8.9471864700317383e-01 9.9937546253204346e-01 1.0624995455145836e-02 -3.3702716231346130e-02 9.5221453905105591e-01 2.3350000000000000e+03 1.1574817657470703e+02
9.9993687868118286e-01 3.0889313202351332e-03 1.0794893838465214e-02 8.9967733621597290e-01 9.9907809495925903e-01 1.9164089113473892e-02 -3.8415294140577316e-02 9.6299135684967041e-01 1.8910000000000000e+03 1.0561502075195312e+02
9.9997407197952271e-01 -6.6136615350842476e-03 2.8655852656811476e-03 9.2206114530563354e-01 9.9918109178543091e-01 2.4818418547511101e-02 -3.1957879662513733e-02 9.6377390623092651e-01 1.0040000000000000e+03 7.9236152648925781e+01
9.9969005584716797e-01 2.2571675945073366e-03 2.4793427437543869e-02 9.0371835231781006e-01 9.9893468618392944e-01 1.8585763871669769e-02 -4.2240455746650696e-02 9.4890624284744263e-01 2.5910000000000000e+03 7.7133522033691406e+01
9.9989432096481323e-01 -6.7387437447905540e-03 1.2879638932645321e-02 9.0461075305938721e-01 9.9913668632507324e-01 2.2192951291799545e-02 -3.5115525126457214e-02 9.4704461097717285e-01 3.7280000000000000e+03 8.1576675415039062e+01
-9.9981832504272461e-01 -1.6928974539041519e-02 -8.7595572695136070e-03 1.6418354511260986e+00 -9.9932473897933960e-01 -7.0453514344990253e-03 -3.6060482263565063e-02 1.7328789234161377e+00 1.1030000000000000e+03 2.0927470397949219e+02
9.9994343519210815e-01 -2.1613424178212881e-03 1.0424587875604630e-02 9.0345031023025513e-01 9.9944621324539185e-01 1.6011878848075867e-02 -2.9171105474233627e-02 9.4167083501815796e-01 4.3470000000000000e+03 8.2421302795410156e+01
-3.6203254014253616e-02 9.9929803609848022e-01 9.6329776570200920e-03 1.0234217643737793e+00 1.2877767905592918e-02 -9.9956119060516357e-01 -2.6676885783672333e-02 1.0006523132324219e+00 1.4100000000000000e+03 1.9703509521484375e+02
9.9993360042572021e-01 2.2843922488391399e-04 1.1523627676069736e-02 8.9803004264831543e-01 9.9947494268417358e-01 1.5232893638312817e-02 -2.8597308322787285e-02 9.4854104518890381e-01 4.4850000000000000e+03 8.2213485717773438e+01
-2.6108054444193840e-02 9.9958401918411255e-01 1.2251371517777443e-02 9.7456336021423340e-01 1.3310667127370834e-02 -9.9954921007156372e-01 -2.6910904794931412e-02 9.9568343162536621e-01 1.6310000000000000e+03 2.1371000671386719e+02
9.9989920854568481e-01 -4.8026591539382935e-03 1.3357661664485931e-02 8.9989495277404785e-01 9.9929857254028320e-01 2.0412888377904892e-02 -3.1395465135574341e-02 9.5195555686950684e-01 4.9280000000000000e+03 8.2458404541015625e+01
9.9982690811157227e-01 -9.9838227033615112e-03 1.5697233378887177e-02 9.0895247459411621e-01 9.9880331754684448e-01 2.8024638071656227e-02 -4.0082059800624847e-02 9.5546174049377441e-01 4.7240000000000000e+03 8.3127433776855469e+01
-1.8951740115880966e-02 9.9971944093704224e-01 1.4208984561264515e-02 9.8453414440155029e-01 1.6079487279057503e-02 -9.9897074699401855e-01 -4.2414069175720215e-02 9.8552632331848145e-01 1.1410000000000000e+03 2.0356880187988281e+02
-9.9976170063018799e-01 -2.1360406652092934e-02 4.5115551911294460e-03 1.5880054235458374e+00 -9.9926453828811646e-01 -2.7182849124073982e-02 -2.7046130970120430e-02 1.6516697406768799e+00 1.3490000000000000e+03 1.8670422363281250e+02
9.9986386299133301e-01 -4.0137367323040962e-03 1.6003618016839027e-02 8.9836657047271729e-01 9.9909222126007080e-01 1.9072808325290680e-02 -3.8091681897640228e-02 9.5674586296081543e-01 4.7780000000000000e+03 8.2582878112792969e+01
-9.9964028596878052e-01 -2.6533864438533783e-02 3.9174207486212254e-03 1.6070088148117065e+00 -9.9956834316253662e-01 -1.8609881401062012e-02 -2.2732913494110107e-02 1.6197119951248169e+00 1.3470000000000000e+03 1.8732739257812500e+02
9.9985796213150024e-01 3.3195063006132841e-03 1.6521813347935677e-02 8.9561998844146729e-01 9.9931496381759644e-01 1.0048058815300465e-02 -3.5617049783468246e-02 9.4439440965652466e-01 4.0730000000000000e+03 9.7519271850585938e+01
-9.9967724084854126e-01 -2.5392606854438782e-02 8.7725173216313124e-04 1.6138825416564941e+00 -9.9966794252395630e-01 -2.4817027151584625e-02 -6.9266343489289284e-03 1.5762834548950195e+00 1.4280000000000000e+03 2.2033683776855469e+02
9.9998819828033447e-01 -5.6913797743618488e-04 4.8180641606450081e-03 9.0499496459960938e-01 9.9945890903472900e-01 1.2105567380785942e-02 -3.0582888051867485e-02 9.5110160112380981e-01 3.4090000000000000e+03 1.0195511627197266e+02
-9.9996232986450195e-01 -8.1791365519165993e-03 -2.9113125056028366e-03 1.6431542634963989e+00 -9.9926692247390747e-01 -2.4159222841262817e-02 -2.9699036851525307e-02 1.6331484317779541e+00 1.0310000000000000e+03 2.2910281372070312e+02
9.9997210502624512e-01 -4.9367896281182766e-03 5.5993143469095230e-03 9.1280788183212280e-01 9.9933767318725586e-01 1.1945871636271477e-02 -3.4371294081211090e-02 9.5480346679687500e-01 3.0010000000000000e+03 1.0157680511474609e+02
9.9992239475250244e-01 -8.9866286143660545e-03 8.6292913183569908e-03 9.1001790761947632e-01 9.9931079149246216e-01 1.6160676255822182e-02 -3.3419527113437653e-02 9.4890910387039185e-01 4.2270000000000000e+03 9.1335700988769531e+01
-9.9996250867843628e-01 -7.6305149123072624e-03 4.0978547185659409e-03 1.6039460897445679e+00 -9.9962568283081055e-01 -1.9161768257617950e-02 -1.9528442993760109e-02 1.6158536672592163e+00 1.2130000000000000e+03 2.3259109497070312e+02
9.9989342689514160e-01 -6.2254806980490685e-03 1.3206154108047485e-02 9.0331411361694336e-01 9.9927860498428345e-01 1.4737830497324467e-02 -3.5000920295715332e-02 9.4691270589828491e-01 4.7580000000000000e+03 8.8762718200683594e+01
-9.9967700242996216e-01 -2.3280914872884750e-02 1.0190161876380444e-02 1.5779492855072021e+00 -9.9964392185211182e-01 -1.4175842516124249e-02 -2.2606933489441872e-02 1.6364669799804688e+00 1.0750000000000000e+03 2.1898512268066406e+02
9.9993753433227539e-01 -3.4115952439606190e-03 1.0646974667906761e-02 8.9975345134735107e-01 9.9932903051376343e-01 1.4685222879052162e-02 -3.3554233610630035e-02 9.5110487937927246e-01 4.9550000000000000e+03 8.8231887817382812e+01
-9.9961948394775391e-01 -2.4804210290312767e-02 1.2065121904015541e-02 1.5807716846466064e+00 -9.9959081411361694e-01 -1.3945659622550011e-02 -2.4975547567009926e-02 1.6329752206802368e+00 1.1590000000000000e+03 2.1886280822753906e+02
9.9996066093444824e-01 -3.8178989198058844e-03 8.0080265179276466e-03 9.0590816736221313e-01 9.9931484460830688e-01 1.3633688911795616e-02 -3.4409400075674057e-02 9.4971442222595215e-01 5.1340000000000000e+03 8.6195945739746094e+01
-9.9978095293045044e-01 -1.9243154674768448e-02 8.2303695380687714e-03 1.5877591371536255e+00 -9.9982023239135742e-01 -1.7724774079397321e-03 -1.8878506496548653e-02 1.6204050779342651e+00 1.3240000000000000e+03 2.0850906372070312e+02
9.9997091293334961e-01 -1.7830125289037824e-03 7.4115423485636711e-03 9.0886175632476807e-01 9.9932694435119629e-01 1.3243324123322964e-02 -3.4208722412586212e-02 9.4797754287719727e-01 5.2770000000000000e+03 8.5873428344726562e+01
9.9993765354156494e-01 -3.1980280764400959e-03 1.0709602385759354e-02 9.0250343084335327e-01 9.9933165311813354e-01 1.6757551580667496e-02 -3.2486673444509506e-02 9.4294148683547974e-01 4.5300000000000000e+03 8.6338058471679688e+01
-9.9987506866455078e-01 -1.0697803460061550e-02 -1.1634850874543190e-02 1.6044158935546875e+00 -9.9995040893554688e-01 -4.7761825844645500e-03 -8.7364772334694862e-03 1.5874108076095581e+00 1.5970000000000000e+03 1.9738342285156250e+02
9.9996280670166016e-01 -3.3502595033496618e-03 7.9522803425788879e-03 9.0284514427185059e-01 9.9942022562026978e-01 1.6422158107161522e-02 -2.9824435710906982e-02 9.4392031431198120e-01 4.8690000000000000e+03 8.6305549621582031e+01
-9.9972838163375854e-01 -7.2124819271266460e-03 -2.2160911932587624e-02 1.6465539932250977e+00 -9.9950951337814331e-01 -1.4560295268893242e-02 -2.7723928913474083e-02 1.6397486925125122e+00 2.2670000000000000e+03 2.0062196350097656e+02
9.9995481967926025e-01 -2.9843258671462536e-03 9.0189110487699509e-03 9.0674829483032227e-01 9.9931770563125610e-01 1.7585884779691696e-02 -3.2476980239152908e-02 9.4727134704589844e-01 4.5690000000000000e+03 9.1604728698730469e+01
-9.9986308813095093e-01 -1.4545018784701824e-02 -7.8907199203968048e-03 1.5831706523895264e+00 -9.9964320659637451e-01 -1.8418544903397560e-02 -1.9341669976711273e-02 1.6050865650177002e+00 1.7920000000000000e+03 2.0653794860839844e+02
9.9993151426315308e-01 -2.9747048392891884e-03 1.1318753473460674e-02 9.0121698379516602e-01 9.9937093257904053e-01 1.5918370336294174e-02 -3.1693607568740845e-02 9.4984549283981323e-01 5.1540000000000000e+03 8.6535903930664062e+01
-9.9979686737060547e-01 -2.0095340907573700e-02 1.5778437955304980e-03 1.5542352199554443e+00 -9.9901276826858521e-01 -7.8601203858852386e-03 -4.3723128736019135e-02 1.6700968742370605e+00 1.0160000000000000e+03 2.1595472717285156e+02
9.9990421533584595e-01 -4.3049678206443787e-03 1.3153893873095512e-02 9.0067303180694580e-01 9.9911481142044067e-01 1.9334156066179276e-02 -3.7360459566116333e-02 9.5687538385391235e-01 5.2700000000000000e+03 8.6493545532226562e+01
9.9991786479949951e-01 -2.6529622264206409e-03 1.2541858479380608e-02 8.9794695377349854e-01 9.9931645393371582e-01 1.5647022053599358e-02 -3.3490061759948730e-02 9.4951027631759644e-01 5.0170000000000000e+03 8.6624305725097656e+01
9.9985235929489136e-01 -6.4917822601273656e-04 1.7168670892715454e-02 8.9634764194488525e-01 9.9940752983093262e-01 1.1158908717334270e-02 -3.2558184117078781e-02 9.3568682670593262e-01 4.4590000000000000e+03 8.6226158142089844e+01
9.9995487928390503e-01 -1.1035205097869039e-03 9.4399554654955864e-03 8.9606320858001709e-01 9.9939650297164917e-01 1.4113269746303558e-02 -3.1740508973598480e-02 9.5319294929504395e-01 3.0110000000000000e+03 1.0458684539794922e+02
9.9976515769958496e-01 -1.6649353783577681e-03 2.1606814116239548e-02 8.7654405832290649e-01 9.9950724840164185e-01 2.3930976167321205e-02 -2.0308656617999077e-02 9.2840218544006348e-01 1.6760000000000000e+03 8.4423492431640625e+01
9.9989485740661621e-01 2.0895502530038357e-03 1.4349585399031639e-02 8.9937478303909302e-01 9.9927294254302979e-01 1.5175581909716129e-02 -3.4976284950971603e-02 9.4323790073394775e-01 3.8960000000000000e+03 8.3301338195800781e+01
9.9995809793472290e-01 -5.8027688646689057e-04 -9.1347228735685349e-03 9.0744203329086304e-01 9.9974751472473145e-01 1.2239827774465084e-02 -1.8840352073311806e-02 9.6240139007568359e-01 3.8870000000000000e+03 8.4459396362304688e+01
9.9976700544357300e-01 2.2438624873757362e-03 2.1471180021762848e-02 8.8603162765502930e-01 9.9885845184326172e-01 1.7594501376152039e-02 -4.4410023838281631e-02 9.6233326196670532e-01 2.2330000000000000e+03 8.7543212890625000e+01
9.9952483177185059e-01 6.9840094074606895e-03 3.0023802071809769e-02 8.5823315382003784e-01 9.9919229745864868e-01 1.2787990272045135e-02 -3.8096867501735687e-02 9.4824761152267456e-01 1.4720000000000000e+03 8.1786590576171875e+01
9.9996894598007202e-01 9.9453411530703306e-04 7.8244078904390335e-03 8.9675796031951904e-01 9.9895811080932617e-01 2.1038686856627464e-02 -4.0496550500392914e-02 9.6261721849441528e-01 2.1040000000000000e+03 7.3704330444335938e+01
9.9941015243530273e-01 6.1167706735432148e-03 3.3791065216064453e-02 8.5708743333816528e-01 9.9895274639129639e-01 2.3460041731595993e-02 -3.9281658828258514e-02 9.4819045066833496e-01 1.1360000000000000e+03 8.0013206481933594e+01
9.9997538328170776e-01 -4.3859016150236130e-03 5.4799290373921394e-03 9.0335130691528320e-01 9.9942821264266968e-01 1.5055623836815357e-02 -3.0275745317339897e-02 9.4216203689575195e-01 2.5400000000000000e+03 8.9574012756347656e+01
9.9990975856781006e-01 -5.3102066740393639e-03 1.2341693043708801e-02 8.9386481046676636e-01 9.9940991401672363e-01 2.1875880658626556e-02 -2.6481853798031807e-02 9.4305872917175293e-01 1.6220000000000000e+03 8.7530853271484375e+01
9.9991476535797119e-01 -2.2148655261844397e-03 1.2860768474638462e-02 8.9012831449508667e-01 9.9941766262054443e-01 1.6569221392273903e-02 -2.9830906540155411e-02 9.5772755146026611e-01 3.0830000000000000e+03 8.5964645385742188e+01
9.9938637018203735e-01 -1.1843376792967319e-02 3.2965015619993210e-02 8.9413297176361084e-01 9.9823731184005737e-01 2.7346180751919746e-02 -5.2673321217298508e-02 9.5094227790832520e-01 4.0580000000000000e+03 8.3554969787597656e+01
9.9841576814651489e-01 -4.4409777037799358e-03 5.6092511862516403e-02 8.2551664113998413e-01 9.9897849559783936e-01 2.1659588441252708e-02 -3.9661016315221786e-02 9.5507407188415527e-01 1.4360000000000000e+03 8.8413841247558594e+01
9.9979376792907715e-01 -4.3562250211834908e-03 1.9834946841001511e-02 8.8943630456924438e-01 9.9917340278625488e-01 1.7021043226122856e-02 -3.6914989352226257e-02 9.5036101341247559e-01 3.3810000000000000e+03 9.3403144836425781e+01
9.9987292289733887e-01 -4.2315903119742870e-03 1.5369843691587448e-02 8.8705110549926758e-01 9.9941152334213257e-01 1.5385170467197895e-02 -3.0659096315503120e-02 9.4977605342864990e-01 4.7590000000000000e+03 8.5471107482910156e+01
9.9993646144866943e-01 1.1120858835056424e-03 1.1213158257305622e-02 9.0214020013809204e-01 9.9942517280578613e-01 1.0706283152103424e-02 -3.2166436314582825e-02 9.5076090097427368e-01 5.0250000000000000e+03 8.6130012512207031e+01
9.9988859891891479e-01 -1.6657777596265078e-03 1.4832494780421257e-02 8.9639359712600708e-01 9.9934870004653931e-01 1.3588574714958668e-02 -3.3429548144340515e-02 9.5265716314315796e-01 4.9330000000000000e+03 8.5864074707031250e+01
9.9984580278396606e-01 -2.6339241303503513e-03 1.7368294298648834e-02 8.8818776607513428e-01 9.9933797121047974e-01 1.4532771892845631e-02 -3.3354014158248901e-02 9.5179140567779541e-01 4.7390000000000000e+03 8.5053520202636719e+01
-9.9964827299118042e-01 -1.4766364358365536e-02 -2.2025275975465775e-02 1.6235733032226562e+00 -9.9987965822219849e-01 6.7017418332397938e-03 -1.3994248583912849e-02 1.6036601066589355e+00 1.9500000000000000e+03 2.0417436218261719e+02
-9.9978476762771606e-01 -1.9215516746044159e-02 -7.8281108289957047e-03 1.5748039484024048e+00 -9.9999564886093140e-01 1.9275862723588943e-03 -2.2537307813763618e-03 1.5625445842742920e+00 1.5500000000000000e+03 2.0023071289062500e+02
9.9983882904052734e-01 -3.5528396256268024e-03 1.7595181241631508e-02 8.8743168115615845e-01 9.9931538105010986e-01 1.4330556616187096e-02 -3.4107867628335953e-02 9.5114564895629883e-01 4.5330000000000000e+03 8.6313034057617188e+01
9.9987787008285522e-01 -1.9979886710643768e-03 1.5499098226428032e-02 8.9313638210296631e-01 9.9911308288574219e-01 1.8819667398929596e-02 -3.7668101489543915e-02 9.5243167877197266e-01 3.8710000000000000e+03 8.4957717895507812e+01
