-8.0302670598030090e-02 7.5788867473602295e-01 -6.4742279052734375e-01 2.0952837467193604e+00 -2.9660088941454887e-02 -5.8259141445159912e-01 -8.1222373247146606e-01 2.0513219833374023e+00 3.0600000000000000e+03 1.7102861022949219e+02
9.9994188547134399e-01 7.9048341140151024e-03 -7.3293852619826794e-03 2.4175269901752472e-01 9.9903428554534912e-01 2.7806302532553673e-02 -3.4017935395240784e-02 2.4066820740699768e-01 2.0930000000000000e+03 1.1162108612060547e+02
-5.7851370424032211e-02 6.6752892732620239e-01 -7.4233305454254150e-01 2.0332787036895752e+00 -1.1242030188441277e-02 -6.6013646125793457e-01 -7.5106149911880493e-01 1.9652353525161743e+00 6.0390000000000000e+03 1.8765657043457031e+02
9.9998337030410767e-01 1.3701730640605092e-03 -5.5974111892282963e-03 9.4187170267105103e-01 9.9991959333419800e-01 1.2626995332539082e-02 1.2138377642259002e-03 9.0589648485183716e-01 1.6480000000000000e+03 8.0576591491699219e+01
9.9997991323471069e-01 -1.2696046615019441e-03 -6.2097199261188507e-03 9.4457668066024780e-01 9.9999099969863892e-01 3.8991754408925772e-03 -1.6744176391512156e-03 9.1232371330261230e-01 3.1740000000000000e+03 8.7736923217773438e+01
-2.9281456023454666e-02 8.4165453910827637e-01 -5.3922188282012939e-01 2.2864916324615479e+00 -9.1094814240932465e-02 -4.6388018131256104e-01 -8.8120198249816895e-01 2.3659501075744629e+00 1.1400000000000000e+03 1.6515470886230469e+02
9.9999856948852539e-01 6.5440300386399031e-04 -1.5929352957755327e-03 9.2774581909179688e-01 9.9987351894378662e-01 1.5726059675216675e-02 2.3905443958938122e-03 9.0989881753921509e-01 1.7600000000000000e+03 8.5507034301757812e+01
9.9999934434890747e-01 -9.7897672094404697e-04 -4.7266681212931871e-04 9.2680925130844116e-01 9.9991929531097412e-01 1.2673796154558659e-02 8.1396097084507346e-04 8.9939701557159424e-01 1.4690000000000000e+03 9.8909431457519531e+01
9.9981153011322021e-01 -1.2341628316789865e-03 -1.9376764073967934e-02 9.4341522455215454e-01 9.9999767541885376e-01 1.3520694337785244e-03 1.6872161068022251e-03 8.9115136861801147e-01 1.3640000000000000e+03 6.0443550109863281e+01
9.9998658895492554e-01 -4.4088191352784634e-03 -2.7099754661321640e-03 9.3071448802947998e-01 9.9982047080993652e-01 -1.5524496324360371e-02 1.0872391983866692e-02 8.9595037698745728e-01 1.3030000000000000e+03 1.2438756561279297e+02
3.7604180397465825e-04 4.9870687723159790e-01 -8.6677062511444092e-01 1.9542359113693237e+00 -3.1992077827453613e-02 -8.1809169054031372e-01 -5.7419723272323608e-01 1.9962085485458374e+00 2.5740000000000000e+03 2.0740715026855469e+02
9.9995797872543335e-01 3.4889988601207733e-03 -8.4801670163869858e-03 9.2246419191360474e-01 9.9991476535797119e-01 -9.1531267389655113e-03 -9.3066096305847168e-03 9.0589994192123413e-01 1.4810000000000000e+03 9.3133018493652344e+01
9.9980610609054565e-01 1.9569037482142448e-02 -2.1901826839894056e-03 9.2105406522750854e-01 9.9992787837982178e-01 8.9441407471895218e-03 -8.0113261938095093e-03 9.0225529670715332e-01 1.2710000000000000e+03 5.2761356353759766e+01
9.9992871284484863e-01 -2.6489449664950371e-03 -1.1641020886600018e-02 9.2125225067138672e-01 9.9996256828308105e-01 4.2643314227461815e-03 -7.5210598297417164e-03 9.0540242195129395e-01 1.0930000000000000e+03 1.1883622741699219e+02
9.9967497587203979e-01 -2.1941939368844032e-02 -1.2981134466826916e-02 9.1743576526641846e-01 9.9997782707214355e-01 -6.5233890200033784e-04 6.6210576333105564e-03 9.0608125925064087e-01 1.8660000000000000e+03 1.0416372680664062e+02
9.9997937679290771e-01 -3.6991117522120476e-03 -5.2413986995816231e-03 9.3473988771438599e-01 9.9983870983123779e-01 1.2471398338675499e-02 -1.2924226932227612e-02 9.2061060667037964e-01 2.5770000000000000e+03 1.0330858612060547e+02
-9.8445580806583166e-04 1.2997560203075409e-01 -9.9151676893234253e-01 1.0273021459579468e+00 -1.9888937473297119e-02 -9.8609530925750732e-01 -1.6498616337776184e-01 1.1251229047775269e+00 1.4970000000000000e+03 2.2541482543945312e+02
9.9994832277297974e-01 -5.7739098556339741e-03 -8.3585716784000397e-03 9.3637776374816895e-01 9.9996501207351685e-01 3.2091501634567976e-03 -7.7266450971364975e-03 9.0006643533706665e-01 1.3090000000000000e+03 1.2480977630615234e+02
-8.3442730829119682e-03 4.0743461251258850e-01 -9.1319632530212402e-01 1.4031883478164673e+00 -2.8144350275397301e-02 -8.7243497371673584e-01 -4.8791918158531189e-01 1.4637186527252197e+00 2.7670000000000000e+03 2.1099205017089844e+02
9.9992948770523071e-01 -1.1615815572440624e-02 2.4598115123808384e-03 9.0498900413513184e-01 9.9996918439865112e-01 -3.6735187750309706e-03 -6.9400705397129059e-03 8.9631962776184082e-01 2.0450000000000000e+03 1.1843227386474609e+02
-1.4171405695378780e-02 6.9365221261978149e-01 -7.2017073631286621e-01 1.6107511520385742e+00 -1.1200568638741970e-02 -6.5581834316253662e-01 -7.5483566522598267e-01 1.5931831598281860e+00 3.1720000000000000e+03 2.0472004699707031e+02
5.8959820307791233e-03 2.6872852444648743e-01 -9.6319794654846191e-01 1.0890440940856934e+00 -7.1811997331678867e-03 -9.2658108472824097e-01 -3.7602669000625610e-01 1.1637662649154663e+00 2.6940000000000000e+03 2.0674945068359375e+02
1.7644897103309631e-02 2.7598470449447632e-01 -9.6100008487701416e-01 1.1813195943832397e+00 -7.1811997331678867e-03 -9.2658108472824097e-01 -3.7602669000625610e-01 1.1637662649154663e+00 2.6920000000000000e+03 2.1323104858398438e+02
9.9991023540496826e-01 -1.3391969725489616e-02 -2.6475123013369739e-04 9.0944159030914307e-01 9.9997812509536743e-01 -6.5183262340724468e-03 -1.1562033323571086e-03 9.1057968139648438e-01 2.3590000000000000e+03 1.1326705932617188e+02
-9.9994236230850220e-01 -5.5746487341821194e-03 9.1778710484504700e-03 1.5268580913543701e+00 -9.9966728687286377e-01 1.3907228596508503e-02 -2.1722033619880676e-02 1.4838632345199585e+00 1.5120000000000000e+03 2.1307077026367188e+02
9.9978923797607422e-01 -2.0381404086947441e-02 -2.4657722096890211e-03 9.1750991344451904e-01 9.9991250038146973e-01 1.6769978683441877e-03 1.3122994452714920e-02 9.1284656524658203e-01 2.7270000000000000e+03 1.1240464782714844e+02
9.9999028444290161e-01 4.1529168374836445e-03 1.5291624004021287e-03 9.2291390895843506e-01 9.9997240304946899e-01 6.6214916296303272e-03 -3.3800757955759764e-03 9.1469347476959229e-01 2.2490000000000000e+03 7.8378524780273438e+01
-1.6435779631137848e-02 9.6830898523330688e-01 -2.4921411275863647e-01 1.1223187446594238e+00 3.3368435688316822e-03 -1.6534684598445892e-01 -9.8622983694076538e-01 1.0597029924392700e+00 5.2320000000000000e+03 1.6734770202636719e+02
9.9997240304946899e-01 5.5889447685331106e-04 -7.4136201292276382e-03 9.2037749290466309e-01 9.9996262788772583e-01 8.1741064786911011e-03 2.8290266636759043e-03 8.8968813419342041e-01 1.1430000000000000e+03 8.1632034301757812e+01
9.9999654293060303e-01 1.1404186952859163e-03 2.3650729563087225e-03 9.0499120950698853e-01 9.9998146295547485e-01 -1.4587698387913406e-04 -6.0724709182977676e-03 8.9652323722839355e-01 2.7930000000000000e+03 1.0357715606689453e+02
-9.9835383892059326e-01 -1.0410978458821774e-02 -5.6401886045932770e-02 1.3665409088134766e+00 -9.9968010187149048e-01 7.4403490871191025e-03 2.4175332859158516e-02 1.5092773437500000e+00 1.0020000000000000e+03 2.3071755981445312e+02
9.9995517730712891e-01 9.4111142680048943e-03 1.0362577158957720e-03 9.0559923648834229e-01 9.9998462200164795e-01 -3.3427868038415909e-03 -4.4275890104472637e-03 8.9495420455932617e-01 1.6290000000000000e+03 7.2898109436035156e+01
9.9994546175003052e-01 3.6907964386045933e-03 -9.7742052748799324e-03 9.2116558551788330e-01 9.9999636411666870e-01 -2.0813960582017899e-03 -1.7173485830426216e-03 8.9102220535278320e-01 3.4770000000000000e+03 7.4257980346679688e+01
9.9997788667678833e-01 9.9481258075684309e-04 -6.5796938724815845e-03 9.1915953159332275e-01 9.9999642372131348e-01 -1.8969156080856919e-03 -1.9024229841306806e-03 8.9405441284179688e-01 4.0070000000000000e+03 7.8948989868164062e+01
9.9997401237487793e-01 -1.4560318086296320e-03 -7.0611895062029362e-03 9.1937208175659180e-01 9.9999958276748657e-01 -1.6210702597163618e-04 -9.3252962687984109e-04 8.8813841342926025e-01 3.6190000000000000e+03 9.5792762756347656e+01
9.9990683794021606e-01 3.3265242818742990e-03 -1.3243954628705978e-02 9.2138189077377319e-01 9.9999082088470459e-01 -4.2262226343154907e-03 -7.9631246626377106e-04 8.8332766294479370e-01 4.3820000000000000e+03 8.4337287902832031e+01
9.9998021125793457e-01 4.3636909686028957e-03 -4.5329681597650051e-03 9.1538113355636597e-01 9.9999183416366577e-01 -2.3244635667651892e-04 -4.0453621186316013e-03 8.8885688781738281e-01 3.2050000000000000e+03 8.7225692749023438e+01
9.9992740154266357e-01 3.6649799440056086e-03 -1.1476478539407253e-02 9.2123514413833618e-01 9.9995875358581543e-01 8.5512353107333183e-03 3.0597185250371695e-03 8.8355702161788940e-01 1.5720000000000000e+03 8.4920722961425781e+01
9.9992972612380981e-01 4.8746224492788315e-03 -1.0807146318256855e-02 9.1926401853561401e-01 9.9997729063034058e-01 4.1176853701472282e-03 5.3336634300649166e-03 8.7980818748474121e-01 2.6570000000000000e+03 8.9287597656250000e+01
9.9999523162841797e-01 -1.1670648818835616e-03 -2.8687193989753723e-03 9.1517871618270874e-01 9.9998819828033447e-01 2.6017302297987044e-04 -4.8428680747747421e-03 8.9912360906600952e-01 3.1550000000000000e+03 9.9561531066894531e+01
9.9999123811721802e-01 -1.9087670370936394e-03 -3.7334735970944166e-03 9.1265773773193359e-01 9.9997949600219727e-01 -5.1928665488958359e-03 -3.7521829362958670e-03 8.9746683835983276e-01 3.6280000000000000e+03 8.8378471374511719e+01
9.9997973442077637e-01 -4.9663577228784561e-03 -3.9854515343904495e-03 9.0967351198196411e-01 9.9984627962112427e-01 -1.2350169941782951e-02 -1.2442474253475666e-02 9.0968859195709229e-01 1.4390000000000000e+03 1.1408673095703125e+02
9.9993264675140381e-01 -2.8304746956564486e-04 -1.1603095568716526e-02 9.3364745378494263e-01 9.9998080730438232e-01 6.1094374395906925e-03 1.0752250673249364e-03 8.8904750347137451e-01 1.5010000000000000e+03 6.9345252990722656e+01
9.9986946582794189e-01 1.7129644984379411e-03 -1.6062449663877487e-02 9.4112944602966309e-01 9.9989318847656250e-01 1.3253930956125259e-02 6.1505115590989590e-03 8.9139199256896973e-01 1.3550000000000000e+03 8.9610618591308594e+01
-1.8729919567704201e-02 5.1106190681457520e-01 -8.5933989286422729e-01 1.4783773422241211e+00 -5.5687807500362396e-02 -8.1334322690963745e-01 -5.7911276817321777e-01 1.5421611070632935e+00 1.5340000000000000e+03 2.2006964111328125e+02
9.9996203184127808e-01 5.5253729224205017e-03 6.7425747402012348e-03 9.0751862525939941e-01 9.9990868568420410e-01 3.7163309752941132e-03 -1.2990497983992100e-02 9.1714560985565186e-01 2.6650000000000000e+03 1.0529906463623047e+02
-9.9924492835998535e-01 -3.6463573575019836e-02 1.3417689129710197e-02 1.3997554779052734e+00 -9.9983614683151245e-01 1.6474774107336998e-02 7.5097056105732918e-03 1.5975250005722046e+00 1.2160000000000000e+03 2.1479406738281250e+02
3.9078763802535832e-04 7.1311181783676147e-01 -7.0105010271072388e-01 1.0134016275405884e+00 -2.5087525136768818e-04 -6.4405286312103271e-01 -7.6498103141784668e-01 1.0042694807052612e+00 3.7010000000000000e+03 1.8695056152343750e+02
-5.2214572206139565e-03 6.8276923894882202e-01 -7.3061543703079224e-01 9.7476971149444580e-01 4.9402210861444473e-03 -6.6258788108825684e-01 -7.4896800518035889e-01 9.7685813903808594e-01 6.8690000000000000e+03 1.6658888244628906e+02
-7.2781215421855450e-03 6.8347966670989990e-01 -7.2993320226669312e-01 9.4405674934387207e-01 -1.3512728735804558e-02 -6.8472903966903687e-01 -7.2867244482040405e-01 9.3719518184661865e-01 5.6280000000000000e+03 1.3377497863769531e+02
-2.1320236555766314e-04 6.8324369192123413e-01 -7.3019039630889893e-01 9.3622356653213501e-01 -3.3020854461938143e-03 -6.7847341299057007e-01 -7.3461765050888062e-01 9.3008601665496826e-01 1.2207000000000000e+04 1.4688629150390625e+02
5.9305685572326183e-03 6.9878333806991577e-01 -7.1530878543853760e-01 9.0232348442077637e-01 3.6657208111137152e-03 -6.7627948522567749e-01 -7.3663610219955444e-01 9.1682237386703491e-01 4.1250000000000000e+03 1.7839660644531250e+02
-1.1574479285627604e-03 6.8553769588470459e-01 -7.2803622484207153e-01 9.0763568878173828e-01 -1.1322746984660625e-02 -6.4074498414993286e-01 -7.6767039299011230e-01 1.0506764650344849e+00 3.3960000000000000e+03 1.1073921966552734e+02
-1.1574479285627604e-03 6.8553769588470459e-01 -7.2803622484207153e-01 9.0763568878173828e-01 2.7214724104851484e-03 -6.7136824131011963e-01 -7.4111896753311157e-01 8.9865195751190186e-01 9.4970000000000000e+03 1.5203485107421875e+02
-1.8746994901448488e-03 4.8967680335044861e-01 -8.7190198898315430e-01 8.4452438354492188e-01 -3.9132949896156788e-03 -8.5962355136871338e-01 -5.1091301441192627e-01 7.8507196903228760e-01 1.9310000000000000e+03 1.3323962402343750e+02
-1.8746994901448488e-03 4.8967680335044861e-01 -8.7190198898315430e-01 8.4452438354492188e-01 2.4226629175245762e-03 -8.0855882167816162e-01 -5.8841043710708618e-01 9.8773974180221558e-01 6.7910000000000000e+03 1.6708276367187500e+02
3.2143110875040293e-03 3.5336619615554810e-01 -9.3547952175140381e-01 9.8230814933776855e-01 1.8680714070796967e-02 -9.5333212614059448e-01 -3.0134493112564087e-01 8.5983425378799438e-01 2.6970000000000000e+03 1.8688134765625000e+02
9.9993240833282471e-01 -1.0965307010337710e-03 -1.1578449979424477e-02 9.3784427642822266e-01 9.9999421834945679e-01 3.0252223950810730e-04 -3.3845370635390282e-03 8.9062911272048950e-01 1.8530000000000000e+03 8.3015068054199219e+01
9.9998825788497925e-01 6.9809210253879428e-04 -4.7982642427086830e-03 9.1517186164855957e-01 9.9998801946640015e-01 -4.3799211271107197e-03 -2.2047653328627348e-03 8.9236766099929810e-01 3.2900000000000000e+03 7.7366561889648438e+01
9.9998706579208374e-01 3.0830989999230951e-05 -5.0844117067754269e-03 9.1781622171401978e-01 9.9998939037322998e-01 -4.4031748548150063e-03 -1.3314125826582313e-03 8.9102053642272949e-01 4.1100000000000000e+03 8.0969528198242188e+01
9.9997812509536743e-01 3.6491400096565485e-03 -5.5228695273399353e-03 9.1417330503463745e-01 9.9999260902404785e-01 -2.8441424947232008e-03 -2.5840422604233027e-03 8.9062154293060303e-01 4.7900000000000000e+03 8.1147178649902344e+01
9.9999940395355225e-01 1.1301180347800255e-04 -1.0653135832399130e-03 9.0885174274444580e-01 9.9999952316284180e-01 -4.3504277709871531e-04 -9.3045388348400593e-04 8.8951069116592407e-01 4.6200000000000000e+03 8.5817314147949219e+01
9.9998056888580322e-01 -2.8352229855954647e-03 -5.5395476520061493e-03 9.1741734743118286e-01 9.9998170137405396e-01 -4.3641895172186196e-04 6.0384552925825119e-03 8.7925112247467041e-01 2.7760000000000000e+03 8.2697158813476562e+01
9.9999982118606567e-01 -5.7060777908191085e-04 1.0695306264096871e-04 9.1061490774154663e-01 9.9975728988647461e-01 1.7105687409639359e-02 1.3887396082282066e-02 8.7319016456604004e-01 1.1180000000000000e+03 9.0254035949707031e+01
9.9997395277023315e-01 -7.1831876412034035e-03 -7.0954492548480630e-04 9.1068750619888306e-01 9.9997246265411377e-01 5.9070787392556667e-03 -4.4998750090599060e-03 9.0171021223068237e-01 2.2390000000000000e+03 1.1719066619873047e+02
-2.6156532112509012e-03 6.7745214700698853e-01 -7.3556226491928101e-01 1.3603794574737549e+00 -5.0080274231731892e-03 -6.5140420198440552e-01 -7.5871437788009644e-01 1.3993045091629028e+00 1.5290000000000000e+03 1.3354528808593750e+02
-2.6156532112509012e-03 6.7745214700698853e-01 -7.3556226491928101e-01 1.3603794574737549e+00 1.2658967636525631e-02 -6.7278122901916504e-01 -7.3973321914672852e-01 1.3534034490585327e+00 4.5060000000000000e+03 1.6870018005371094e+02
9.9999427795410156e-01 -3.0504409223794937e-03 -1.4558410039171576e-03 9.2786890268325806e-01 9.9984657764434814e-01 1.5070251189172268e-02 -8.9273368939757347e-03 9.1010260581970215e-01 2.5610000000000000e+03 9.8230628967285156e+01
-9.9853354692459106e-01 -1.6528172418475151e-02 -5.1551368087530136e-02 1.3445715904235840e+00 -9.9988645315170288e-01 2.9795519076287746e-03 1.4769203960895538e-02 1.4632492065429688e+00 1.1170000000000000e+03 2.2872784423828125e+02
3.3586132340133190e-03 2.4379853904247284e-01 -9.6982014179229736e-01 1.0310232639312744e+00 -7.7063795179128647e-03 -9.6062970161437988e-01 -2.7772501111030579e-01 1.0712350606918335e+00 3.2480000000000000e+03 2.0884790039062500e+02
9.9998617172241211e-01 -4.6648001298308372e-03 -2.4165695067495108e-03 9.2104905843734741e-01 9.9997740983963013e-01 4.1981539689004421e-03 -5.2601783536374569e-03 8.9286333322525024e-01 2.2860000000000000e+03 1.1627515411376953e+02
-2.7769342996180058e-03 3.8343271613121033e-01 -9.2356461286544800e-01 1.3147592544555664e+00 -1.4978623017668724e-02 -8.9112818241119385e-01 -4.5350432395935059e-01 1.3757650852203369e+00 2.3260000000000000e+03 2.1274548339843750e+02
9.9985837936401367e-01 -1.6735009849071503e-02 1.7856938065961003e-03 9.1629540920257568e-01 9.9997746944427490e-01 2.9232983943074942e-03 -6.0443240217864513e-03 8.9422798156738281e-01 1.4290000000000000e+03 1.2510916900634766e+02
9.9989050626754761e-01 -1.3604451902210712e-02 -5.8320020325481892e-03 9.1706985235214233e-01 9.9974727630615234e-01 2.0253624767065048e-02 9.7605092450976372e-03 8.8544183969497681e-01 1.1860000000000000e+03 1.1107440948486328e+02
6.9103650748729706e-03 5.5902934074401855e-01 -8.2911902666091919e-01 1.5330195426940918e+00 -9.7973812371492386e-03 -7.6867234706878662e-01 -6.3956773281097412e-01 1.4860017299652100e+00 2.7550000000000000e+03 1.8960000610351562e+02
5.6659714318811893e-03 3.4243002533912659e-01 -9.3952625989913940e-01 1.9776668548583984e+00 -7.3743197135627270e-03 -8.8873684406280518e-01 -4.5835831761360168e-01 2.1017901897430420e+00 1.5200000000000000e+03 2.0757499694824219e+02
9.9989545345306396e-01 9.7666066139936447e-03 -1.0656343773007393e-02 9.3281167745590210e-01 9.9995481967926025e-01 -8.7178785179276019e-05 9.5061967149376869e-03 8.8116407394409180e-01 1.2540000000000000e+03 7.3552711486816406e+01
9.9996554851531982e-01 -6.8187615834176540e-03 -4.7265044413506985e-03 9.1648143529891968e-01 9.9993985891342163e-01 8.3396676927804947e-03 7.1189515292644501e-03 9.1019433736801147e-01 2.6150000000000000e+03 9.3288597106933594e+01
-9.9970352649688721e-01 -1.8249794840812683e-02 1.6115406528115273e-02 1.4132995605468750e+00 -9.9986094236373901e-01 1.5118346549570560e-02 -7.0367674343287945e-03 1.5344972610473633e+00 1.4070000000000000e+03 2.1293376159667969e+02
9.9979048967361450e-01 2.0124984905123711e-02 -3.7396042607724667e-03 9.0769129991531372e-01 9.9992537498474121e-01 1.1804227717220783e-02 -3.1335712410509586e-03 9.0777570009231567e-01 1.1850000000000000e+03 1.1451055145263672e+02
9.9993693828582764e-01 5.1158382557332516e-03 -1.0000617243349552e-02 9.2221868038177490e-01 9.9997538328170776e-01 -4.9461238086223602e-03 -4.9818884581327438e-03 9.1160643100738525e-01 1.5450000000000000e+03 1.1324919128417969e+02
9.9999052286148071e-01 1.5094194095581770e-03 -4.0832241065800190e-03 9.1211044788360596e-01 9.9996310472488403e-01 -7.5354063883423805e-03 -4.1308463551104069e-03 8.9907300472259521e-01 2.6180000000000000e+03 1.0784759521484375e+02
-9.9845635890960693e-01 -9.4925366283860058e-05 -5.5540774017572403e-02 1.3609364032745361e+00 -9.9815326929092407e-01 9.1558722779154778e-03 6.0050684958696365e-02 1.3722989559173584e+00 1.0510000000000000e+03 2.3254234313964844e+02
9.9997973442077637e-01 5.7439394295215607e-03 -2.7633085846900940e-03 9.1237008571624756e-01 9.9992340803146362e-01 1.2181883677840233e-02 2.1769644226878881e-03 8.9260852336883545e-01 1.7730000000000000e+03 6.2984916687011719e+01
9.9997520446777344e-01 2.4211576674133539e-03 -6.6139828413724899e-03 9.2185294628143311e-01 9.9999737739562988e-01 2.1713961905334145e-04 -2.3007565177977085e-03 8.9530158042907715e-01 3.2060000000000000e+03 7.6879104614257812e+01
