9.9947327375411987e-01 -1.6732631484046578e-03 -3.2409057021141052e-02 9.0014708042144775e-01 9.9998337030410767e-01 1.3701730640605092e-03 -5.5974111892282963e-03 9.4187170267105103e-01 2.7680000000000000e+03 8.4459991455078125e+01
9.9938601255416870e-01 1.0652181226760149e-03 -3.5020604729652405e-02 8.9995890855789185e-01 9.9997991323471069e-01 -1.2696046615019441e-03 -6.2097199261188507e-03 9.4457668066024780e-01 3.1740000000000000e+03 8.7736923217773438e+01
9.9946874380111694e-01 -2.6916791684925556e-03 -3.2479576766490936e-02 8.8761645555496216e-01 9.9999934434890747e-01 -9.7897672094404697e-04 -4.7266681212931871e-04 9.2680925130844116e-01 2.1670000000000000e+03 1.1703092193603516e+02
9.9969089031219482e-01 1.2716514058411121e-02 -2.1364539861679077e-02 8.8280934095382690e-01 9.9981153011322021e-01 -1.2341628316789865e-03 -1.9376764073967934e-02 9.4341522455215454e-01 1.3640000000000000e+03 6.9066299438476562e+01
9.9954098463058472e-01 -1.3935284689068794e-02 -2.6903819292783737e-02 9.0144598484039307e-01 9.9997431039810181e-01 -1.5557145234197378e-03 -6.9876378402113914e-03 9.2667835950851440e-01 1.0160000000000000e+03 1.2358464813232422e+02
9.9967712163925171e-01 2.0628417842090130e-03 -2.5326568633317947e-02 3.6346355080604553e-01 9.9997985363006592e-01 6.3111735507845879e-03 -6.7845114972442389e-04 3.6604458093643188e-01 1.9540000000000000e+03 1.0424206542968750e+02
9.9973762035369873e-01 4.4727446511387825e-03 -2.2466018795967102e-02 3.6206248402595520e-01 9.9993419647216797e-01 8.4388041868805885e-03 -7.7634048648178577e-03 3.6944872140884399e-01 2.0630000000000000e+03 7.7469223022460938e+01
9.9971729516983032e-01 -1.3217367231845856e-02 -1.9762381911277771e-02 9.0296971797943115e-01 9.9992871284484863e-01 -2.6489449664950371e-03 -1.1641020886600018e-02 9.2125225067138672e-01 1.0930000000000000e+03 1.2233255004882812e+02
9.9957424402236938e-01 -4.2620470048859715e-04 -2.9172098264098167e-02 8.9157986640930176e-01 9.9997937679290771e-01 -3.6991117522120476e-03 -5.2413986995816231e-03 9.3473988771438599e-01 2.7430000000000000e+03 1.0330858612060547e+02
9.9916481971740723e-01 -4.7632181085646152e-03 -4.0583252906799316e-02 9.1679197549819946e-01 9.9994832277297974e-01 -5.7739098556339741e-03 -8.3585716784000397e-03 9.3637776374816895e-01 1.0310000000000000e+03 1.2480977630615234e+02
9.9932372570037842e-01 -6.6442508250474930e-03 -3.6165844649076462e-02 9.2607909440994263e-01 9.9992305040359497e-01 -6.0196775011718273e-03 -1.0843960568308830e-02 9.3322402238845825e-01 1.6760000000000000e+03 1.1431560516357422e+02
9.9958992004394531e-01 1.2544752098619938e-02 -2.5742528960108757e-02 8.9025777578353882e-01 9.9991023540496826e-01 -1.3391969725489616e-02 -2.6475123013369739e-04 9.0944159030914307e-01 1.9980000000000000e+03 1.1326705932617188e+02
9.9922001361846924e-01 -9.9829845130443573e-03 -3.8207069039344788e-02 9.0783703327178955e-01 9.9999028444290161e-01 4.1529168374836445e-03 1.5291624004021287e-03 9.2291390895843506e-01 2.4340000000000000e+03 1.1153040313720703e+02
9.9887382984161377e-01 2.1773630287498236e-03 -4.7396045178174973e-02 9.1821944713592529e-01 9.9999737739562988e-01 1.4627711789216846e-04 2.2621108219027519e-03 9.1766172647476196e-01 1.0190000000000000e+03 1.0456420898437500e+02
9.9956601858139038e-01 -6.6908416338264942e-03 -2.8687177225947380e-02 9.1198712587356567e-01 9.9991530179977417e-01 -5.1496704109013081e-03 -1.1950672604143620e-02 9.2461031675338745e-01 2.4890000000000000e+03 1.0019204711914062e+02
9.9956774711608887e-01 -7.2345589287579060e-03 -2.8494179248809814e-02 9.1315746307373047e-01 9.9992287158966064e-01 -2.1861973218619823e-03 -1.2223836034536362e-02 9.2468595504760742e-01 2.4960000000000000e+03 9.9912261962890625e+01
9.9965369701385498e-01 -1.3109194114804268e-03 -2.6281865313649178e-02 9.1334253549575806e-01 9.9982130527496338e-01 -9.6322866156697273e-03 -1.6269315034151077e-02 9.3125635385513306e-01 1.4730000000000000e+03 1.1505770874023438e+02
9.9931907653808594e-01 -2.5543321389704943e-03 -3.6806531250476837e-02 8.9772951602935791e-01 9.9999397993087769e-01 1.9421428442001343e-03 2.8611109592020512e-03 9.1256505250930786e-01 1.4830000000000000e+03 1.2448752593994141e+02
9.9964874982833862e-01 -3.1446565408259630e-03 -2.6319220662117004e-02 8.9261442422866821e-01 9.9997240304946899e-01 5.5889447685331106e-04 -7.4136201292276382e-03 9.2037749290466309e-01 2.0470000000000000e+03 1.2370444488525391e+02
-9.9941456317901611e-01 -3.4025207161903381e-02 3.5712232347577810e-03 1.4791326522827148e+00 -9.9835383892059326e-01 -1.0410978458821774e-02 -5.6401886045932770e-02 1.3665409088134766e+00 1.0020000000000000e+03 2.3071755981445312e+02
9.9952828884124756e-01 -5.2554891444742680e-03 -3.0259013175964355e-02 8.9563709497451782e-01 9.9999654293060303e-01 1.1404186952859163e-03 2.3650729563087225e-03 9.0499120950698853e-01 2.7930000000000000e+03 1.0759613800048828e+02
9.9944132566452026e-01 1.8919687136076391e-04 -3.3419232815504074e-02 8.9837473630905151e-01 9.9995517730712891e-01 9.4111142680048943e-03 1.0362577158957720e-03 9.0559923648834229e-01 1.6290000000000000e+03 8.4995376586914062e+01
-9.9969226121902466e-01 -2.4806099012494087e-02 1.8674352031666785e-04 1.4892693758010864e+00 -9.9850398302078247e-01 -4.2852122336626053e-02 -3.3963695168495178e-02 1.6667793989181519e+00 1.3510000000000000e+03 2.0092601013183594e+02
9.9942255020141602e-01 -3.9210947579704225e-04 -3.3978167921304703e-02 8.9890521764755249e-01 9.9994546175003052e-01 3.6907964386045933e-03 -9.7742052748799324e-03 9.2116558551788330e-01 3.4770000000000000e+03 8.5938171386718750e+01
-9.9952018260955811e-01 -2.7374010533094406e-02 -1.4492668211460114e-02 1.5363061428070068e+00 -9.9953997135162354e-01 -2.3747596889734268e-02 1.8864057958126068e-02 1.5060719251632690e+00 1.8350000000000000e+03 2.0140853881835938e+02
9.9949115514755249e-01 6.0884171398356557e-04 -3.1889770179986954e-02 8.8950461149215698e-01 9.9997788667678833e-01 9.9481258075684309e-04 -6.5796938724815845e-03 9.1915953159332275e-01 4.3520000000000000e+03 8.6771255493164062e+01
-9.9908465147018433e-01 -2.4095078930258751e-02 -3.5343691706657410e-02 1.6079444885253906e+00 -9.9960434436798096e-01 -2.7894418686628342e-02 3.6177297588437796e-03 1.5664820671081543e+00 1.8870000000000000e+03 2.0136619567871094e+02
9.9956589937210083e-01 1.0394377750344574e-04 -2.9461719095706940e-02 8.8852328062057495e-01 9.9997401237487793e-01 -1.4560318086296320e-03 -7.0611895062029362e-03 9.1937208175659180e-01 3.6190000000000000e+03 9.5792762756347656e+01
9.9969023466110229e-01 -2.8019829187542200e-03 -2.4728635326027870e-02 8.9064425230026245e-01 9.9990683794021606e-01 3.3265242818742990e-03 -1.3243954628705978e-02 9.2138189077377319e-01 4.3820000000000000e+03 8.4337287902832031e+01
9.9971324205398560e-01 -3.3554616384208202e-03 -2.3711282759904861e-02 8.8169896602630615e-01 9.9998021125793457e-01 4.3636909686028957e-03 -4.5329681597650051e-03 9.1538113355636597e-01 3.5700000000000000e+03 8.7225692749023438e+01
9.9981755018234253e-01 3.7953691207803786e-04 -1.9098641350865364e-02 8.8142257928848267e-01 9.9992740154266357e-01 3.6649799440056086e-03 -1.1476478539407253e-02 9.2123514413833618e-01 2.8490000000000000e+03 8.4920722961425781e+01
9.9963140487670898e-01 -2.5061687920242548e-03 -2.7031090110540390e-02 9.0078198909759521e-01 9.9992972612380981e-01 4.8746224492788315e-03 -1.0807146318256855e-02 9.1926401853561401e-01 1.5500000000000000e+03 8.9287597656250000e+01
9.9936568737030029e-01 -2.2055036388337612e-03 -3.5542875528335571e-02 9.0426498651504517e-01 9.9999123811721802e-01 -1.9087670370936394e-03 -3.7334735970944166e-03 9.1265773773193359e-01 1.3540000000000000e+03 1.1105022430419922e+02
9.9932342767715454e-01 1.8030049977824092e-03 -3.6735318601131439e-02 9.0621590614318848e-01 9.9997973442077637e-01 -4.9663577228784561e-03 -3.9854515343904495e-03 9.0967351198196411e-01 1.7430000000000000e+03 1.1455766296386719e+02
9.9967443943023682e-01 5.6109525030478835e-04 -2.5508431717753410e-02 8.8617682456970215e-01 9.9987810850143433e-01 1.5255081467330456e-02 -3.3242569770663977e-03 9.0656149387359619e-01 1.6140000000000000e+03 1.0984721374511719e+02
9.9961429834365845e-01 -1.2927399016916752e-02 -2.4580761790275574e-02 8.9843028783798218e-01 9.9993264675140381e-01 -2.8304746956564486e-04 -1.1603095568716526e-02 9.3364745378494263e-01 2.4160000000000000e+03 1.0490232086181641e+02
9.9969959259033203e-01 6.2246769666671753e-03 -2.3704729974269867e-02 8.9287495613098145e-01 9.9999272823333740e-01 -6.4609659602865577e-04 -3.7506280932575464e-03 9.2178261280059814e-01 2.3190000000000000e+03 1.0260848236083984e+02
9.9947863817214966e-01 -3.4199217334389687e-03 -3.2102324068546295e-02 9.0851747989654541e-01 9.9991989135742188e-01 -1.2177133932709694e-02 -3.4511778503656387e-03 9.3103969097137451e-01 1.3140000000000000e+03 1.1488660430908203e+02
9.9926280975341797e-01 1.7506997392047197e-04 -3.8389377295970917e-02 9.0156805515289307e-01 9.9998474121093750e-01 4.0152724832296371e-03 3.7962612695991993e-03 9.1672855615615845e-01 4.4060000000000000e+03 9.8091918945312500e+01
9.9925041198730469e-01 -1.5501018613576889e-02 -3.5473790019750595e-02 9.0416109561920166e-01 9.9990308284759521e-01 1.2949158437550068e-02 -5.1197842694818974e-03 9.1565239429473877e-01 1.9140000000000000e+03 1.1217763519287109e+02
9.9965089559555054e-01 -5.0160516984760761e-03 -2.5940036401152611e-02 8.9402902126312256e-01 9.9986946582794189e-01 1.7129644984379411e-03 -1.6062449663877487e-02 9.4112944602966309e-01 1.5870000000000000e+03 1.0884310150146484e+02
9.9932110309600830e-01 1.0977913625538349e-02 -3.5166841000318527e-02 8.9292412996292114e-01 9.9997210502624512e-01 7.4611851014196873e-03 -2.2990818251855671e-04 9.0748637914657593e-01 1.2640000000000000e+03 1.2875949096679688e+02
9.9908483028411865e-01 3.1747173052281141e-03 -4.2655061930418015e-02 8.9615887403488159e-01 9.9989169836044312e-01 9.1589102521538734e-03 1.1521976441144943e-02 9.0876704454421997e-01 2.9150000000000000e+03 8.5534820556640625e+01
-9.9839979410171509e-01 -5.2909232676029205e-02 1.9967216998338699e-02 1.4986969232559204e+00 -9.9985057115554810e-01 -1.4107266440987587e-02 -9.9906129762530327e-03 1.4354512691497803e+00 1.1090000000000000e+03 2.1288368225097656e+02
9.9961173534393311e-01 -3.8852982688695192e-03 -2.7590891346335411e-02 8.9192080497741699e-01 9.9985891580581665e-01 1.6280451789498329e-02 4.1325762867927551e-03 8.9495807886123657e-01 1.4750000000000000e+03 1.0837694549560547e+02
9.9937862157821655e-01 -2.3406646214425564e-03 -3.5170398652553558e-02 8.9832371473312378e-01 9.9993240833282471e-01 -1.0965307010337710e-03 -1.1578449979424477e-02 9.3784427642822266e-01 1.8530000000000000e+03 8.9094543457031250e+01
9.9944072961807251e-01 4.6161684440448880e-04 -3.3436920493841171e-02 8.9915925264358521e-01 9.9998825788497925e-01 6.9809210253879428e-04 -4.7982642427086830e-03 9.1517186164855957e-01 3.2900000000000000e+03 8.8347450256347656e+01
9.9942779541015625e-01 1.4445482520386577e-03 -3.3794619143009186e-02 8.9720690250396729e-01 9.9998706579208374e-01 3.0830989999230951e-05 -5.0844117067754269e-03 9.1781622171401978e-01 4.1100000000000000e+03 8.9452667236328125e+01
9.9947369098663330e-01 2.3425823019351810e-04 -3.2437872141599655e-02 8.9633524417877197e-01 9.9997812509536743e-01 3.6491400096565485e-03 -5.5228695273399353e-03 9.1417330503463745e-01 4.7900000000000000e+03 8.6116218566894531e+01
9.9935197830200195e-01 3.0775526538491249e-03 -3.5861268639564514e-02 8.9754176139831543e-01 9.9999940395355225e-01 1.1301180347800255e-04 -1.0653135832399130e-03 9.0885174274444580e-01 4.6200000000000000e+03 8.5817314147949219e+01
-9.9940878152847290e-01 -3.2411668449640274e-02 1.1474557220935822e-02 1.4789481163024902e+00 -9.9944627285003662e-01 -2.9082432389259338e-02 -1.6169806942343712e-02 1.5955779552459717e+00 1.5480000000000000e+03 2.0441937255859375e+02
9.9940210580825806e-01 2.8479194734245539e-03 -3.4459583461284637e-02 8.9771991968154907e-01 9.9998056888580322e-01 -2.8352229855954647e-03 -5.5395476520061493e-03 9.1741734743118286e-01 3.1700000000000000e+03 8.2697158813476562e+01
-9.9951386451721191e-01 -3.1145244836807251e-02 1.4727030647918582e-03 1.5089670419692993e+00 -9.9949389696121216e-01 -3.0624644830822945e-02 8.6100948974490166e-03 1.5292731523513794e+00 1.9930000000000000e+03 1.9838848876953125e+02
9.9929440021514893e-01 3.7101532798260450e-03 -3.7375211715698242e-02 9.0045458078384399e-01 9.9999898672103882e-01 5.6734320423856843e-06 -1.3758298009634018e-03 9.1155081987380981e-01 3.2040000000000000e+03 8.0251258850097656e+01
-9.9946099519729614e-01 -3.0431728810071945e-02 1.2309459969401360e-02 1.4724326133728027e+00 -9.9907618761062622e-01 -4.1632644832134247e-02 1.0656571947038174e-02 1.5229663848876953e+00 1.6150000000000000e+03 1.9598849487304688e+02
9.9961566925048828e-01 -1.1551219504326582e-03 -2.7696872130036354e-02 8.8471519947052002e-01 9.9997395277023315e-01 -7.1831876412034035e-03 -7.0954492548480630e-04 9.1068750619888306e-01 2.2920000000000000e+03 1.1719066619873047e+02
9.9968022108078003e-01 -3.5246147308498621e-03 -2.5041082873940468e-02 8.8348472118377686e-01 9.9999022483825684e-01 -4.2694676667451859e-03 1.1600576108321548e-03 9.0301036834716797e-01 1.8220000000000000e+03 1.2334028625488281e+02
9.9945646524429321e-01 -1.2153652496635914e-02 -3.0643180012702942e-02 8.9244663715362549e-01 9.9999773502349854e-01 -1.1262679472565651e-03 -1.8055066466331482e-03 9.1047835350036621e-01 1.4940000000000000e+03 1.2477175140380859e+02
9.9940139055252075e-01 -1.0402309708297253e-03 -3.4580986946821213e-02 8.9855164289474487e-01 9.9999427795410156e-01 -3.0504409223794937e-03 -1.4558410039171576e-03 9.2786890268325806e-01 2.5260000000000000e+03 9.8230628967285156e+01
9.9887555837631226e-01 -2.3392336443066597e-03 -4.7352284193038940e-02 9.2545294761657715e-01 9.9998617172241211e-01 -4.6648001298308372e-03 -2.4165695067495108e-03 9.2104905843734741e-01 1.8640000000000000e+03 1.1627515411376953e+02
9.9937433004379272e-01 -7.8137265518307686e-03 -3.4495417028665543e-02 9.1448926925659180e-01 9.9983221292495728e-01 3.5121524706482887e-03 -1.7978541553020477e-02 9.4580054283142090e-01 1.5620000000000000e+03 1.2905569458007812e+02
9.9948704242706299e-01 -1.0271676816046238e-02 -3.0335895717144012e-02 9.1758799552917480e-01 9.9992400407791138e-01 -6.8828668445348740e-03 -1.0229822248220444e-02 9.3072658777236938e-01 1.4200000000000000e+03 1.2361690521240234e+02
9.9958926439285278e-01 1.8600607290863991e-03 -2.8597496449947357e-02 8.9616781473159790e-01 9.9996554851531982e-01 -6.8187615834176540e-03 -4.7265044413506985e-03 9.1648143529891968e-01 3.4210000000000000e+03 9.5387023925781250e+01
9.9923998117446899e-01 -1.8688377458602190e-03 -3.8936324417591095e-02 9.0460497140884399e-01 9.9996161460876465e-01 6.6313571296632290e-03 5.7309195399284363e-03 9.0767294168472290e-01 2.3020000000000000e+03 7.3119781494140625e+01
9.9961507320404053e-01 -1.5905909240245819e-02 -2.2732293233275414e-02 8.9304751157760620e-01 9.9993693828582764e-01 5.1158382557332516e-03 -1.0000617243349552e-02 9.2221868038177490e-01 1.5180000000000000e+03 1.2727140808105469e+02
-9.9949455261230469e-01 -3.0603935942053795e-02 -8.6052436381578445e-03 1.5133966207504272e+00 -9.9845635890960693e-01 -9.4925366283860058e-05 -5.5540774017572403e-02 1.3609364032745361e+00 1.0510000000000000e+03 2.3254234313964844e+02
9.9965375661849976e-01 -3.7461114116013050e-03 -2.6042569428682327e-02 8.9340591430664062e-01 9.9999052286148071e-01 1.5094194095581770e-03 -4.0832241065800190e-03 9.1211044788360596e-01 2.6180000000000000e+03 1.0784759521484375e+02
9.9942737817764282e-01 -1.1129479389637709e-03 -3.3817455172538757e-02 9.0075087547302246e-01 9.9997973442077637e-01 5.7439394295215607e-03 -2.7633085846900940e-03 9.1237008571624756e-01 1.9890000000000000e+03 8.5099243164062500e+01
-9.9972343444824219e-01 -2.3024756461381912e-02 4.7942749224603176e-03 1.4817789793014526e+00 -9.9927186965942383e-01 -3.4727770835161209e-02 1.5806516632437706e-02 1.4976030588150024e+00 1.2930000000000000e+03 2.0163609313964844e+02
9.9938517808914185e-01 -1.1713447747752070e-03 -3.5041902214288712e-02 8.9708507061004639e-01 9.9997520446777344e-01 2.4211576674133539e-03 -6.6139828413724899e-03 9.2185294628143311e-01 3.2060000000000000e+03 8.4452354431152344e+01
-9.9933248758316040e-01 -3.4562729299068451e-02 -1.1829962953925133e-02 1.5378903150558472e+00 -9.9874436855316162e-01 -4.8490460962057114e-02 1.2586821801960468e-02 1.5268507003784180e+00 1.3840000000000000e+03 2.0784176635742188e+02
