9.9963212013244629e-01 -2.7031818404793739e-02 2.2169651929289103e-03 9.0524619817733765e-01 9.9998337030410767e-01 1.3701730640605092e-03 -5.5974111892282963e-03 9.4187170267105103e-01 2.7680000000000000e+03 8.5828491210937500e+01
9.9961352348327637e-01 -2.7755845338106155e-02 -1.5790897887200117e-03 9.0813779830932617e-01 9.9997991323471069e-01 -1.2696046615019441e-03 -6.2097199261188507e-03 9.4457668066024780e-01 3.1740000000000000e+03 8.7736923217773438e+01
9.9955391883850098e-01 -2.9765093699097633e-02 -2.4302867241203785e-03 9.0596610307693481e-01 9.9999856948852539e-01 6.5440300386399031e-04 -1.5929352957755327e-03 9.2774581909179688e-01 4.2840000000000000e+03 8.5507034301757812e+01
-9.9963521957397461e-01 4.5629679225385189e-03 2.6619305834174156e-02 1.5137578248977661e+00 -9.9893003702163696e-01 -4.0071949362754822e-02 2.3085735738277435e-02 1.4509438276290894e+00 1.4850000000000000e+03 2.1326330566406250e+02
9.9962192773818970e-01 -2.7426799759268761e-02 -1.9702212885022163e-03 9.1090631484985352e-01 9.9998664855957031e-01 -4.7745564952492714e-03 2.0041933748871088e-03 9.1316092014312744e-01 1.6900000000000000e+03 8.8114440917968750e+01
9.9977040290832520e-01 -1.9454089924693108e-02 8.9870560914278030e-03 3.5993555188179016e-01 9.9994927644729614e-01 6.6178138367831707e-03 -7.5861779041588306e-03 3.7002006173133850e-01 1.5640000000000000e+03 8.9718032836914062e+01
9.9967205524444580e-01 -2.4151869118213654e-02 8.5031185299158096e-03 9.0033304691314697e-01 9.9998718500137329e-01 -4.9132243730127811e-03 -1.2554270215332508e-03 9.1243475675582886e-01 1.9490000000000000e+03 9.7309188842773438e+01
9.9985462427139282e-01 -1.4106463640928268e-02 -9.5802163705229759e-03 9.2640340328216553e-01 9.9994832277297974e-01 -5.7739098556339741e-03 -8.3585716784000397e-03 9.3637776374816895e-01 1.1170000000000000e+03 1.2480977630615234e+02
9.9925786256790161e-01 -3.8491860032081604e-02 1.4356597093865275e-03 9.0737652778625488e-01 9.9993258714675903e-01 8.1030428409576416e-03 -8.3188218995928764e-03 9.3157637119293213e-01 1.4900000000000000e+03 6.4196647644042969e+01
9.9963432550430298e-01 -2.5962185114622116e-02 7.5587877072393894e-03 9.0142697095870972e-01 9.9993413686752319e-01 7.7770575881004333e-03 -8.4402468055486679e-03 9.2559343576431274e-01 1.4540000000000000e+03 6.3490661621093750e+01
9.9942278861999512e-01 -3.3600986003875732e-02 4.9961665645241737e-03 8.9588338136672974e-01 9.9998182058334351e-01 4.7700414434075356e-03 -3.6888148169964552e-03 9.1689527034759521e-01 1.7340000000000000e+03 7.0020812988281250e+01
9.9928963184356689e-01 -3.5789806395769119e-02 1.1811268515884876e-02 8.9050465822219849e-01 9.9994850158691406e-01 7.9861609265208244e-03 -6.2742792069911957e-03 9.1874688863754272e-01 1.3610000000000000e+03 6.8109474182128906e+01
9.9937373399734497e-01 -3.4955266863107681e-02 5.4986076429486275e-03 8.9756762981414795e-01 9.9997246265411377e-01 7.0969904772937298e-03 -2.1724728867411613e-03 9.1569495201110840e-01 2.3820000000000000e+03 7.8854385375976562e+01
9.9976307153701782e-01 -2.0047880709171295e-02 -8.4711853414773941e-03 9.0748292207717896e-01 9.9978923797607422e-01 -2.0381404086947441e-02 -2.4657722096890211e-03 9.1750991344451904e-01 2.7530000000000000e+03 1.1240464782714844e+02
9.9954396486282349e-01 -2.7709579095244408e-02 -1.2004557065665722e-02 9.2269325256347656e-01 9.9999737739562988e-01 1.4627711789216846e-04 2.2621108219027519e-03 9.1766172647476196e-01 1.4890000000000000e+03 1.0998052215576172e+02
2.5048207491636276e-02 9.3285220861434937e-01 -3.5938739776611328e-01 3.0793207883834839e-01 2.5087790563702583e-02 -9.2169541120529175e-01 -3.8710227608680725e-01 3.0417272448539734e-01 4.4920000000000000e+03 1.4648196411132812e+02
9.9959754943847656e-01 -2.7969358488917351e-02 4.7323284670710564e-03 8.9750826358795166e-01 9.9995517730712891e-01 9.4111142680048943e-03 1.0362577158957720e-03 9.0559923648834229e-01 1.6290000000000000e+03 8.5124824523925781e+01
-9.9998539686203003e-01 4.9284202978014946e-03 -2.2108147386461496e-03 1.5914956331253052e+00 -9.9850398302078247e-01 -4.2852122336626053e-02 -3.3963695168495178e-02 1.6667793989181519e+00 1.3510000000000000e+03 2.1438427734375000e+02
9.9965602159500122e-01 -2.5567809119820595e-02 5.8515025302767754e-03 8.9522355794906616e-01 9.9994546175003052e-01 3.6907964386045933e-03 -9.7742052748799324e-03 9.2116558551788330e-01 3.4770000000000000e+03 8.2850479125976562e+01
-9.9998772144317627e-01 1.5278904465958476e-03 4.7272634692490101e-03 1.5606114864349365e+00 -9.9953997135162354e-01 -2.3747596889734268e-02 1.8864057958126068e-02 1.5060719251632690e+00 1.8350000000000000e+03 2.0428860473632812e+02
9.9959146976470947e-01 -2.8536293655633926e-02 1.6338523710146546e-03 8.9857918024063110e-01 9.9997788667678833e-01 9.9481258075684309e-04 -6.5796938724815845e-03 9.1915953159332275e-01 4.3520000000000000e+03 8.2047874450683594e+01
-9.9992752075195312e-01 4.0559116750955582e-03 1.1335971765220165e-02 1.5374251604080200e+00 -9.9960434436798096e-01 -2.7894418686628342e-02 3.6177297588437796e-03 1.5664820671081543e+00 1.9810000000000000e+03 1.9469107055664062e+02
9.9960917234420776e-01 -2.7958421036601067e-02 -3.1713527278043330e-05 9.0555036067962646e-01 9.9997401237487793e-01 -1.4560318086296320e-03 -7.0611895062029362e-03 9.1937208175659180e-01 3.6190000000000000e+03 9.5792762756347656e+01
-9.9989038705825806e-01 1.3553792610764503e-02 5.9545068070292473e-03 1.5456449985504150e+00 -9.9922871589660645e-01 -3.8126461207866669e-02 9.4059528782963753e-03 1.5484553575515747e+00 1.7610000000000000e+03 1.9440921020507812e+02
9.9967980384826660e-01 -2.4184947833418846e-02 7.4515962041914463e-03 8.9919865131378174e-01 9.9990683794021606e-01 3.3265242818742990e-03 -1.3243954628705978e-02 9.2138189077377319e-01 3.9310000000000000e+03 8.4337287902832031e+01
-9.9988073110580444e-01 1.2121885083615780e-02 -9.5684956759214401e-03 1.5771939754486084e+00 -9.9884861707687378e-01 -4.2958300560712814e-02 2.1353390067815781e-02 1.5292915105819702e+00 1.8640000000000000e+03 2.0097157287597656e+02
9.9970114231109619e-01 -2.3989662528038025e-02 4.7056991606950760e-03 9.0136986970901489e-01 9.9998021125793457e-01 4.3636909686028957e-03 -4.5329681597650051e-03 9.1538113355636597e-01 3.5240000000000000e+03 8.7225692749023438e+01
9.9947625398635864e-01 -2.3671217262744904e-02 2.2065507248044014e-02 8.7010759115219116e-01 9.9992740154266357e-01 3.6649799440056086e-03 -1.1476478539407253e-02 9.2123514413833618e-01 2.1590000000000000e+03 8.4920722961425781e+01
9.9935400485992432e-01 -2.0360335707664490e-02 2.9615705832839012e-02 8.6041367053985596e-01 9.9992972612380981e-01 4.8746224492788315e-03 -1.0807146318256855e-02 9.1926401853561401e-01 1.5640000000000000e+03 8.9287597656250000e+01
9.9975395202636719e-01 -1.5915432944893837e-02 1.5450358390808105e-02 9.0060108900070190e-01 9.9971359968185425e-01 2.3814933374524117e-02 2.3896771017462015e-03 9.0785217285156250e-01 1.3560000000000000e+03 4.3957965850830078e+01
9.9986743927001953e-01 -1.4462363906204700e-02 -7.4817445129156113e-03 9.2680305242538452e-01 9.9999272823333740e-01 -6.4609659602865577e-04 -3.7506280932575464e-03 9.2178261280059814e-01 1.0800000000000000e+03 1.0654907226562500e+02
9.9964314699172974e-01 -2.6128636673092842e-02 5.5586439557373524e-03 9.0825027227401733e-01 9.9974489212036133e-01 1.7530236393213272e-02 -1.4245653524994850e-02 9.3982034921646118e-01 1.3870000000000000e+03 5.3394260406494141e+01
9.9907320737838745e-01 -4.2844146490097046e-02 -4.1286693885922432e-03 8.9600223302841187e-01 9.9989169836044312e-01 9.1589102521538734e-03 1.1521976441144943e-02 9.0876704454421997e-01 1.9880000000000000e+03 1.0220472717285156e+02
9.9967342615127563e-01 -2.5490442290902138e-02 1.8323190743103623e-03 8.9721655845642090e-01 9.9985891580581665e-01 1.6280451789498329e-02 4.1325762867927551e-03 8.9495807886123657e-01 1.4750000000000000e+03 1.0837694549560547e+02
9.9949902296066284e-01 -3.1648177653551102e-02 -4.2982702143490314e-04 9.0829181671142578e-01 9.9993240833282471e-01 -1.0965307010337710e-03 -1.1578449979424477e-02 9.3784427642822266e-01 1.0430000000000000e+03 9.4096832275390625e+01
9.9961465597152710e-01 -2.7135564014315605e-02 5.8365892618894577e-03 8.9291113615036011e-01 9.9998825788497925e-01 6.9809210253879428e-04 -4.7982642427086830e-03 9.1517186164855957e-01 2.0840000000000000e+03 9.0046066284179688e+01
9.9966138601303101e-01 -2.5791337713599205e-02 3.4468783996999264e-03 8.9427787065505981e-01 9.9998706579208374e-01 3.0830989999230951e-05 -5.0844117067754269e-03 9.1781622171401978e-01 3.1430000000000000e+03 8.2090995788574219e+01
9.9961614608764648e-01 -2.7679761871695518e-02 -1.2073682155460119e-03 9.0607589483261108e-01 9.9997812509536743e-01 3.6491400096565485e-03 -5.5228695273399353e-03 9.1417330503463745e-01 3.4790000000000000e+03 8.2206954956054688e+01
9.9960613250732422e-01 -2.8060397133231163e-02 4.3955890578217804e-04 8.9630699157714844e-01 9.9999940395355225e-01 1.1301180347800255e-04 -1.0653135832399130e-03 9.0885174274444580e-01 3.8890000000000000e+03 8.8296478271484375e+01
-9.9993783235549927e-01 1.2677138147410005e-04 1.1153963394463062e-02 1.5784809589385986e+00 -9.9944627285003662e-01 -2.9082432389259338e-02 -1.6169806942343712e-02 1.5955779552459717e+00 1.5480000000000000e+03 2.0903121948242188e+02
9.9961692094802856e-01 -2.7583835646510124e-02 -2.2664987482130527e-03 9.0352725982666016e-01 9.9998056888580322e-01 -2.8352229855954647e-03 -5.5395476520061493e-03 9.1741734743118286e-01 3.1700000000000000e+03 8.3157302856445312e+01
-9.9968844652175903e-01 9.0012904256582260e-03 2.3281672969460487e-02 1.5436285734176636e+00 -9.9949389696121216e-01 -3.0624644830822945e-02 8.6100948974490166e-03 1.5292731523513794e+00 1.0800000000000000e+03 2.1908703613281250e+02
9.9958997964859009e-01 -2.8561141341924667e-02 -1.9877436570823193e-03 9.0332704782485962e-01 9.9999898672103882e-01 5.6734320423856843e-06 -1.3758298009634018e-03 9.1155081987380981e-01 4.1630000000000000e+03 8.6112174987792969e+01
-9.9966597557067871e-01 4.4833035208284855e-03 2.5451350957155228e-02 1.5330158472061157e+00 -9.9907618761062622e-01 -4.1632644832134247e-02 1.0656571947038174e-02 1.5229663848876953e+00 1.3760000000000000e+03 2.1046801757812500e+02
9.9959123134613037e-01 -2.8522586449980736e-02 -1.9623350817710161e-03 9.0392529964447021e-01 9.9999225139617920e-01 5.8409833582118154e-04 -3.8946873974055052e-03 9.1277003288269043e-01 3.4100000000000000e+03 8.2338172912597656e+01
-9.9988132715225220e-01 9.7433952614665031e-03 1.1927126906812191e-02 1.5618352890014648e+00 -9.9940747022628784e-01 -3.3534023910760880e-02 7.7531118877232075e-03 1.5429294109344482e+00 2.0340000000000000e+03 2.0114012145996094e+02
9.9968719482421875e-01 -2.5005457922816277e-02 4.0448299841955304e-04 8.9506077766418457e-01 9.9999982118606567e-01 -5.7060777908191085e-04 1.0695306264096871e-04 9.1061490774154663e-01 1.3640000000000000e+03 9.0254035949707031e+01
-9.9969172477722168e-01 1.0383645072579384e-02 2.2552259266376495e-02 1.5263952016830444e+00 -9.9914062023162842e-01 -3.9903167635202408e-02 1.1218449100852013e-02 1.5191153287887573e+00 1.4990000000000000e+03 1.9638609313964844e+02
9.9951815605163574e-01 -3.0305383726954460e-02 6.7221317440271378e-03 8.9980334043502808e-01 9.9998617172241211e-01 -4.6648001298308372e-03 -2.4165695067495108e-03 9.2104905843734741e-01 1.4100000000000000e+03 1.1627515411376953e+02
9.9965375661849976e-01 -2.5873705744743347e-02 4.7779045999050140e-03 8.9350342750549316e-01 9.9996554851531982e-01 -6.8187615834176540e-03 -4.7265044413506985e-03 9.1648143529891968e-01 2.4050000000000000e+03 1.0530561065673828e+02
9.9950146675109863e-01 -3.0741987749934196e-02 7.1927020326256752e-03 8.8160860538482666e-01 9.9996161460876465e-01 6.6313571296632290e-03 5.7309195399284363e-03 9.0767294168472290e-01 2.4780000000000000e+03 9.9165863037109375e+01
-9.9989891052246094e-01 -2.8365794569253922e-03 1.3932640664279461e-02 1.4545683860778809e+00 -9.9984914064407349e-01 -1.6947489231824875e-02 3.8095393683761358e-03 1.4424078464508057e+00 1.0070000000000000e+03 2.0545085144042969e+02
9.9947565793991089e-01 -3.1009649857878685e-02 9.3171596527099609e-03 8.8476043939590454e-01 9.9979048967361450e-01 2.0124984905123711e-02 -3.7396042607724667e-03 9.0769129991531372e-01 1.1850000000000000e+03 1.1451055145263672e+02
9.9961388111114502e-01 -2.6941858232021332e-02 6.8067214451730251e-03 8.9212971925735474e-01 9.9997973442077637e-01 5.7439394295215607e-03 -2.7633085846900940e-03 9.1237008571624756e-01 1.9890000000000000e+03 8.3852294921875000e+01
-9.9998283386230469e-01 -4.2638534796424210e-04 -5.8425674214959145e-03 1.5934218168258667e+00 -9.9927186965942383e-01 -3.4727770835161209e-02 1.5806516632437706e-02 1.4976030588150024e+00 1.2930000000000000e+03 2.0222474670410156e+02
9.9955505132675171e-01 -2.8830360621213913e-02 7.6605929061770439e-03 8.8434386253356934e-01 9.9997520446777344e-01 2.4211576674133539e-03 -6.6139828413724899e-03 9.2185294628143311e-01 3.2060000000000000e+03 8.5959861755371094e+01
-9.9977123737335205e-01 1.3208238407969475e-02 -1.6826923936605453e-02 1.6556450128555298e+00 -9.9874436855316162e-01 -4.8490460962057114e-02 1.2586821801960468e-02 1.5268507003784180e+00 1.3840000000000000e+03 2.0784176635742188e+02
