9.9970942735671997e-01 -1.1349292472004890e-02 -2.1264521405100822e-02 9.3108034133911133e-01 9.9979031085968018e-01 2.0150542259216309e-02 3.6475688684731722e-03 9.0912145376205444e-01 1.8850000000000000e+03 8.8746009826660156e+01
9.9969220161437988e-01 -1.3251600787043571e-02 -2.0975485444068909e-02 9.0771138668060303e-01 9.9985039234161377e-01 1.6932174563407898e-02 3.5321533214300871e-03 9.1694778203964233e-01 2.2560000000000000e+03 1.2144193267822266e+02
9.9967336654663086e-01 4.6565420925617218e-03 -2.5132536888122559e-02 9.2769354581832886e-01 9.9983620643615723e-01 1.4179561287164688e-02 -1.1253201402723789e-02 9.3738746643066406e-01 2.2940000000000000e+03 9.0864868164062500e+01
9.9947452545166016e-01 -1.6950368881225586e-02 -2.7629792690277100e-02 9.3781310319900513e-01 9.9985551834106445e-01 1.2692278251051903e-02 -1.1305226944386959e-02 9.1943907737731934e-01 1.2830000000000000e+03 8.4909317016601562e+01
9.9995476007461548e-01 -6.9003077223896980e-03 -6.5545244142413139e-03 9.0745133161544800e-01 9.9979394674301147e-01 1.9966263324022293e-02 3.6772883031517267e-03 8.8430410623550415e-01 1.3710000000000000e+03 8.5840110778808594e+01
9.9996340274810791e-01 -5.3817839361727238e-03 -6.6473111510276794e-03 9.1297340393066406e-01 9.9984180927276611e-01 1.6761621460318565e-02 -5.9501989744603634e-03 9.0181964635848999e-01 1.4800000000000000e+03 9.4375000000000000e+01
9.9963057041168213e-01 -4.7271656803786755e-03 -2.6764221489429474e-02 9.2845022678375244e-01 9.9985677003860474e-01 1.6315700486302376e-02 -4.4901361688971519e-03 9.1538584232330322e-01 1.5840000000000000e+03 6.9268753051757812e+01
9.9960005283355713e-01 -5.4399240761995316e-03 -2.7749052271246910e-02 9.3330729007720947e-01 9.9976688623428345e-01 1.2380546890199184e-02 -1.7688190564513206e-02 9.3552500009536743e-01 1.4570000000000000e+03 9.9679481506347656e+01
9.9991369247436523e-01 -9.5452778041362762e-03 -9.0257050469517708e-03 9.1507506370544434e-01 9.9974089860916138e-01 2.0565621554851532e-02 -9.7475163638591766e-03 9.1019451618194580e-01 2.9240000000000000e+03 9.9506843566894531e+01
9.9989491701126099e-01 -7.2567728348076344e-03 -1.2545634992420673e-02 9.1717737913131714e-01 9.9983298778533936e-01 1.5666646882891655e-02 -9.4087421894073486e-03 9.0607941150665283e-01 3.0310000000000000e+03 1.0069976806640625e+02
9.9972271919250488e-01 -8.6091281846165657e-03 -2.1918963640928268e-02 9.2643296718597412e-01 9.9987846612930298e-01 1.3499074615538120e-02 -7.8118317760527134e-03 9.1066080331802368e-01 2.1290000000000000e+03 1.1655471801757812e+02
9.9980914592742920e-01 -7.7716079540550709e-03 -1.7922112718224525e-02 9.2670953273773193e-01 9.9968105554580688e-01 1.9753908738493919e-02 -1.5729734674096107e-02 9.1582876443862915e-01 1.7280000000000000e+03 1.1997164154052734e+02
9.9982535839080811e-01 -1.4369553886353970e-02 -1.1946443468332291e-02 9.0832775831222534e-01 9.9963814020156860e-01 2.6876607909798622e-02 1.0610672179609537e-03 8.8344925642013550e-01 2.6130000000000000e+03 7.7228591918945312e+01
9.9975901842117310e-01 -1.1465294286608696e-02 -1.8721984699368477e-02 9.1809940338134766e-01 9.9965035915374756e-01 2.3718830198049545e-02 -1.1688850820064545e-02 9.1826146841049194e-01 2.4900000000000000e+03 9.4100990295410156e+01
9.9996227025985718e-01 -6.9531924091279507e-03 -5.2008093334734440e-03 8.9592289924621582e-01 9.9983251094818115e-01 1.6456710174679756e-02 -8.0108921974897385e-03 9.0627342462539673e-01 1.9550000000000000e+03 7.9818412780761719e+01
9.9980473518371582e-01 -7.8463777899742126e-03 -1.8138408660888672e-02 9.1461366415023804e-01 9.9987125396728516e-01 1.0133014060556889e-02 -1.2435548007488251e-02 9.1508644819259644e-01 2.7380000000000000e+03 9.6731193542480469e+01
9.9969917535781860e-01 -1.0196783579885960e-02 -2.2308811545372009e-02 9.2057007551193237e-01 9.9970513582229614e-01 2.3927303031086922e-02 4.1185235604643822e-03 8.9076411724090576e-01 1.2500000000000000e+03 8.8933685302734375e+01
9.9973052740097046e-01 -7.2522615082561970e-03 -2.2052541375160217e-02 9.2239189147949219e-01 9.9982088804244995e-01 1.6651459038257599e-02 -8.9893369004130363e-03 9.0809774398803711e-01 2.6770000000000000e+03 8.8089218139648438e+01
9.9975186586380005e-01 -3.7009622901678085e-03 -2.1968822926282883e-02 9.2747503519058228e-01 9.9988818168640137e-01 1.4018714427947998e-02 -5.2075874991714954e-03 8.8866496086120605e-01 2.2250000000000000e+03 8.6635482788085938e+01
9.9979388713836670e-01 -7.0650894194841385e-03 -1.9035851582884789e-02 9.1793566942214966e-01 9.9980920553207397e-01 1.6486059874296188e-02 -1.0467658750712872e-02 9.1053074598312378e-01 2.8960000000000000e+03 9.3128799438476562e+01
9.9977177381515503e-01 -3.0018573161214590e-03 -2.1150067448616028e-02 9.2274987697601318e-01 9.9978506565093994e-01 1.6364589333534241e-02 -1.2731553986668587e-02 9.0922015905380249e-01 1.7060000000000000e+03 9.5500587463378906e+01
9.9977880716323853e-01 -3.2133962959051132e-03 -2.0784603431820869e-02 9.2568433284759521e-01 9.9984091520309448e-01 1.7574947327375412e-02 -3.0368808656930923e-03 8.9187860488891602e-01 1.4820000000000000e+03 7.1140678405761719e+01
9.9973040819168091e-01 9.5461827004328370e-04 -2.3199079558253288e-02 9.2284965515136719e-01 9.9977385997772217e-01 2.0874515175819397e-02 -4.0661301463842392e-03 9.0516024827957153e-01 1.3330000000000000e+03 8.7964294433593750e+01
9.9988025426864624e-01 -1.9516303436830640e-03 -1.5346623957157135e-02 9.2263352870941162e-01 9.9973905086517334e-01 1.8762324005365372e-02 -1.3028115034103394e-02 9.1012626886367798e-01 5.2110000000000000e+03 8.9055747985839844e+01
9.9970769882202148e-01 -2.2685948759317398e-02 -8.3709191530942917e-03 9.2513322830200195e-01 9.9911856651306152e-01 4.1926074773073196e-02 2.0986576564610004e-03 9.0792405605316162e-01 2.7520000000000000e+03 7.1046211242675781e+01
-9.9960911273956299e-01 -1.2773755937814713e-02 -2.4870444089174271e-02 1.4981421232223511e+00 -9.9725782871246338e-01 -6.7238010466098785e-02 -3.0915636569261551e-02 1.6462504863739014e+00 1.0180000000000000e+03 1.8505599975585938e+02
9.9978095293045044e-01 -1.1943070217967033e-02 -1.7188968136906624e-02 9.0996807813644409e-01 9.9978893995285034e-01 2.0533103495836258e-02 -7.2199414717033505e-04 9.0897518396377563e-01 3.4380000000000000e+03 1.0088682556152344e+02
9.9965089559555054e-01 -5.2403425797820091e-03 -2.5896957144141197e-02 9.2755693197250366e-01 9.9974340200424194e-01 2.1781178191304207e-02 -6.2154955230653286e-03 9.0936279296875000e-01 1.6650000000000000e+03 9.6941856384277344e+01
9.9975019693374634e-01 -9.2291319742798805e-03 -2.0357254892587662e-02 9.3051505088806152e-01 9.9979007244110107e-01 1.5666002407670021e-02 -1.3208059594035149e-02 9.1820096969604492e-01 2.4230000000000000e+03 1.1619644927978516e+02
-2.0299172028899193e-03 9.9952203035354614e-01 3.0847890302538872e-02 5.7443380355834961e-01 2.1553354337811470e-02 -6.6581469774246216e-01 -7.4580579996109009e-01 6.1389756202697754e-01 1.9100000000000000e+03 1.4089579772949219e+02
9.9948990345001221e-01 -1.9146835431456566e-02 -2.5559868663549423e-02 9.1770666837692261e-01 9.9962794780731201e-01 2.2457737475633621e-02 1.5479685738682747e-02 8.7850916385650635e-01 1.9260000000000000e+03 6.7508514404296875e+01
9.9969911575317383e-01 -1.5365135855972767e-02 -1.9121805205941200e-02 9.1468596458435059e-01 9.9977946281433105e-01 2.0786831155419350e-02 2.9899757355451584e-03 8.9133000373840332e-01 2.2500000000000000e+03 6.8086090087890625e+01
9.9965757131576538e-01 -8.6038755252957344e-03 -2.4710936471819878e-02 9.2325532436370850e-01 9.9986684322357178e-01 1.6289247199892998e-02 -9.8220817744731903e-04 8.9706367254257202e-01 3.6090000000000000e+03 7.8059692382812500e+01
9.9964874982833862e-01 -8.3015020936727524e-03 -2.5171251967549324e-02 9.2514985799789429e-01 9.9987560510635376e-01 1.5722315758466721e-02 -1.2918160064145923e-03 8.9935916662216187e-01 3.6260000000000000e+03 8.5758407592773438e+01
9.9979752302169800e-01 -7.9965740442276001e-03 -1.8467366695404053e-02 9.1588151454925537e-01 9.9986565113067627e-01 1.6255181282758713e-02 -2.1083573810756207e-03 8.9515417814254761e-01 3.6490000000000000e+03 7.9036994934082031e+01
9.9971359968185425e-01 -1.0032336227595806e-02 -2.1727871149778366e-02 9.1771668195724487e-01 9.9986487627029419e-01 1.6415812075138092e-02 -8.7760755559429526e-04 8.9864420890808105e-01 3.9410000000000000e+03 7.9952880859375000e+01
9.9971514940261841e-01 -8.1332102417945862e-03 -2.2439727559685707e-02 9.1696566343307495e-01 9.9989855289459229e-01 1.4146924950182438e-02 1.6403715126216412e-03 8.9637488126754761e-01 4.1720000000000000e+03 8.6409484863281250e+01
9.9973499774932861e-01 -9.6358060836791992e-03 -2.0905777812004089e-02 9.1718626022338867e-01 9.9992215633392334e-01 1.2479192577302456e-02 -1.1986831668764353e-04 8.9964014291763306e-01 3.3230000000000000e+03 9.3239242553710938e+01
9.9974513053894043e-01 -9.6204224973917007e-03 -2.0423566922545433e-02 9.1654652357101440e-01 9.9993342161178589e-01 1.1206772178411484e-02 -2.7463133446872234e-03 9.0244823694229126e-01 2.1170000000000000e+03 1.1260746002197266e+02
9.9978768825531006e-01 -5.0132940523326397e-03 -1.9984982907772064e-02 9.1448169946670532e-01 9.9994212388992310e-01 1.0743692517280579e-02 -5.2939954912289977e-04 8.8921689987182617e-01 2.7210000000000000e+03 7.7531791687011719e+01
9.9970889091491699e-01 -7.2452202439308167e-03 -2.3012425750494003e-02 9.1829591989517212e-01 9.9994540214538574e-01 1.0345920920372009e-02 1.4367147814482450e-03 8.9565819501876831e-01 2.7910000000000000e+03 8.8628051757812500e+01
9.9973213672637939e-01 -5.8077611029148102e-03 -2.2401439025998116e-02 9.1915881633758545e-01 9.9970531463623047e-01 2.4272302165627480e-02 2.9273238033056259e-04 9.0521836280822754e-01 1.3350000000000000e+03 7.1110717773437500e+01
9.9965697526931763e-01 -9.5722014084458351e-03 -2.4377053603529930e-02 9.2773532867431641e-01 9.9979192018508911e-01 1.4750201255083084e-02 -1.4085909351706505e-02 9.2506349086761475e-01 1.7430000000000000e+03 7.7567413330078125e+01
9.9974888563156128e-01 -7.9820547252893448e-03 -2.0936863496899605e-02 9.2043405771255493e-01 9.9987876415252686e-01 1.5488737262785435e-02 1.5873112715780735e-03 8.8939839601516724e-01 3.1870000000000000e+03 8.7254501342773438e+01
9.9968016147613525e-01 -1.3174458406865597e-02 -2.1587111055850983e-02 9.2120230197906494e-01 9.9958467483520508e-01 2.8535125777125359e-02 -4.0329573675990105e-03 9.0837621688842773e-01 1.3550000000000000e+03 8.0190376281738281e+01
