9.9998337030410767e-01 1.3701730640605092e-03 -5.5974111892282963e-03 9.4187170267105103e-01 9.9932026863098145e-01 1.4740043319761753e-02 -3.3792033791542053e-02 9.6715211868286133e-01 2.7680000000000000e+03 8.3962265014648438e+01
9.9997991323471069e-01 -1.2696046615019441e-03 -6.2097199261188507e-03 9.4457668066024780e-01 9.9894642829895020e-01 2.4174269288778305e-02 -3.9008129388093948e-02 9.8123490810394287e-01 3.1740000000000000e+03 8.7736923217773438e+01
9.9999856948852539e-01 6.5440300386399031e-04 -1.5929352957755327e-03 9.2774581909179688e-01 9.9916821718215942e-01 1.8530435860157013e-02 -3.6323949694633484e-02 9.6677595376968384e-01 4.6050000000000000e+03 9.5287078857421875e+01
-9.9893003702163696e-01 -4.0071949362754822e-02 2.3085735738277435e-02 1.4509438276290894e+00 -9.9954181909561157e-01 -2.1378103643655777e-02 -2.1428059786558151e-02 1.2558754682540894e+00 1.3240000000000000e+03 2.1326330566406250e+02
-9.9890547990798950e-01 -4.3111726641654968e-02 1.8142540007829666e-02 1.4678210020065308e+00 -9.9966359138488770e-01 -1.5930593013763428e-02 -2.0470367744565010e-02 1.2712635993957520e+00 1.7170000000000000e+03 1.9898013305664062e+02
9.9999934434890747e-01 -9.7897672094404697e-04 -4.7266681212931871e-04 9.2680925130844116e-01 9.9907672405242920e-01 1.7132721841335297e-02 -3.9398454129695892e-02 9.6335220336914062e-01 3.9750000000000000e+03 9.8909431457519531e+01
9.9981153011322021e-01 -1.2341628316789865e-03 -1.9376764073967934e-02 9.4341522455215454e-01 9.9927830696105957e-01 8.9852102100849152e-03 -3.6909058690071106e-02 9.6758580207824707e-01 1.3640000000000000e+03 7.4538978576660156e+01
9.9998658895492554e-01 -4.4088191352784634e-03 -2.7099754661321640e-03 9.3071448802947998e-01 9.9907112121582031e-01 2.5756392627954483e-02 -3.4548591822385788e-02 9.5788967609405518e-01 2.5550000000000000e+03 1.1215538024902344e+02
-9.9952924251556396e-01 -3.0544552952051163e-02 2.8947815299034119e-03 1.5302532911300659e+00 -9.9943733215332031e-01 -7.5669721700251102e-03 -3.2677214592695236e-02 1.5414224863052368e+00 1.3020000000000000e+03 2.2086175537109375e+02
9.9996435642242432e-01 -2.7859325055032969e-03 -7.9718958586454391e-03 9.2813360691070557e-01 9.9942106008529663e-01 1.7457874491810799e-02 -2.9201814904808998e-02 9.5681154727935791e-01 3.6240000000000000e+03 8.3955627441406250e+01
-9.9943304061889648e-01 -2.6560336351394653e-02 2.0694291219115257e-02 1.4912577867507935e+00 -9.9915337562561035e-01 -1.7030935734510422e-02 -3.7450470030307770e-02 1.5498228073120117e+00 2.2890000000000000e+03 1.9861206054687500e+02
9.9997431039810181e-01 -1.5557145234197378e-03 -6.9876378402113914e-03 9.2667835950851440e-01 9.9923270940780640e-01 1.4628387056291103e-02 -3.6331623792648315e-02 9.6529650688171387e-01 3.6460000000000000e+03 1.0146736145019531e+02
-9.9894380569458008e-01 -3.8452655076980591e-02 2.5151707231998444e-02 1.4782351255416870e+00 -9.9935179948806763e-01 -1.3636685907840729e-02 -3.3314336091279984e-02 1.5468604564666748e+00 1.7230000000000000e+03 2.0914277648925781e+02
9.9998664855957031e-01 -4.7745564952492714e-03 2.0041933748871088e-03 9.1316092014312744e-01 9.9875789880752563e-01 1.7248792573809624e-02 -4.6745415776968002e-02 9.6734875440597534e-01 2.7720000000000000e+03 8.8114440917968750e+01
9.9980610609054565e-01 1.9569037482142448e-02 -2.1901826839894056e-03 9.2105406522750854e-01 9.9911212921142578e-01 1.0420888662338257e-02 -4.0821615606546402e-02 9.5763367414474487e-01 1.2710000000000000e+03 9.1951164245605469e+01
9.9998033046722412e-01 5.8071799576282501e-03 -2.3787205573171377e-03 9.1613471508026123e-01 9.9936044216156006e-01 1.7849219962954521e-02 -3.0985807999968529e-02 9.5015549659729004e-01 2.4380000000000000e+03 9.1344863891601562e+01
9.9999314546585083e-01 -2.4806731380522251e-03 2.7320724911987782e-03 9.1832208633422852e-01 9.9923926591873169e-01 1.9014906138181686e-02 -3.4047655761241913e-02 9.4738608598709106e-01 2.8690000000000000e+03 1.0336151885986328e+02
9.9992871284484863e-01 -2.6489449664950371e-03 -1.1641020886600018e-02 9.2125225067138672e-01 9.9944883584976196e-01 2.9085422866046429e-03 -3.3067382872104645e-02 9.5734608173370361e-01 1.0930000000000000e+03 1.1883622741699219e+02
9.9998718500137329e-01 -4.9132243730127811e-03 -1.2554270215332508e-03 9.1243475675582886e-01 9.9931240081787109e-01 1.2670161202549934e-02 -3.4843940287828445e-02 9.4803804159164429e-01 2.5130000000000000e+03 9.7309188842773438e+01
9.9967497587203979e-01 -2.1941939368844032e-02 -1.2981134466826916e-02 9.1743576526641846e-01 9.9970448017120361e-01 1.1040996760129929e-02 -2.1658483892679214e-02 9.6339941024780273e-01 2.6080000000000000e+03 1.0416372680664062e+02
9.9997937679290771e-01 -3.6991117522120476e-03 -5.2413986995816231e-03 9.3473988771438599e-01 9.9881339073181152e-01 1.6755159944295883e-02 -4.5729145407676697e-02 9.7022181749343872e-01 2.7610000000000000e+03 1.0330858612060547e+02
9.9994832277297974e-01 -5.7739098556339741e-03 -8.3585716784000397e-03 9.3637776374816895e-01 9.9912863969802856e-01 1.4900690875947475e-02 -3.8985282182693481e-02 9.5528262853622437e-01 1.3090000000000000e+03 1.2480977630615234e+02
9.9992948770523071e-01 -1.1615815572440624e-02 2.4598115123808384e-03 9.0498900413513184e-01 9.9925386905670166e-01 1.0654347017407417e-02 -3.7124618887901306e-02 9.5049881935119629e-01 2.0450000000000000e+03 1.1843227386474609e+02
9.9994933605194092e-01 -2.8988155536353588e-03 -9.6444869413971901e-03 9.2155718803405762e-01 9.9889570474624634e-01 2.5110097602009773e-02 -3.9711169898509979e-02 9.6312922239303589e-01 2.2880000000000000e+03 9.1598228454589844e+01
9.9939924478530884e-01 -1.1315260082483292e-02 -3.2759752124547958e-02 9.7502839565277100e-01 9.9945467710494995e-01 1.2250933796167374e-02 -3.0662935227155685e-02 9.4468039274215698e-01 1.1870000000000000e+03 7.8050498962402344e+01
9.9983090162277222e-01 1.3044984079897404e-02 -1.2961175292730331e-02 9.3121951818466187e-01 9.9941617250442505e-01 1.7474127933382988e-02 -2.9357736930251122e-02 9.5201039314270020e-01 1.6380000000000000e+03 9.9647132873535156e+01
9.9992305040359497e-01 -6.0196775011718273e-03 -1.0843960568308830e-02 9.3322402238845825e-01 9.9939978122711182e-01 1.5942985191941261e-02 -3.0754324048757553e-02 9.5799028873443604e-01 1.6760000000000000e+03 1.0555728149414062e+02
9.9991023540496826e-01 -1.3391969725489616e-02 -2.6475123013369739e-04 9.0944159030914307e-01 9.9943727254867554e-01 2.3496234789490700e-02 -2.3939952254295349e-02 9.4333779811859131e-01 2.3590000000000000e+03 1.1326705932617188e+02
9.9993258714675903e-01 8.1030428409576416e-03 -8.3188218995928764e-03 9.3157637119293213e-01 9.9908632040023804e-01 1.4521554112434387e-02 -4.0197368711233139e-02 9.5154219865798950e-01 3.0480000000000000e+03 6.6505332946777344e+01
9.9993413686752319e-01 7.7770575881004333e-03 -8.4402468055486679e-03 9.2559343576431274e-01 9.9921852350234985e-01 1.5082496218383312e-02 -3.6535948514938354e-02 9.5181107521057129e-01 3.2120000000000000e+03 6.6616439819335938e+01
-9.9963152408599854e-01 -2.5988509878516197e-02 7.8393239527940750e-03 1.5391609668731689e+00 -9.9973100423812866e-01 1.2969666160643101e-02 -1.9225085154175758e-02 1.5450993776321411e+00 1.0360000000000000e+03 1.7042695617675781e+02
9.9998182058334351e-01 4.7700414434075356e-03 -3.6888148169964552e-03 9.1689527034759521e-01 9.9925148487091064e-01 1.7300534993410110e-02 -3.4598287194967270e-02 9.5238393545150757e-01 3.6990000000000000e+03 7.5093818664550781e+01
-9.9957120418548584e-01 -2.2131279110908508e-02 1.9172133877873421e-02 1.5002572536468506e+00 -9.9941182136535645e-01 -1.2234452180564404e-02 -3.2037146389484406e-02 1.5659197568893433e+00 1.8360000000000000e+03 1.9288829040527344e+02
9.9994850158691406e-01 7.9861609265208244e-03 -6.2742792069911957e-03 9.1874688863754272e-01 9.9922585487365723e-01 1.4497871510684490e-02 -3.6571234464645386e-02 9.5067363977432251e-01 3.5350000000000000e+03 7.6686904907226562e+01
-9.9949628114700317e-01 -2.6582924649119377e-02 1.7331471666693687e-02 1.5137549638748169e+00 -9.9967002868652344e-01 -2.4932473897933960e-03 -2.5564581155776978e-02 1.5556815862655640e+00 1.6240000000000000e+03 1.8492300415039062e+02
9.9997246265411377e-01 7.0969904772937298e-03 -2.1724728867411613e-03 9.1569495201110840e-01 9.9907535314559937e-01 1.6246311366558075e-02 -3.9806552231311798e-02 9.5429575443267822e-01 4.3050000000000000e+03 8.7421600341796875e+01
-9.9944734573364258e-01 -3.0999686568975449e-02 1.2005678378045559e-02 1.5205630064010620e+00 -9.9960428476333618e-01 -2.0382028073072433e-02 -1.9383307546377182e-02 1.5379937887191772e+00 1.9990000000000000e+03 2.0878189086914062e+02
-9.9994236230850220e-01 -5.5746487341821194e-03 9.1778710484504700e-03 1.5268580913543701e+00 -9.9805080890655518e-01 -4.5246295630931854e-02 -4.2979862540960312e-02 1.5673406124114990e+00 1.1460000000000000e+03 2.3080802917480469e+02
9.9978923797607422e-01 -2.0381404086947441e-02 -2.4657722096890211e-03 9.1750991344451904e-01 9.9925792217254639e-01 2.7771810069680214e-02 -2.6693612337112427e-02 9.6366471052169800e-01 2.3480000000000000e+03 1.1240464782714844e+02
9.9999028444290161e-01 4.1529168374836445e-03 1.5291624004021287e-03 9.2291390895843506e-01 9.9902081489562988e-01 2.3535933345556259e-02 -3.7463940680027008e-02 9.5462560653686523e-01 2.1570000000000000e+03 9.8969398498535156e+01
-9.9959039688110352e-01 -2.8544468805193901e-02 2.0692783873528242e-03 1.5351442098617554e+00 -9.9969047307968140e-01 -1.8702505156397820e-02 -1.6406053677201271e-02 1.5245379209518433e+00 1.3730000000000000e+03 1.9797596740722656e+02
9.9999737739562988e-01 1.4627711789216846e-04 2.2621108219027519e-03 9.1766172647476196e-01 9.9869102239608765e-01 2.3004898801445961e-02 -4.5684210956096649e-02 9.6126216650009155e-01 1.4030000000000000e+03 1.0456420898437500e+02
9.9990415573120117e-01 1.4803486410528421e-03 -1.3762577436864376e-02 9.2584699392318726e-01 9.9957609176635742e-01 1.0447585023939610e-02 -2.7173392474651337e-02 9.5068454742431641e-01 2.5940000000000000e+03 7.1413650512695312e+01
9.9991530179977417e-01 -5.1496704109013081e-03 -1.1950672604143620e-02 9.2461031675338745e-01 9.9956464767456055e-01 1.1506804265081882e-02 -2.7166191488504410e-02 9.5115602016448975e-01 2.4890000000000000e+03 1.0019204711914062e+02
9.9992287158966064e-01 -2.1861973218619823e-03 -1.2223836034536362e-02 9.2468595504760742e-01 9.9950802326202393e-01 9.0896617621183395e-03 -3.0018819496035576e-02 9.5146125555038452e-01 2.4960000000000000e+03 9.9912261962890625e+01
9.9982130527496338e-01 -9.6322866156697273e-03 -1.6269315034151077e-02 9.3125635385513306e-01 9.9956333637237549e-01 1.1393344961106777e-02 -2.7261570096015930e-02 9.5965099334716797e-01 1.4730000000000000e+03 1.1505770874023438e+02
9.9999397993087769e-01 1.9421428442001343e-03 2.8611109592020512e-03 9.1256505250930786e-01 9.9921423196792603e-01 1.7518037930130959e-02 -3.5553339868783951e-02 9.4702231884002686e-01 3.1880000000000000e+03 8.2291641235351562e+01
9.9997240304946899e-01 5.5889447685331106e-04 -7.4136201292276382e-03 9.2037749290466309e-01 9.9947988986968994e-01 1.5697056427598000e-02 -2.8173625469207764e-02 9.4848060607910156e-01 4.1390000000000000e+03 8.6009056091308594e+01
9.9999654293060303e-01 1.1404186952859163e-03 2.3650729563087225e-03 9.0499120950698853e-01 9.9931758642196655e-01 1.3974530622363091e-02 -3.4189164638519287e-02 9.5046198368072510e-01 2.7930000000000000e+03 1.0357715606689453e+02
9.9995517730712891e-01 9.4111142680048943e-03 1.0362577158957720e-03 9.0559923648834229e-01 9.9925148487091064e-01 1.5066047199070454e-02 -3.5630274564027786e-02 9.5309787988662720e-01 1.6290000000000000e+03 8.6454696655273438e+01
-9.9850398302078247e-01 -4.2852122336626053e-02 -3.3963695168495178e-02 1.6667793989181519e+00 -9.9984520673751831e-01 -5.6427596136927605e-03 -1.6664912924170494e-02 1.6068258285522461e+00 1.3510000000000000e+03 1.9720614624023438e+02
9.9994546175003052e-01 3.6907964386045933e-03 -9.7742052748799324e-03 9.2116558551788330e-01 9.9926567077636719e-01 1.5418413095176220e-02 -3.5077072679996490e-02 9.5266193151473999e-01 3.4770000000000000e+03 8.5743118286132812e+01
-9.9953997135162354e-01 -2.3747596889734268e-02 1.8864057958126068e-02 1.5060719251632690e+00 -9.9996560811996460e-01 -1.5646325191482902e-03 -8.1363273784518242e-03 1.5773115158081055e+00 1.3900000000000000e+03 2.0038201904296875e+02
9.9997788667678833e-01 9.9481258075684309e-04 -6.5796938724815845e-03 9.1915953159332275e-01 9.9921125173568726e-01 1.8062496557831764e-02 -3.5366766154766083e-02 9.5223373174667358e-01 4.3520000000000000e+03 8.5670600891113281e+01
-9.9960434436798096e-01 -2.7894418686628342e-02 3.6177297588437796e-03 1.5664820671081543e+00 -9.9970334768295288e-01 1.7041038721799850e-02 1.7403248697519302e-02 1.4973938465118408e+00 1.6270000000000000e+03 1.9600736999511719e+02
-9.9922871589660645e-01 -3.8126461207866669e-02 9.4059528782963753e-03 1.5484553575515747e+00 -9.9948674440383911e-01 -2.8345990926027298e-02 -1.4923013746738434e-02 1.6698821783065796e+00 1.0010000000000000e+03 2.2613386535644531e+02
9.9997401237487793e-01 -1.4560318086296320e-03 -7.0611895062029362e-03 9.1937208175659180e-01 9.9928319454193115e-01 1.4001317322254181e-02 -3.5171184688806534e-02 9.5086264610290527e-01 3.6190000000000000e+03 9.5792762756347656e+01
9.9990683794021606e-01 3.3265242818742990e-03 -1.3243954628705978e-02 9.2138189077377319e-01 9.9951958656311035e-01 8.6894119158387184e-03 -2.9746824875473976e-02 9.4465148448944092e-01 4.3820000000000000e+03 8.6365844726562500e+01
9.9998021125793457e-01 4.3636909686028957e-03 -4.5329681597650051e-03 9.1538113355636597e-01 9.9938261508941650e-01 1.1351015418767929e-02 -3.3248707652091980e-02 9.4415235519409180e-01 5.1220000000000000e+03 8.7225692749023438e+01
9.9992740154266357e-01 3.6649799440056086e-03 -1.1476478539407253e-02 9.2123514413833618e-01 9.9948954582214355e-01 9.7861224785447121e-03 -3.0410097911953926e-02 9.4878441095352173e-01 5.1320000000000000e+03 8.7061965942382812e+01
-9.9913060665130615e-01 -3.3289242535829544e-02 2.5094330310821533e-02 1.5037519931793213e+00 -9.9965089559555054e-01 -1.5229083597660065e-02 -2.1588820964097977e-02 1.6835986375808716e+00 1.5110000000000000e+03 2.1028656005859375e+02
9.9992972612380981e-01 4.8746224492788315e-03 -1.0807146318256855e-02 9.1926401853561401e-01 9.9941802024841309e-01 8.1017483025789261e-03 -3.3135287463665009e-02 9.5819073915481567e-01 4.4880000000000000e+03 8.9287597656250000e+01
-9.9880093336105347e-01 -4.2861796915531158e-02 2.3650275543332100e-02 1.5219624042510986e+00 -9.9968338012695312e-01 -1.6700685024261475e-02 -1.8816949799656868e-02 1.6708368062973022e+00 1.2420000000000000e+03 2.2610467529296875e+02
9.9999523162841797e-01 -1.1670648818835616e-03 -2.8687193989753723e-03 9.1517871618270874e-01 9.9914836883544922e-01 1.5575923956930637e-02 -3.8209259510040283e-02 9.5773148536682129e-01 3.9250000000000000e+03 9.9561531066894531e+01
-9.9893140792846680e-01 -4.5125525444746017e-02 9.9842827767133713e-03 1.5558233261108398e+00 -9.9928963184356689e-01 -3.3860873430967331e-02 -1.6542794182896614e-02 1.6886773109436035e+00 1.0580000000000000e+03 2.2957467651367188e+02
9.9999123811721802e-01 -1.9087670370936394e-03 -3.7334735970944166e-03 9.1265773773193359e-01 9.9937516450881958e-01 1.8334578722715378e-02 -3.0217189341783524e-02 9.4733458757400513e-01 4.9290000000000000e+03 8.8378471374511719e+01
-9.9950349330902100e-01 -3.1063295900821686e-02 5.2725705318152905e-03 1.5660784244537354e+00 -9.9975568056106567e-01 -7.4788564816117287e-03 -2.0803472027182579e-02 1.6843665838241577e+00 1.0290000000000000e+03 1.8833126831054688e+02
-9.9829584360122681e-01 -5.4945055395364761e-02 1.9658301025629044e-02 1.5324496030807495e+00 -9.9959921836853027e-01 -1.1375497095286846e-02 -2.5922758504748344e-02 1.7006940841674805e+00 1.2830000000000000e+03 2.0465196228027344e+02
9.9997973442077637e-01 -4.9663577228784561e-03 -3.9854515343904495e-03 9.0967351198196411e-01 9.9950510263442993e-01 1.4173855073750019e-02 -2.8084715828299522e-02 9.4355905055999756e-01 2.8940000000000000e+03 1.1408673095703125e+02
9.9987810850143433e-01 1.5255081467330456e-02 -3.3242569770663977e-03 9.0656149387359619e-01 9.9939352273941040e-01 1.4093451201915741e-02 -3.1841710209846497e-02 9.5511955022811890e-01 1.6140000000000000e+03 9.0058280944824219e+01
9.9971359968185425e-01 2.3814933374524117e-02 2.3896771017462015e-03 9.0785217285156250e-01 9.9942868947982788e-01 8.8799158111214638e-03 -3.2609675079584122e-02 9.4307869672775269e-01 1.3560000000000000e+03 8.3551696777343750e+01
9.9993264675140381e-01 -2.8304746956564486e-04 -1.1603095568716526e-02 9.3364745378494263e-01 9.9936693906784058e-01 1.4027173630893230e-02 -3.2695304602384567e-02 9.5257818698883057e-01 3.1600000000000000e+03 8.8861694335937500e+01
9.9991989135742188e-01 -1.2177133932709694e-02 -3.4511778503656387e-03 9.3103969097137451e-01 9.9925911426544189e-01 2.3385811597108841e-02 -3.0567057430744171e-02 9.6122419834136963e-01 1.9600000000000000e+03 9.4505615234375000e+01
9.9998474121093750e-01 4.0152724832296371e-03 3.7962612695991993e-03 9.1672855615615845e-01 9.9890410900115967e-01 2.1954886615276337e-02 -4.1334394365549088e-02 9.6203774213790894e-01 2.5520000000000000e+03 8.1331718444824219e+01
9.9990308284759521e-01 1.2949158437550068e-02 -5.1197842694818974e-03 9.1565239429473877e-01 9.9914306402206421e-01 1.0774035006761551e-02 -3.9965324103832245e-02 9.5035707950592041e-01 3.3070000000000000e+03 1.0182401275634766e+02
9.9974489212036133e-01 1.7530236393213272e-02 -1.4245653524994850e-02 9.3982034921646118e-01 9.9915593862533569e-01 1.5629110857844353e-02 -3.7988156080245972e-02 9.5560091733932495e-01 1.3870000000000000e+03 8.9573089599609375e+01
9.9986946582794189e-01 1.7129644984379411e-03 -1.6062449663877487e-02 9.4112944602966309e-01 9.9907809495925903e-01 1.9164089113473892e-02 -3.8415294140577316e-02 9.6299135684967041e-01 1.8910000000000000e+03 1.0561502075195312e+02
3.6227854434400797e-03 9.9711149930953979e-01 -7.5865134596824646e-02 6.5450572967529297e-01 1.0222245007753372e-02 -8.0361282825469971e-01 -5.9506469964981079e-01 6.9942820072174072e-01 1.0540000000000000e+03 1.4957864379882812e+02
9.9996203184127808e-01 5.5253729224205017e-03 6.7425747402012348e-03 9.0751862525939941e-01 9.9937790632247925e-01 1.1702006682753563e-02 -3.3271506428718567e-02 9.4488990306854248e-01 1.8750000000000000e+03 1.0529906463623047e+02
9.9989169836044312e-01 1.1957859620451927e-02 8.5791246965527534e-03 9.1297471523284912e-01 9.9913668632507324e-01 2.2192951291799545e-02 -3.5115525126457214e-02 9.4704461097717285e-01 2.2460000000000000e+03 8.1576675415039062e+01
3.9078763802535832e-04 7.1311181783676147e-01 -7.0105010271072388e-01 1.0134016275405884e+00 1.8731202930212021e-02 -9.9739003181457520e-01 -6.9729752838611603e-02 1.0357192754745483e+00 2.8980000000000000e+03 1.9179502868652344e+02
-5.2214572206139565e-03 6.8276923894882202e-01 -7.3061543703079224e-01 9.7476971149444580e-01 1.2877767905592918e-02 -9.9956119060516357e-01 -2.6676885783672333e-02 1.0006523132324219e+00 2.7640000000000000e+03 1.9703509521484375e+02
9.9997210502624512e-01 7.4611851014196873e-03 -2.2990818251855671e-04 9.0748637914657593e-01 9.9944621324539185e-01 1.6011878848075867e-02 -2.9171105474233627e-02 9.4167083501815796e-01 1.4760000000000000e+03 1.0675202941894531e+02
-7.2781215421855450e-03 6.8347966670989990e-01 -7.2993320226669312e-01 9.4405674934387207e-01 1.3310667127370834e-02 -9.9954921007156372e-01 -2.6910904794931412e-02 9.9568343162536621e-01 1.8000000000000000e+03 2.1371000671386719e+02
9.9989169836044312e-01 9.1589102521538734e-03 1.1521976441144943e-02 9.0876704454421997e-01 9.9880331754684448e-01 2.8024638071656227e-02 -4.0082059800624847e-02 9.5546174049377441e-01 2.9150000000000000e+03 8.1864105224609375e+01
5.9305685572326183e-03 6.9878333806991577e-01 -7.1530878543853760e-01 9.0232348442077637e-01 1.6079487279057503e-02 -9.9897074699401855e-01 -4.2414069175720215e-02 9.8552632331848145e-01 1.1410000000000000e+03 2.0356880187988281e+02
9.9985891580581665e-01 1.6280451789498329e-02 4.1325762867927551e-03 8.9495807886123657e-01 9.9909222126007080e-01 1.9072808325290680e-02 -3.8091681897640228e-02 9.5674586296081543e-01 1.4750000000000000e+03 1.0837694549560547e+02
9.9993240833282471e-01 -1.0965307010337710e-03 -1.1578449979424477e-02 9.3784427642822266e-01 9.9927860498428345e-01 1.4737830497324467e-02 -3.5000920295715332e-02 9.4691270589828491e-01 1.8530000000000000e+03 8.5786773681640625e+01
9.9998825788497925e-01 6.9809210253879428e-04 -4.7982642427086830e-03 9.1517186164855957e-01 9.9932903051376343e-01 1.4685222879052162e-02 -3.3554233610630035e-02 9.5110487937927246e-01 3.2900000000000000e+03 8.5493698120117188e+01
9.9998706579208374e-01 3.0830989999230951e-05 -5.0844117067754269e-03 9.1781622171401978e-01 9.9931484460830688e-01 1.3633688911795616e-02 -3.4409400075674057e-02 9.4971442222595215e-01 4.1100000000000000e+03 8.4611312866210938e+01
9.9997812509536743e-01 3.6491400096565485e-03 -5.5228695273399353e-03 9.1417330503463745e-01 9.9932694435119629e-01 1.3243324123322964e-02 -3.4208722412586212e-02 9.4797754287719727e-01 4.7900000000000000e+03 8.3145919799804688e+01
9.9999940395355225e-01 1.1301180347800255e-04 -1.0653135832399130e-03 9.0885174274444580e-01 9.9933165311813354e-01 1.6757551580667496e-02 -3.2486673444509506e-02 9.4294148683547974e-01 4.5300000000000000e+03 8.5817314147949219e+01
-9.9944627285003662e-01 -2.9082432389259338e-02 -1.6169806942343712e-02 1.5955779552459717e+00 -9.9995040893554688e-01 -4.7761825844645500e-03 -8.7364772334694862e-03 1.5874108076095581e+00 1.5480000000000000e+03 1.9738342285156250e+02
-9.9949389696121216e-01 -3.0624644830822945e-02 8.6100948974490166e-03 1.5292731523513794e+00 -9.9950951337814331e-01 -1.4560295268893242e-02 -2.7723928913474083e-02 1.6397486925125122e+00 1.9930000000000000e+03 2.0062196350097656e+02
9.9998056888580322e-01 -2.8352229855954647e-03 -5.5395476520061493e-03 9.1741734743118286e-01 9.9942022562026978e-01 1.6422158107161522e-02 -2.9824435710906982e-02 9.4392031431198120e-01 3.1700000000000000e+03 8.5056686401367188e+01
9.9999898672103882e-01 5.6734320423856843e-06 -1.3758298009634018e-03 9.1155081987380981e-01 9.9931770563125610e-01 1.7585884779691696e-02 -3.2476980239152908e-02 9.4727134704589844e-01 4.5610000000000000e+03 9.1604728698730469e+01
-9.9907618761062622e-01 -4.1632644832134247e-02 1.0656571947038174e-02 1.5229663848876953e+00 -9.9964320659637451e-01 -1.8418544903397560e-02 -1.9341669976711273e-02 1.6050865650177002e+00 1.7920000000000000e+03 2.0653794860839844e+02
9.9999225139617920e-01 5.8409833582118154e-04 -3.8946873974055052e-03 9.1277003288269043e-01 9.9937093257904053e-01 1.5918370336294174e-02 -3.1693607568740845e-02 9.4984549283981323e-01 5.1660000000000000e+03 8.6535903930664062e+01
-9.9940747022628784e-01 -3.3534023910760880e-02 7.7531118877232075e-03 1.5429294109344482e+00 -9.9901276826858521e-01 -7.8601203858852386e-03 -4.3723128736019135e-02 1.6700968742370605e+00 1.0160000000000000e+03 2.1595472717285156e+02
9.9999982118606567e-01 -5.7060777908191085e-04 1.0695306264096871e-04 9.1061490774154663e-01 9.9911481142044067e-01 1.9334156066179276e-02 -3.7360459566116333e-02 9.5687538385391235e-01 4.7710000000000000e+03 9.0254035949707031e+01
9.9997395277023315e-01 -7.1831876412034035e-03 -7.0954492548480630e-04 9.1068750619888306e-01 9.9931645393371582e-01 1.5647022053599358e-02 -3.3490061759948730e-02 9.4951027631759644e-01 2.2920000000000000e+03 1.1719066619873047e+02
9.9999022483825684e-01 -4.2694676667451859e-03 1.1600576108321548e-03 9.0301036834716797e-01 9.9950724840164185e-01 2.3930976167321205e-02 -2.0308656617999077e-02 9.2840218544006348e-01 1.6760000000000000e+03 1.0434387969970703e+02
9.9999773502349854e-01 -1.1262679472565651e-03 -1.8055066466331482e-03 9.1047835350036621e-01 9.9927294254302979e-01 1.5175581909716129e-02 -3.4976284950971603e-02 9.4323790073394775e-01 2.3200000000000000e+03 7.4346328735351562e+01
9.9999427795410156e-01 -3.0504409223794937e-03 -1.4558410039171576e-03 9.2786890268325806e-01 9.9885845184326172e-01 1.7594501376152039e-02 -4.4410023838281631e-02 9.6233326196670532e-01 3.2130000000000000e+03 9.8230628967285156e+01
-9.9853354692459106e-01 -1.6528172418475151e-02 -5.1551368087530136e-02 1.3445715904235840e+00 -9.9976897239685059e-01 -2.1308390423655510e-02 -2.8206307906657457e-03 1.4950282573699951e+00 1.1170000000000000e+03 2.2872784423828125e+02
9.9998617172241211e-01 -4.6648001298308372e-03 -2.4165695067495108e-03 9.2104905843734741e-01 9.9901425838470459e-01 9.9326251074671745e-03 -4.3264787644147873e-02 9.5810568332672119e-01 2.2860000000000000e+03 1.1627515411376953e+02
9.9985837936401367e-01 -1.6735009849071503e-02 1.7856938065961003e-03 9.1629540920257568e-01 9.9919229745864868e-01 1.2787990272045135e-02 -3.8096867501735687e-02 9.4824761152267456e-01 1.4290000000000000e+03 1.2510916900634766e+02
9.9989050626754761e-01 -1.3604451902210712e-02 -5.8320020325481892e-03 9.1706985235214233e-01 9.9895811080932617e-01 2.1038686856627464e-02 -4.0496550500392914e-02 9.6261721849441528e-01 1.8950000000000000e+03 1.1107440948486328e+02
9.9989545345306396e-01 9.7666066139936447e-03 -1.0656343773007393e-02 9.3281167745590210e-01 9.9942821264266968e-01 1.5055623836815357e-02 -3.0275745317339897e-02 9.4216203689575195e-01 1.2540000000000000e+03 8.0570884704589844e+01
9.9983221292495728e-01 3.5121524706482887e-03 -1.7978541553020477e-02 9.4580054283142090e-01 9.9940991401672363e-01 2.1875880658626556e-02 -2.6481853798031807e-02 9.4305872917175293e-01 1.6220000000000000e+03 8.5169548034667969e+01
9.9992400407791138e-01 -6.8828668445348740e-03 -1.0229822248220444e-02 9.3072658777236938e-01 9.9941766262054443e-01 1.6569221392273903e-02 -2.9830906540155411e-02 9.5772755146026611e-01 1.9590000000000000e+03 1.0073761749267578e+02
9.9996554851531982e-01 -6.8187615834176540e-03 -4.7265044413506985e-03 9.1648143529891968e-01 9.9935954809188843e-01 1.9159181043505669e-02 -3.0221655964851379e-02 9.5751374959945679e-01 3.9950000000000000e+03 9.3288597106933594e+01
-9.9970352649688721e-01 -1.8249794840812683e-02 1.6115406528115273e-02 1.4132995605468750e+00 -9.9938839673995972e-01 -2.8529891744256020e-02 -2.0221291109919548e-02 1.6070781946182251e+00 1.4190000000000000e+03 2.2174966430664062e+02
9.9996161460876465e-01 6.6313571296632290e-03 5.7309195399284363e-03 9.0767294168472290e-01 9.9897849559783936e-01 2.1659588441252708e-02 -3.9661016315221786e-02 9.5507407188415527e-01 2.5380000000000000e+03 8.8413841247558594e+01
-9.9984914064407349e-01 -1.6947489231824875e-02 3.8095393683761358e-03 1.4424078464508057e+00 -9.9974912405014038e-01 -1.7242472618818283e-02 -1.4297242276370525e-02 1.5990365743637085e+00 1.2360000000000000e+03 2.0417471313476562e+02
9.9979048967361450e-01 2.0124984905123711e-02 -3.7396042607724667e-03 9.0769129991531372e-01 9.9917340278625488e-01 1.7021043226122856e-02 -3.6914989352226257e-02 9.5036101341247559e-01 1.1850000000000000e+03 1.1451055145263672e+02
9.9993693828582764e-01 5.1158382557332516e-03 -1.0000617243349552e-02 9.2221868038177490e-01 9.9941152334213257e-01 1.5385170467197895e-02 -3.0659096315503120e-02 9.4977605342864990e-01 1.5450000000000000e+03 1.1324919128417969e+02
9.9999052286148071e-01 1.5094194095581770e-03 -4.0832241065800190e-03 9.1211044788360596e-01 9.9942517280578613e-01 1.0706283152103424e-02 -3.2166436314582825e-02 9.5076090097427368e-01 2.6180000000000000e+03 1.0784759521484375e+02
9.9997973442077637e-01 5.7439394295215607e-03 -2.7633085846900940e-03 9.1237008571624756e-01 9.9931538105010986e-01 1.4330556616187096e-02 -3.4107867628335953e-02 9.5114564895629883e-01 1.9890000000000000e+03 8.6010139465332031e+01
-9.9927186965942383e-01 -3.4727770835161209e-02 1.5806516632437706e-02 1.4976030588150024e+00 -9.9999564886093140e-01 1.9275862723588943e-03 -2.2537307813763618e-03 1.5625445842742920e+00 1.2930000000000000e+03 1.9327378845214844e+02
9.9997520446777344e-01 2.4211576674133539e-03 -6.6139828413724899e-03 9.2185294628143311e-01 9.9911308288574219e-01 1.8819667398929596e-02 -3.7668101489543915e-02 9.5243167877197266e-01 3.2060000000000000e+03 8.4957717895507812e+01
