9.9973016977310181e-01 -4.6310964971780777e-03 2.2762497887015343e-02 8.9273905754089355e-01 9.9979031085968018e-01 2.0150542259216309e-02 3.6475688684731722e-03 9.0912145376205444e-01 1.3130000000000000e+03 8.6293983459472656e+01
-5.8886531740427017e-02 9.5065468549728394e-01 -3.0461105704307556e-01 2.0010752677917480e+00 -1.6575912013649940e-02 -2.8028863668441772e-01 -9.5977264642715454e-01 1.9278398752212524e+00 2.5360000000000000e+03 1.7506173706054688e+02
-7.0038005709648132e-02 9.6151942014694214e-01 -2.6565960049629211e-01 2.2448389530181885e+00 -3.4607328474521637e-02 -2.3764999210834503e-01 -9.7073411941528320e-01 2.1681332588195801e+00 1.5090000000000000e+03 1.8314453125000000e+02
9.9996477365493774e-01 5.4013071348890662e-04 8.3824880421161652e-03 9.0239459276199341e-01 9.9989080429077148e-01 1.4781434088945389e-02 4.5772434532409534e-05 8.8912647962570190e-01 3.0140000000000000e+03 9.0665214538574219e+01
-9.9989759922027588e-01 -1.4068192802369595e-02 -2.6272838003933430e-03 1.6092290878295898e+00 -9.9985557794570923e-01 -1.5134483575820923e-02 7.7216681092977524e-03 1.4239563941955566e+00 1.5950000000000000e+03 1.9877421569824219e+02
9.9965268373489380e-01 -2.5748977437615395e-02 5.6141652166843414e-03 9.0506064891815186e-01 9.9985039234161377e-01 1.6932174563407898e-02 3.5321533214300871e-03 9.1694778203964233e-01 1.4350000000000000e+03 7.3284584045410156e+01
9.9967545270919800e-01 -6.5413438715040684e-03 2.4620715528726578e-02 8.6867612600326538e-01 9.9983620643615723e-01 1.4179561287164688e-02 -1.1253201402723789e-02 9.3738746643066406e-01 2.2940000000000000e+03 9.0864868164062500e+01
9.9960416555404663e-01 2.4281304795295000e-03 2.8028380125761032e-02 8.7464267015457153e-01 9.9973285198211670e-01 2.1931737661361694e-02 -7.2910878807306290e-03 9.0840977430343628e-01 1.2660000000000000e+03 7.4862556457519531e+01
9.9993866682052612e-01 -2.8205094859004021e-03 1.0717306286096573e-02 9.0267866849899292e-01 9.9980485439300537e-01 1.8545234575867653e-02 -6.8009002134203911e-03 9.0937381982803345e-01 2.2490000000000000e+03 7.2645622253417969e+01
9.9991863965988159e-01 8.5104235040489584e-05 1.2754257768392563e-02 9.1081744432449341e-01 9.9984180927276611e-01 1.6761621460318565e-02 -5.9501989744603634e-03 9.0181964635848999e-01 1.1240000000000000e+03 9.4375000000000000e+01
-3.3731497824192047e-02 9.3315553665161133e-01 -3.5788694024085999e-01 1.5461794137954712e+00 -2.7980174869298935e-02 -3.0525326728820801e-01 -9.5186007022857666e-01 1.5104500055313110e+00 2.5090000000000000e+03 1.9069009399414062e+02
-2.4719456210732460e-02 7.5364810228347778e-01 -6.5681320428848267e-01 1.2207777500152588e+00 2.6328638195991516e-03 -6.2268292903900146e-01 -7.8246986865997314e-01 1.1365181207656860e+00 2.7150000000000000e+03 1.6980804443359375e+02
1.6929859295487404e-02 7.5374054908752441e-01 -6.5695393085479736e-01 1.1418297290802002e+00 2.6328638195991516e-03 -6.2268292903900146e-01 -7.8246986865997314e-01 1.1365181207656860e+00 1.1250000000000000e+03 1.6980804443359375e+02
-8.7544068694114685e-02 7.7100008726119995e-01 -6.3078910112380981e-01 2.5154275894165039e+00 -3.2450914382934570e-02 -6.0287916660308838e-01 -7.9717224836349487e-01 2.3821055889129639e+00 1.9540000000000000e+03 1.9701153564453125e+02
9.9996858835220337e-01 -5.5548488162457943e-03 5.6654009968042374e-03 9.1081058979034424e-01 9.9985677003860474e-01 1.6315700486302376e-02 -4.4901361688971519e-03 9.1538584232330322e-01 1.5840000000000000e+03 9.3524650573730469e+01
-9.9031560122966766e-02 7.9244625568389893e-01 -6.0184860229492188e-01 2.8905010223388672e+00 -2.8710762038826942e-02 -5.1812481880187988e-01 -8.5482305288314819e-01 2.8414013385772705e+00 1.7520000000000000e+03 1.9886300659179688e+02
9.9995827674865723e-01 -7.4254693463444710e-03 5.3208349272608757e-03 9.1199767589569092e-01 9.9976688623428345e-01 1.2380546890199184e-02 -1.7688190564513206e-02 9.3552500009536743e-01 1.4570000000000000e+03 9.9679481506347656e+01
9.9973857402801514e-01 8.4787569940090179e-03 2.1233817562460899e-02 8.9117395877838135e-01 9.9963778257369995e-01 2.5728516280651093e-02 -7.8907543793320656e-03 9.1129159927368164e-01 2.2410000000000000e+03 5.9889751434326172e+01
-9.9931323528289795e-01 -3.6589320749044418e-02 -5.8556701987981796e-03 1.4819773435592651e+00 -9.9911844730377197e-01 -3.9304718375205994e-02 1.4745548367500305e-02 1.4625264406204224e+00 1.3620000000000000e+03 1.7283744812011719e+02
9.9994039535522461e-01 1.0468206368386745e-02 3.0763987451791763e-03 9.2492145299911499e-01 9.9974089860916138e-01 2.0565621554851532e-02 -9.7475163638591766e-03 9.1019451618194580e-01 2.7410000000000000e+03 9.9506843566894531e+01
9.9995726346969604e-01 9.1108055785298347e-03 1.5840918058529496e-03 9.2058807611465454e-01 9.9983298778533936e-01 1.5666646882891655e-02 -9.4087421894073486e-03 9.0607941150665283e-01 2.8320000000000000e+03 1.0069976806640625e+02
9.9998158216476440e-01 3.7967709358781576e-03 -4.7340001910924911e-03 9.2908704280853271e-01 9.9987846612930298e-01 1.3499074615538120e-02 -7.8118317760527134e-03 9.1066080331802368e-01 2.1290000000000000e+03 1.1655471801757812e+02
9.9998748302459717e-01 3.5037922207266092e-03 3.5865430254489183e-03 9.1874754428863525e-01 9.9968105554580688e-01 1.9753908738493919e-02 -1.5729734674096107e-02 9.1582876443862915e-01 1.7280000000000000e+03 1.1997164154052734e+02
9.9955326318740845e-01 -2.0539911463856697e-02 2.1711245179176331e-02 9.0170538425445557e-01 9.9963814020156860e-01 2.6876607909798622e-02 1.0610672179609537e-03 8.8344925642013550e-01 1.3620000000000000e+03 1.2784507751464844e+02
9.9969923496246338e-01 -1.3519817963242531e-02 2.0459460094571114e-02 8.8481074571609497e-01 9.9965035915374756e-01 2.3718830198049545e-02 -1.1688850820064545e-02 9.1826146841049194e-01 1.2240000000000000e+03 9.4100990295410156e+01
9.9993318319320679e-01 -6.3797365874052048e-04 1.1541671119630337e-02 9.0717941522598267e-01 9.9976611137390137e-01 2.0808562636375427e-02 -5.8992938138544559e-03 8.9960300922393799e-01 2.3120000000000000e+03 8.6262588500976562e+01
-9.9984890222549438e-01 -8.8296476751565933e-03 -1.4971839264035225e-02 1.5859713554382324e+00 -9.9903810024261475e-01 -3.4074045717716217e-02 2.7602734044194221e-02 1.4546365737915039e+00 1.2150000000000000e+03 2.1736790466308594e+02
9.9991810321807861e-01 -3.5451767034828663e-03 1.2292626313865185e-02 9.0309000015258789e-01 9.9983251094818115e-01 1.6456710174679756e-02 -8.0108921974897385e-03 9.0627342462539673e-01 3.6300000000000000e+03 8.7043136596679688e+01
-9.9987125396728516e-01 -1.5054042451083660e-02 -5.5605620145797729e-03 1.5668458938598633e+00 -9.9788147211074829e-01 -5.5346999317407608e-02 3.4192617982625961e-02 1.4435986280441284e+00 1.5340000000000000e+03 2.1840483093261719e+02
9.9994415044784546e-01 -3.0926335602998734e-03 1.0105939581990242e-02 9.0400832891464233e-01 9.9987125396728516e-01 1.0133014060556889e-02 -1.2435548007488251e-02 9.1508644819259644e-01 2.7380000000000000e+03 9.6731193542480469e+01
9.9993461370468140e-01 -5.6980308145284653e-03 9.9154533818364143e-03 9.0459924936294556e-01 9.9970513582229614e-01 2.3927303031086922e-02 4.1185235604643822e-03 8.9076411724090576e-01 1.2500000000000000e+03 8.4639503479003906e+01
9.9994307756423950e-01 -2.7892629150301218e-03 1.0292557068169117e-02 9.0320187807083130e-01 9.9982088804244995e-01 1.6651459038257599e-02 -8.9893369004130363e-03 9.0809774398803711e-01 2.6770000000000000e+03 8.5201835632324219e+01
9.9996209144592285e-01 1.4690599637106061e-03 8.5831917822360992e-03 9.0272581577301025e-01 9.9988818168640137e-01 1.4018714427947998e-02 -5.2075874991714954e-03 8.8866496086120605e-01 2.2250000000000000e+03 8.6479354858398438e+01
9.9992537498474121e-01 -2.0911991596221924e-03 1.2034333311021328e-02 9.0271985530853271e-01 9.9980920553207397e-01 1.6486059874296188e-02 -1.0467658750712872e-02 9.1053074598312378e-01 2.8960000000000000e+03 9.3128799438476562e+01
9.9993520975112915e-01 -2.5802478194236755e-03 1.1089652776718140e-02 8.9680087566375732e-01 9.9978506565093994e-01 1.6364589333534241e-02 -1.2731553986668587e-02 9.0922015905380249e-01 1.7060000000000000e+03 9.5500587463378906e+01
9.9994671344757080e-01 -6.4120127353817225e-04 1.0301665402948856e-02 8.9895737171173096e-01 9.9984091520309448e-01 1.7574947327375412e-02 -3.0368808656930923e-03 8.9187860488891602e-01 3.0780000000000000e+03 8.4937355041503906e+01
9.9998420476913452e-01 1.5259577194228768e-03 5.4093278013169765e-03 9.0007215738296509e-01 9.9977385997772217e-01 2.0874515175819397e-02 -4.0661301463842392e-03 9.0516024827957153e-01 1.3330000000000000e+03 8.7041183471679688e+01
9.9988973140716553e-01 8.3019677549600601e-03 1.2316682375967503e-02 9.0148270130157471e-01 9.9973905086517334e-01 1.8762324005365372e-02 -1.3028115034103394e-02 9.1012626886367798e-01 2.8560000000000000e+03 9.4917366027832031e+01
9.9928027391433716e-01 -7.3351599276065826e-03 3.7216767668724060e-02 8.9602577686309814e-01 9.9911856651306152e-01 4.1926074773073196e-02 2.0986576564610004e-03 9.0792405605316162e-01 2.3860000000000000e+03 8.9787513732910156e+01
-2.3436866700649261e-02 5.1436424255371094e-01 -8.5725158452987671e-01 1.3735606670379639e+00 -7.8659690916538239e-03 -8.2037663459777832e-01 -5.7176929712295532e-01 1.3971418142318726e+00 1.8080000000000000e+03 2.2579203796386719e+02
8.6792614310979843e-03 7.1877813339233398e-01 -6.9518530368804932e-01 6.0537600517272949e-01 2.1553354337811470e-02 -6.6581469774246216e-01 -7.4580579996109009e-01 6.1389756202697754e-01 5.3800000000000000e+03 1.7350204467773438e+02
-3.6203254014253616e-02 9.9929803609848022e-01 9.6329776570200920e-03 1.0234217643737793e+00 9.9809104576706886e-03 -3.4057807642966509e-03 -9.9994432926177979e-01 9.3115842342376709e-01 1.4100000000000000e+03 1.3651168823242188e+02
9.9993360042572021e-01 2.2843922488391399e-04 1.1523627676069736e-02 8.9803004264831543e-01 9.9990040063858032e-01 1.4111524447798729e-02 4.3447545613162220e-04 8.8906472921371460e-01 1.3240000000000000e+03 7.9606468200683594e+01
-2.6108054444193840e-02 9.9958401918411255e-01 1.2251371517777443e-02 9.7456336021423340e-01 2.9626260511577129e-03 6.7760795354843140e-03 -9.9997258186340332e-01 9.0842491388320923e-01 1.6310000000000000e+03 1.4970834350585938e+02
9.9989920854568481e-01 -4.8026591539382935e-03 1.3357661664485931e-02 8.9989495277404785e-01 9.9993962049484253e-01 1.0825390927493572e-02 -1.8892734078690410e-03 9.0772324800491333e-01 3.2080000000000000e+03 1.0433883666992188e+02
-1.8951740115880966e-02 9.9971944093704224e-01 1.4208984561264515e-02 9.8453414440155029e-01 1.6210397705435753e-02 7.5157531537115574e-03 -9.9984031915664673e-01 8.8731014728546143e-01 1.3760000000000000e+03 1.3470468139648438e+02
-2.3668078705668449e-02 9.9943119287490845e-01 2.4021143093705177e-02 9.4087696075439453e-01 9.3605890870094299e-03 9.5789097249507904e-03 -9.9991029500961304e-01 8.6611837148666382e-01 1.9550000000000000e+03 1.3464309692382812e+02
-1.6236498951911926e-02 9.7317165136337280e-01 -2.2950683534145355e-01 8.8948643207550049e-01 1.8991656601428986e-02 -1.5762279927730560e-01 -9.8731672763824463e-01 9.5634526014328003e-01 3.0160000000000000e+03 1.1446072387695312e+02
-1.6236498951911926e-02 9.7317165136337280e-01 -2.2950683534145355e-01 8.8948643207550049e-01 8.3300052210688591e-03 -2.0744061470031738e-01 -9.7821223735809326e-01 8.2808655500411987e-01 4.6080000000000000e+03 1.4440975952148438e+02
9.9992239475250244e-01 -8.9866286143660545e-03 8.6292913183569908e-03 9.1001790761947632e-01 9.9962794780731201e-01 2.2457737475633621e-02 1.5479685738682747e-02 8.7850916385650635e-01 1.9260000000000000e+03 9.1335700988769531e+01
9.9989342689514160e-01 -6.2254806980490685e-03 1.3206154108047485e-02 9.0331411361694336e-01 9.9977946281433105e-01 2.0786831155419350e-02 2.9899757355451584e-03 8.9133000373840332e-01 3.2640000000000000e+03 8.8762718200683594e+01
9.9993753433227539e-01 -3.4115952439606190e-03 1.0646974667906761e-02 8.9975345134735107e-01 9.9986684322357178e-01 1.6289247199892998e-02 -9.8220817744731903e-04 8.9706367254257202e-01 4.2720000000000000e+03 8.8231887817382812e+01
-9.9961948394775391e-01 -2.4804210290312767e-02 1.2065121904015541e-02 1.5807716846466064e+00 -9.9814456701278687e-01 -5.2174068987369537e-02 -3.1391397118568420e-02 1.5898166894912720e+00 1.1590000000000000e+03 2.1886280822753906e+02
9.9996066093444824e-01 -3.8178989198058844e-03 8.0080265179276466e-03 9.0590816736221313e-01 9.9987560510635376e-01 1.5722315758466721e-02 -1.2918160064145923e-03 8.9935916662216187e-01 3.8370000000000000e+03 8.6195945739746094e+01
-9.9978095293045044e-01 -1.9243154674768448e-02 8.2303695380687714e-03 1.5877591371536255e+00 -9.9961477518081665e-01 -2.7623303234577179e-02 -2.7013579383492470e-03 1.5102943181991577e+00 1.3240000000000000e+03 2.0850906372070312e+02
9.9997091293334961e-01 -1.7830125289037824e-03 7.4115423485636711e-03 9.0886175632476807e-01 9.9986565113067627e-01 1.6255181282758713e-02 -2.1083573810756207e-03 8.9515417814254761e-01 3.6490000000000000e+03 8.5873428344726562e+01
9.9993765354156494e-01 -3.1980280764400959e-03 1.0709602385759354e-02 9.0250343084335327e-01 9.9986487627029419e-01 1.6415812075138092e-02 -8.7760755559429526e-04 8.9864420890808105e-01 3.9410000000000000e+03 8.6338058471679688e+01
-9.9987506866455078e-01 -1.0697803460061550e-02 -1.1634850874543190e-02 1.6044158935546875e+00 -9.9890530109405518e-01 -4.4762782752513885e-02 1.3578631915152073e-02 1.4703603982925415e+00 1.3580000000000000e+03 1.9066937255859375e+02
9.9996280670166016e-01 -3.3502595033496618e-03 7.9522803425788879e-03 9.0284514427185059e-01 9.9989855289459229e-01 1.4146924950182438e-02 1.6403715126216412e-03 8.9637488126754761e-01 4.1720000000000000e+03 8.6305549621582031e+01
9.9995481967926025e-01 -2.9843258671462536e-03 9.0189110487699509e-03 9.0674829483032227e-01 9.9992215633392334e-01 1.2479192577302456e-02 -1.1986831668764353e-04 8.9964014291763306e-01 3.3230000000000000e+03 9.3239242553710938e+01
9.9993151426315308e-01 -2.9747048392891884e-03 1.1318753473460674e-02 9.0121698379516602e-01 9.9993342161178589e-01 1.1206772178411484e-02 -2.7463133446872234e-03 9.0244823694229126e-01 2.1170000000000000e+03 1.1260746002197266e+02
-9.9932092428207397e-01 -3.2117344439029694e-02 1.8058853223919868e-02 1.4995746612548828e+00 -9.9965155124664307e-01 -2.5913538411259651e-02 -5.0164503045380116e-03 1.4722206592559814e+00 1.3650000000000000e+03 2.0244268798828125e+02
9.9995487928390503e-01 -1.1035205097869039e-03 9.4399554654955864e-03 8.9606320858001709e-01 9.9994212388992310e-01 1.0743692517280579e-02 -5.2939954912289977e-04 8.8921689987182617e-01 2.7210000000000000e+03 1.0458684539794922e+02
9.9976515769958496e-01 -1.6649353783577681e-03 2.1606814116239548e-02 8.7654405832290649e-01 9.9994540214538574e-01 1.0345920920372009e-02 1.4367147814482450e-03 8.9565819501876831e-01 2.3330000000000000e+03 8.4423492431640625e+01
-1.4237736351788044e-02 5.7500475645065308e-01 -8.1802612543106079e-01 1.4268498420715332e+00 -2.7288592536933720e-04 -7.9299253225326538e-01 -6.0923135280609131e-01 1.3500673770904541e+00 2.9340000000000000e+03 1.9324382019042969e+02
9.9997538328170776e-01 -4.3859016150236130e-03 5.4799290373921394e-03 9.0335130691528320e-01 9.9970531463623047e-01 2.4272302165627480e-02 2.9273238033056259e-04 9.0521836280822754e-01 1.3350000000000000e+03 8.9574012756347656e+01
9.9990975856781006e-01 -5.3102066740393639e-03 1.2341693043708801e-02 8.9386481046676636e-01 9.9979192018508911e-01 1.4750201255083084e-02 -1.4085909351706505e-02 9.2506349086761475e-01 1.7430000000000000e+03 8.7530853271484375e+01
-8.3631575107574463e-03 8.9038002490997314e-01 -4.5514127612113953e-01 6.3589084148406982e-01 1.6849784180521965e-02 -4.2078274488449097e-01 -9.0700489282608032e-01 6.2052828073501587e-01 7.1470000000000000e+03 1.5236854553222656e+02
9.9984580278396606e-01 -2.6339241303503513e-03 1.7368294298648834e-02 8.8818776607513428e-01 9.9972909688949585e-01 2.3154400289058685e-02 -2.3609304334968328e-03 9.0095156431198120e-01 2.1900000000000000e+03 8.4616798400878906e+01
-9.9964827299118042e-01 -1.4766364358365536e-02 -2.2025275975465775e-02 1.6235733032226562e+00 -9.9928349256515503e-01 -3.5490937530994415e-02 1.3146384619176388e-02 1.4815962314605713e+00 1.6230000000000000e+03 2.0881884765625000e+02
-9.9978476762771606e-01 -1.9215516746044159e-02 -7.8281108289957047e-03 1.5748039484024048e+00 -9.9818176031112671e-01 -5.9074234217405319e-02 1.1979496106505394e-02 1.5164067745208740e+00 1.3060000000000000e+03 2.2639126586914062e+02
9.9983882904052734e-01 -3.5528396256268024e-03 1.7595181241631508e-02 8.8743168115615845e-01 9.9987876415252686e-01 1.5488737262785435e-02 1.5873112715780735e-03 8.8939839601516724e-01 3.1870000000000000e+03 8.6313034057617188e+01
9.9987787008285522e-01 -1.9979886710643768e-03 1.5499098226428032e-02 8.9313638210296631e-01 9.9958467483520508e-01 2.8535125777125359e-02 -4.0329573675990105e-03 9.0837621688842773e-01 1.3550000000000000e+03 8.3714805603027344e+01
