9.9955564737319946e-01 -2.9550237581133842e-02 3.9156600832939148e-03 8.9478188753128052e-01 9.9979031085968018e-01 2.0150542259216309e-02 3.6475688684731722e-03 9.0912145376205444e-01 1.8850000000000000e+03 8.5218116760253906e+01
9.9962192773818970e-01 -2.7426799759268761e-02 -1.9702212885022163e-03 9.1090631484985352e-01 9.9981093406677246e-01 1.8592391163110733e-02 -5.6956354528665543e-03 9.1596591472625732e-01 1.2320000000000000e+03 8.2521919250488281e+01
9.9953305721282959e-01 -2.9828736558556557e-02 6.6265538334846497e-03 9.1266423463821411e-01 9.9984180927276611e-01 1.6761621460318565e-02 -5.9501989744603634e-03 9.0181964635848999e-01 1.4800000000000000e+03 9.4375000000000000e+01
9.9955368041992188e-01 -2.8502404689788818e-02 8.9451754465699196e-03 8.9695698022842407e-01 9.9963778257369995e-01 2.5728516280651093e-02 -7.8907543793320656e-03 9.1129159927368164e-01 2.2410000000000000e+03 1.0428034973144531e+02
9.9925786256790161e-01 -3.8491860032081604e-02 1.4356597093865275e-03 9.0737652778625488e-01 9.9974089860916138e-01 2.0565621554851532e-02 -9.7475163638591766e-03 9.1019451618194580e-01 1.4900000000000000e+03 9.9506843566894531e+01
9.9963432550430298e-01 -2.5962185114622116e-02 7.5587877072393894e-03 9.0142697095870972e-01 9.9983298778533936e-01 1.5666646882891655e-02 -9.4087421894073486e-03 9.0607941150665283e-01 1.4540000000000000e+03 1.0069976806640625e+02
9.9942278861999512e-01 -3.3600986003875732e-02 4.9961665645241737e-03 8.9588338136672974e-01 9.9987846612930298e-01 1.3499074615538120e-02 -7.8118317760527134e-03 9.1066080331802368e-01 1.7340000000000000e+03 1.1655471801757812e+02
9.9928963184356689e-01 -3.5789806395769119e-02 1.1811268515884876e-02 8.9050465822219849e-01 9.9968105554580688e-01 1.9753908738493919e-02 -1.5729734674096107e-02 9.1582876443862915e-01 1.3610000000000000e+03 1.1997164154052734e+02
9.9963921308517456e-01 -2.6187185198068619e-02 5.9780548326671124e-03 8.9930880069732666e-01 9.9976611137390137e-01 2.0808562636375427e-02 -5.8992938138544559e-03 8.9960300922393799e-01 2.3120000000000000e+03 1.0483679962158203e+02
9.9959754943847656e-01 -2.7969358488917351e-02 4.7323284670710564e-03 8.9750826358795166e-01 9.9983251094818115e-01 1.6456710174679756e-02 -8.0108921974897385e-03 9.0627342462539673e-01 3.6300000000000000e+03 8.5124824523925781e+01
-9.9998539686203003e-01 4.9284202978014946e-03 -2.2108147386461496e-03 1.5914956331253052e+00 -9.9788147211074829e-01 -5.5346999317407608e-02 3.4192617982625961e-02 1.4435986280441284e+00 1.5340000000000000e+03 2.1840483093261719e+02
9.9965602159500122e-01 -2.5567809119820595e-02 5.8515025302767754e-03 8.9522355794906616e-01 9.9987125396728516e-01 1.0133014060556889e-02 -1.2435548007488251e-02 9.1508644819259644e-01 2.7380000000000000e+03 9.6731193542480469e+01
9.9959146976470947e-01 -2.8536293655633926e-02 1.6338523710146546e-03 8.9857918024063110e-01 9.9970513582229614e-01 2.3927303031086922e-02 4.1185235604643822e-03 8.9076411724090576e-01 1.2500000000000000e+03 8.2047874450683594e+01
9.9960917234420776e-01 -2.7958421036601067e-02 -3.1713527278043330e-05 9.0555036067962646e-01 9.9982088804244995e-01 1.6651459038257599e-02 -8.9893369004130363e-03 9.0809774398803711e-01 2.6770000000000000e+03 8.0330970764160156e+01
9.9967980384826660e-01 -2.4184947833418846e-02 7.4515962041914463e-03 8.9919865131378174e-01 9.9988818168640137e-01 1.4018714427947998e-02 -5.2075874991714954e-03 8.8866496086120605e-01 2.2250000000000000e+03 8.1154670715332031e+01
9.9970114231109619e-01 -2.3989662528038025e-02 4.7056991606950760e-03 9.0136986970901489e-01 9.9980920553207397e-01 1.6486059874296188e-02 -1.0467658750712872e-02 9.1053074598312378e-01 2.8960000000000000e+03 9.3128799438476562e+01
9.9947625398635864e-01 -2.3671217262744904e-02 2.2065507248044014e-02 8.7010759115219116e-01 9.9978506565093994e-01 1.6364589333534241e-02 -1.2731553986668587e-02 9.0922015905380249e-01 1.7060000000000000e+03 9.5500587463378906e+01
9.9975395202636719e-01 -1.5915432944893837e-02 1.5450358390808105e-02 9.0060108900070190e-01 9.9973905086517334e-01 1.8762324005365372e-02 -1.3028115034103394e-02 9.1012626886367798e-01 1.4280000000000000e+03 8.2132217407226562e+01
9.9892675876617432e-01 -4.6315342187881470e-02 -4.9564283108338714e-04 9.1509222984313965e-01 9.9911856651306152e-01 4.1926074773073196e-02 2.0986576564610004e-03 9.0792405605316162e-01 1.3380000000000000e+03 1.2687966918945312e+02
9.9984097480773926e-01 -1.6822481527924538e-02 5.9238411486148834e-03 9.0789651870727539e-01 9.9974340200424194e-01 2.1781178191304207e-02 -6.2154955230653286e-03 9.0936279296875000e-01 1.6650000000000000e+03 4.6404205322265625e+01
9.9964314699172974e-01 -2.6128636673092842e-02 5.5586439557373524e-03 9.0825027227401733e-01 9.9979007244110107e-01 1.5666002407670021e-02 -1.3208059594035149e-02 9.1820096969604492e-01 2.4230000000000000e+03 1.1619644927978516e+02
-9.9931228160858154e-01 3.5164810717105865e-02 -1.1764156632125378e-02 1.6656529903411865e+00 -9.9974304437637329e-01 -2.1942667663097382e-02 5.6871050037443638e-03 1.5674059391021729e+00 1.1440000000000000e+03 2.0120254516601562e+02
9.9949902296066284e-01 -3.1648177653551102e-02 -4.2982702143490314e-04 9.0829181671142578e-01 9.9977946281433105e-01 2.0786831155419350e-02 2.9899757355451584e-03 8.9133000373840332e-01 1.0430000000000000e+03 9.4096832275390625e+01
9.9961465597152710e-01 -2.7135564014315605e-02 5.8365892618894577e-03 8.9291113615036011e-01 9.9986684322357178e-01 1.6289247199892998e-02 -9.8220817744731903e-04 8.9706367254257202e-01 2.0840000000000000e+03 9.0046066284179688e+01
9.9966138601303101e-01 -2.5791337713599205e-02 3.4468783996999264e-03 8.9427787065505981e-01 9.9987560510635376e-01 1.5722315758466721e-02 -1.2918160064145923e-03 8.9935916662216187e-01 3.1430000000000000e+03 8.5758407592773438e+01
9.9961614608764648e-01 -2.7679761871695518e-02 -1.2073682155460119e-03 9.0607589483261108e-01 9.9986565113067627e-01 1.6255181282758713e-02 -2.1083573810756207e-03 8.9515417814254761e-01 3.4790000000000000e+03 8.2206954956054688e+01
-9.9999636411666870e-01 1.2436327524483204e-03 -2.4037410039454699e-03 1.6193841695785522e+00 -9.9860697984695435e-01 -5.1720056682825089e-02 -1.0446188040077686e-02 1.5378218889236450e+00 1.4570000000000000e+03 2.2097941589355469e+02
9.9960613250732422e-01 -2.8060397133231163e-02 4.3955890578217804e-04 8.9630699157714844e-01 9.9986487627029419e-01 1.6415812075138092e-02 -8.7760755559429526e-04 8.9864420890808105e-01 3.8890000000000000e+03 8.8296478271484375e+01
-9.9993783235549927e-01 1.2677138147410005e-04 1.1153963394463062e-02 1.5784809589385986e+00 -9.9890530109405518e-01 -4.4762782752513885e-02 1.3578631915152073e-02 1.4703603982925415e+00 1.3580000000000000e+03 2.0903121948242188e+02
9.9961692094802856e-01 -2.7583835646510124e-02 -2.2664987482130527e-03 9.0352725982666016e-01 9.9989855289459229e-01 1.4146924950182438e-02 1.6403715126216412e-03 8.9637488126754761e-01 4.1720000000000000e+03 8.3157302856445312e+01
9.9958997964859009e-01 -2.8561141341924667e-02 -1.9877436570823193e-03 9.0332704782485962e-01 9.9992215633392334e-01 1.2479192577302456e-02 -1.1986831668764353e-04 8.9964014291763306e-01 3.3230000000000000e+03 9.3239242553710938e+01
9.9959123134613037e-01 -2.8522586449980736e-02 -1.9623350817710161e-03 9.0392529964447021e-01 9.9993342161178589e-01 1.1206772178411484e-02 -2.7463133446872234e-03 9.0244823694229126e-01 2.1170000000000000e+03 1.1260746002197266e+02
-9.9998795986175537e-01 3.8718178402632475e-03 -3.0073486268520355e-03 1.5889688730239868e+00 -9.9830585718154907e-01 -5.4471254348754883e-02 2.0454917103052139e-02 1.4378815889358521e+00 1.0120000000000000e+03 2.2384733581542969e+02
9.9960178136825562e-01 -2.7586590498685837e-02 5.9426892548799515e-03 8.9742714166641235e-01 9.9972909688949585e-01 2.3154400289058685e-02 -2.3609304334968328e-03 9.0095156431198120e-01 2.1900000000000000e+03 8.7306320190429688e+01
-9.9997615814208984e-01 1.7558460822328925e-03 -6.6811856813728809e-03 1.5994470119476318e+00 -9.9928349256515503e-01 -3.5490937530994415e-02 1.3146384619176388e-02 1.4815962314605713e+00 1.6230000000000000e+03 2.1088775634765625e+02
9.9961388111114502e-01 -2.6941858232021332e-02 6.8067214451730251e-03 8.9212971925735474e-01 9.9987876415252686e-01 1.5488737262785435e-02 1.5873112715780735e-03 8.8939839601516724e-01 3.1870000000000000e+03 8.3852294921875000e+01
-9.9998283386230469e-01 -4.2638534796424210e-04 -5.8425674214959145e-03 1.5934218168258667e+00 -9.9818176031112671e-01 -5.9074234217405319e-02 1.1979496106505394e-02 1.5164067745208740e+00 1.3060000000000000e+03 2.2639126586914062e+02
9.9955505132675171e-01 -2.8830360621213913e-02 7.6605929061770439e-03 8.8434386253356934e-01 9.9958467483520508e-01 2.8535125777125359e-02 -4.0329573675990105e-03 9.0837621688842773e-01 1.3550000000000000e+03 8.5959861755371094e+01
