9.9950015544891357e-01 1.4227021893020719e-05 -3.1611461192369461e-02 8.9515608549118042e-01 9.9972349405288696e-01 -2.3243483155965805e-02 3.5791276022791862e-03 8.9979004859924316e-01 5.5510000000000000e+03 8.7256256103515625e+01
-9.9930864572525024e-01 -3.4261539578437805e-02 -1.4431255869567394e-02 1.4790263175964355e+00 -9.9980169534683228e-01 1.4148013666272163e-02 -1.4015560969710350e-02 1.5539451837539673e+00 1.5430000000000000e+03 2.1434802246093750e+02
9.9939310550689697e-01 -9.0843369252979755e-04 -3.4822668880224228e-02 8.9807701110839844e-01 9.9967044591903687e-01 -2.5296906009316444e-02 4.3928371742367744e-03 8.9079648256301880e-01 5.4460000000000000e+03 8.5426368713378906e+01
-9.9910438060760498e-01 -4.0137652307748795e-02 -1.3392464257776737e-02 1.4910018444061279e+00 -9.9980664253234863e-01 1.9467975944280624e-02 -2.7504123281687498e-03 1.5364115238189697e+00 2.3210000000000000e+03 2.0067599487304688e+02
9.9959599971771240e-01 -2.6590649504214525e-03 -2.8300659731030464e-02 8.9055919647216797e-01 9.9973613023757935e-01 -2.2766832262277603e-02 3.0802628025412560e-03 9.0034186840057373e-01 5.3090000000000000e+03 8.6180053710937500e+01
-9.9928629398345947e-01 -3.7123505026102066e-02 -6.9736503064632416e-03 1.4679746627807617e+00 -9.9968743324279785e-01 2.2705407813191414e-02 -1.0461421683430672e-02 1.5458619594573975e+00 2.3890000000000000e+03 2.0226956176757812e+02
9.9955797195434570e-01 6.8462023045867682e-04 -2.9721919447183609e-02 8.8818031549453735e-01 9.9972623586654663e-01 -2.3396460339426994e-02 -2.2891932167112827e-04 9.0225815773010254e-01 4.7550000000000000e+03 8.1606758117675781e+01
-9.9916946887969971e-01 -4.0615830570459366e-02 3.2787986565381289e-03 1.4434226751327515e+00 -9.9973887205123901e-01 2.2696323692798615e-02 2.6736350264400244e-03 1.5150358676910400e+00 1.5770000000000000e+03 1.9475309753417969e+02
-3.8229521363973618e-02 8.2429248094558716e-01 -5.6487202644348145e-01 8.6193364858627319e-01 4.2629212141036987e-02 2.3487195372581482e-01 -9.7109109163284302e-01 8.6798018217086792e-01 2.1210000000000000e+03 2.0646487426757812e+02
-4.5782614499330521e-02 8.5162621736526489e-01 -5.2214634418487549e-01 1.0499621629714966e+00 1.7769198864698410e-02 1.8713720142841339e-01 -9.8217314481735229e-01 1.0225162506103516e+00 3.7360000000000000e+03 1.8373207092285156e+02
-7.2460244409739971e-03 3.2956531643867493e-01 -9.4410502910614014e-01 7.2691649198532104e-01 -2.7156167197972536e-03 -3.4327635169029236e-01 -9.3923044204711914e-01 5.7149803638458252e-01 6.7580000000000000e+03 1.2786832427978516e+02
-1.6957405209541321e-01 4.8548626899719238e-01 -8.5764074325561523e-01 2.8200123310089111e+00 -1.0535115748643875e-01 -1.8203784525394440e-01 -9.7763144969940186e-01 2.8876094818115234e+00 3.1620000000000000e+03 1.8903758239746094e+02
-2.4353230372071266e-02 -1.8098562955856323e-01 -9.8318415880203247e-01 1.9210776090621948e+00 -8.3741046488285065e-02 -8.3971863985061646e-01 -5.3652608394622803e-01 1.9921973943710327e+00 3.0220000000000000e+03 2.0544374084472656e+02
-9.7206356003880501e-03 4.5456326007843018e-01 -8.9066141843795776e-01 1.8394691944122314e+00 2.9580973088741302e-02 -1.9000788033008575e-01 -9.8133689165115356e-01 1.6439722776412964e+00 1.3110000000000000e+03 1.1728089141845703e+02
-4.0035802870988846e-02 2.3952378332614899e-01 -9.7006464004516602e-01 1.8175773620605469e+00 -5.2514430135488510e-02 -4.5393091440200806e-01 -8.8948804140090942e-01 1.8917139768600464e+00 8.3220000000000000e+03 1.7416558837890625e+02
-1.8186636269092560e-02 1.0869407653808594e-01 -9.9390888214111328e-01 1.4863556623458862e+00 -1.4287716709077358e-02 -5.7098251581192017e-01 -8.2083785533905029e-01 1.5495108366012573e+00 1.1606000000000000e+04 1.5841789245605469e+02
-1.4427149668335915e-02 5.9048678725957870e-02 -9.9815082550048828e-01 1.0655046701431274e+00 -2.3111535236239433e-02 -6.4063644409179688e-01 -7.6749646663665771e-01 1.1064962148666382e+00 6.3940000000000000e+03 1.4300399780273438e+02
9.9962645769119263e-01 -4.1454229503870010e-03 -2.7016483247280121e-02 8.9968150854110718e-01 9.9924689531326294e-01 -3.6416679620742798e-02 1.3398063369095325e-02 8.8816004991531372e-01 1.8940000000000000e+03 1.0133685302734375e+02
9.9974119663238525e-01 -2.7665204834192991e-03 -2.2580064833164215e-02 8.8507366180419922e-01 9.9957454204559326e-01 -2.7200641110539436e-02 1.0523786768317223e-02 9.0149366855621338e-01 2.5130000000000000e+03 8.5307342529296875e+01
-8.9853229001164436e-03 9.9316567182540894e-01 -1.1636675149202347e-01 6.3107651472091675e-01 2.0803570747375488e-02 6.0517513751983643e-01 -7.9582053422927856e-01 6.3860100507736206e-01 4.0230000000000000e+03 1.7692864990234375e+02
9.9934542179107666e-01 -4.6984017826616764e-03 -3.5869546234607697e-02 9.0699398517608643e-01 9.9920105934143066e-01 -3.6731425672769547e-02 1.5751427039504051e-02 8.8563668727874756e-01 1.0310000000000000e+03 9.8024635314941406e+01
-1.0908947885036469e-01 4.0136775374412537e-01 -9.0939736366271973e-01 2.1763052940368652e+00 -6.4773067831993103e-02 -2.7458527684211731e-01 -9.5937860012054443e-01 2.2140636444091797e+00 6.8080000000000000e+03 1.7796293640136719e+02
9.9956065416336060e-01 -5.7807145640254021e-03 -2.9071344062685966e-02 8.9284300804138184e-01 9.9983173608779907e-01 -1.7459921538829803e-02 5.6234868243336678e-03 8.9633190631866455e-01 2.2330000000000000e+03 6.8331680297851562e+01
9.9982327222824097e-01 3.7815640680491924e-03 -1.8414963036775589e-02 8.7963330745697021e-01 9.9964910745620728e-01 -2.6489512994885445e-02 2.7257480542175472e-04 9.0900516510009766e-01 2.7020000000000000e+03 1.0824315643310547e+02
9.9972325563430786e-01 9.0260356664657593e-03 -2.1727247163653374e-02 8.8850593566894531e-01 9.9960964918136597e-01 -2.7928508818149567e-02 7.7904062345623970e-04 9.1055381298065186e-01 1.4500000000000000e+03 1.2347241210937500e+02
-8.4928028285503387e-02 8.3800101280212402e-01 -5.3901904821395874e-01 1.7429167032241821e+00 -2.7559729292988777e-02 2.4885480105876923e-01 -9.6814858913421631e-01 1.6928907632827759e+00 3.5370000000000000e+03 1.7246093750000000e+02
-8.4085792303085327e-02 5.2220159769058228e-01 -8.4866660833358765e-01 1.7780175209045410e+00 -3.4840259701013565e-02 -1.5873791277408600e-01 -9.8670583963394165e-01 1.7710241079330444e+00 6.8930000000000000e+03 1.8218812561035156e+02
-4.5562777668237686e-02 2.0595136284828186e-01 -9.7750091552734375e-01 1.5622971057891846e+00 -5.5094290524721146e-02 -4.7749105095863342e-01 -8.7690752744674683e-01 1.6273481845855713e+00 5.2070000000000000e+03 1.8687324523925781e+02
-1.8861459568142891e-02 9.2477962374687195e-02 -9.9553608894348145e-01 1.1895794868469238e+00 -3.7942014634609222e-02 -5.9545224905014038e-01 -8.0249428749084473e-01 1.2289447784423828e+00 4.8570000000000000e+03 1.9151307678222656e+02
-1.8861459568142891e-02 9.2477962374687195e-02 -9.9553608894348145e-01 1.1895794868469238e+00 1.4035914093255997e-02 -5.6289041042327881e-01 -8.2641237974166870e-01 1.2497017383575439e+00 3.9510000000000000e+03 1.4808326721191406e+02
-1.4661142602562904e-02 1.3136807084083557e-01 -9.9122524261474609e-01 7.7527874708175659e-01 -1.6446903347969055e-02 -5.8891886472702026e-01 -8.0802476406097412e-01 7.9604405164718628e-01 1.5068000000000000e+04 1.3497103881835938e+02
-1.3577939243987203e-03 -1.7195178195834160e-02 -9.9985116720199585e-01 1.0369151830673218e+00 -1.7821718007326126e-02 -6.5984040498733521e-01 -7.5119429826736450e-01 1.1402252912521362e+00 1.6050000000000000e+03 1.3668910217285156e+02
9.9961459636688232e-01 -1.2752993963658810e-02 -2.4658678099513054e-02 8.8550055027008057e-01 9.9947834014892578e-01 -3.0427303165197372e-02 1.0834519751369953e-02 8.9203137159347534e-01 2.0910000000000000e+03 1.1853276062011719e+02
9.9898964166641235e-01 -2.6389129925519228e-03 -4.4864479452371597e-02 9.1113364696502686e-01 9.9875771999359131e-01 -4.8764262348413467e-02 1.0249164886772633e-02 8.8768231868743896e-01 1.0170000000000000e+03 1.1041484832763672e+02
-3.2955650240182877e-02 6.7724251747131348e-01 -7.3502129316329956e-01 1.4563241004943848e+00 9.9541135132312775e-03 1.1637364514172077e-02 -9.9988269805908203e-01 1.4403252601623535e+00 1.0184000000000000e+04 1.4289463806152344e+02
9.9984747171401978e-01 5.1118321716785431e-03 -1.6704181209206581e-02 2.5895440578460693e-01 9.9981850385665894e-01 -1.8375031650066376e-02 5.0342297181487083e-03 2.5948679447174072e-01 1.0580000000000000e+03 1.3522332763671875e+02
9.9967181682586670e-01 -1.4401271473616362e-03 -2.5575911626219749e-02 8.8429319858551025e-01 9.9961578845977783e-01 -2.6801342144608498e-02 7.0764613337814808e-03 8.9544528722763062e-01 3.2080000000000000e+03 1.0467581176757812e+02
-9.9890226125717163e-01 -3.6137025803327560e-02 -2.9802948236465454e-02 1.5263402462005615e+00 -9.9780547618865967e-01 3.2361306250095367e-02 -5.7765867561101913e-02 1.6714295148849487e+00 1.0700000000000000e+03 2.2839532470703125e+02
9.9958103895187378e-01 -6.1720632947981358e-04 -2.8937209397554398e-02 8.8814181089401245e-01 9.9968975782394409e-01 -2.4145552888512611e-02 6.1068492941558361e-03 8.9163815975189209e-01 4.9220000000000000e+03 8.5097671508789062e+01
-9.9896407127380371e-01 -3.4554354846477509e-02 -2.9612464830279350e-02 1.5303722620010376e+00 -9.9909120798110962e-01 1.1574177071452141e-02 -4.1020225733518600e-02 1.6363444328308105e+00 1.8560000000000000e+03 2.1523329162597656e+02
9.9958300590515137e-01 -1.4880925882607698e-03 -2.8840016573667526e-02 8.8749629259109497e-01 9.9975222349166870e-01 -2.1240452304482460e-02 6.6588502377271652e-03 8.9042437076568604e-01 4.8610000000000000e+03 8.5889396667480469e+01
-9.9864083528518677e-01 -3.8563266396522522e-02 -3.5063423216342926e-02 1.5462898015975952e+00 -9.9967241287231445e-01 7.0702453376725316e-04 -2.5583159178495407e-02 1.5846043825149536e+00 2.3720000000000000e+03 2.0670953369140625e+02
9.9960708618164062e-01 -1.9451083790045232e-04 -2.8029564768075943e-02 8.8051372766494751e-01 9.9969536066055298e-01 -2.4390051141381264e-02 3.7954999133944511e-03 8.9121711254119873e-01 4.6840000000000000e+03 8.6898803710937500e+01
-9.9844735860824585e-01 -3.2578840851783752e-02 -4.5181561261415482e-02 1.5790363550186157e+00 -9.9995446205139160e-01 7.6625761575996876e-03 -5.6903585791587830e-03 1.5194089412689209e+00 1.9790000000000000e+03 1.9911015319824219e+02
9.9969029426574707e-01 -4.8718662583269179e-04 -2.4880843237042427e-02 8.7814491987228394e-01 9.9970054626464844e-01 -2.4198146536946297e-02 3.6479982081800699e-03 8.9500606060028076e-01 4.0810000000000000e+03 8.2939292907714844e+01
-9.9904584884643555e-01 -4.0205847471952438e-02 1.7054846510291100e-02 1.3824949264526367e+00 -9.9978107213973999e-01 1.0422294959425926e-02 -1.8140196800231934e-02 1.5494973659515381e+00 1.0460000000000000e+03 2.0374760437011719e+02
9.9979281425476074e-01 -3.6293242592364550e-03 -2.0031493157148361e-02 8.7987363338470459e-01 9.9971109628677368e-01 -2.0805545151233673e-02 1.2035593390464783e-02 8.8676655292510986e-01 3.8980000000000000e+03 8.1029243469238281e+01
9.9982351064682007e-01 -3.7382587324827909e-03 -1.8407747149467468e-02 8.6991685628890991e-01 9.9957412481307983e-01 -2.5507021695375443e-02 1.4173631556332111e-02 8.7578117847442627e-01 3.5140000000000000e+03 7.9125770568847656e+01
9.9993067979812622e-01 -1.0200137039646506e-03 -1.1730830185115337e-02 8.6594462394714355e-01 9.9934989213943481e-01 -2.2983154281973839e-02 2.7775285765528679e-02 8.5616838932037354e-01 2.1340000000000000e+03 8.0177940368652344e+01
9.9984252452850342e-01 -1.1973545886576176e-02 -1.3099119067192078e-02 8.7682837247848511e-01 9.9929785728454590e-01 -1.0935416445136070e-02 3.5837221890687943e-02 8.4678304195404053e-01 1.5420000000000000e+03 8.5066795349121094e+01
-1.8029030412435532e-02 6.4712327718734741e-01 -7.6217216253280640e-01 1.1537288427352905e+00 6.9602937437593937e-03 -2.1475341171026230e-02 -9.9974524974822998e-01 1.2281575202941895e+00 1.3516000000000000e+04 1.3519242858886719e+02
-9.1102765873074532e-03 6.4046937227249146e-01 -7.6792973279953003e-01 1.1491209268569946e+00 1.0490880347788334e-02 -2.9006216675043106e-02 -9.9952411651611328e-01 1.1310786008834839e+00 1.0662000000000000e+04 1.3503030395507812e+02
-4.2056781239807606e-03 4.6775108575820923e-01 -8.8385015726089478e-01 1.1576399803161621e+00 6.8161473609507084e-03 -1.8918374180793762e-01 -9.8191803693771362e-01 1.1448569297790527e+00 8.6790000000000000e+03 1.3507698059082031e+02
4.7924481332302094e-03 -1.2718322873115540e-01 -9.9186760187149048e-01 8.6109167337417603e-01 -3.9772251620888710e-03 -7.7859377861022949e-01 -6.2751567363739014e-01 8.9634197950363159e-01 1.3180000000000000e+04 1.4770463562011719e+02
-2.7936983853578568e-02 6.0124748945236206e-01 -7.9857432842254639e-01 1.4554095268249512e+00 1.0396023280918598e-02 -5.7939667254686356e-02 -9.9826592206954956e-01 1.4368901252746582e+00 9.7840000000000000e+03 1.6091833496093750e+02
-2.6478969957679510e-03 -1.3021019101142883e-01 -9.9148291349411011e-01 1.2578119039535522e+00 -3.3196746371686459e-03 -8.1629544496536255e-01 -5.7762503623962402e-01 1.2951804399490356e+00 4.1510000000000000e+03 1.8003637695312500e+02
9.9903762340545654e-01 -9.8674716427922249e-03 -4.2737882584333420e-02 8.9606815576553345e-01 9.9878072738647461e-01 -4.8867948353290558e-02 6.9917906075716019e-03 8.9787268638610840e-01 1.3250000000000000e+03 1.2688603973388672e+02
-3.7333559244871140e-02 9.9317049980163574e-01 -1.1053751409053802e-01 6.5826755762100220e-01 1.1650795117020607e-02 6.2240803241729736e-01 -7.8260630369186401e-01 6.1860895156860352e-01 2.2130000000000000e+03 1.4124435424804688e+02
-5.7165282778441906e-03 7.7739429473876953e-01 -6.2898761034011841e-01 9.6001422405242920e-01 1.5108740888535976e-02 1.4111211895942688e-01 -9.8987829685211182e-01 9.3582934141159058e-01 7.0710000000000000e+03 1.3484217834472656e+02
-5.2193202078342438e-02 7.9021650552749634e-01 -6.1060118675231934e-01 9.1543525457382202e-01 1.5108740888535976e-02 1.4111211895942688e-01 -9.8987829685211182e-01 9.3582934141159058e-01 1.2650000000000000e+03 2.1707035827636719e+02
-2.1268405544105917e-04 5.4975962638854980e-01 -8.3532279729843140e-01 1.0655806064605713e+00 1.0196454823017120e-02 -1.2029157578945160e-01 -9.9268627166748047e-01 1.0414597988128662e+00 9.3350000000000000e+03 1.3809017944335938e+02
-2.1268405544105917e-04 5.4975962638854980e-01 -8.3532279729843140e-01 1.0655806064605713e+00 -7.4945711530745029e-03 -7.0670150220394135e-02 -9.9747157096862793e-01 8.6905479431152344e-01 1.3720000000000000e+03 1.2120845794677734e+02
3.8729142397642136e-03 -2.1746398508548737e-01 -9.7606062889099121e-01 8.5121250152587891e-01 -1.4914831146597862e-02 -8.5828089714050293e-01 -5.1296341419219971e-01 9.1214531660079956e-01 9.1380000000000000e+03 1.5911044311523438e+02
-6.4382307231426239e-02 9.8080587387084961e-01 -1.8405055999755859e-01 1.0034259557723999e+00 -3.7251303438097239e-03 5.7976621389389038e-01 -8.1477445363998413e-01 9.2940956354141235e-01 2.0520000000000000e+03 1.4316227722167969e+02
-6.6166944801807404e-02 8.7709116935729980e-01 -4.7574463486671448e-01 1.2190130949020386e+00 -4.0290183387696743e-03 3.0862942337989807e-01 -9.5117384195327759e-01 1.1659761667251587e+00 3.8460000000000000e+03 1.5131201171875000e+02
-6.9043390452861786e-02 8.7921541929244995e-01 -4.7139501571655273e-01 1.2168567180633545e+00 -4.6609062701463699e-03 3.0988293886184692e-01 -9.5076322555541992e-01 1.1650151014328003e+00 3.8000000000000000e+03 1.5138131713867188e+02
-6.8650923669338226e-02 8.7931787967681885e-01 -4.7126123309135437e-01 1.2172524929046631e+00 -3.7137952167540789e-03 3.1257253885269165e-01 -9.4988656044006348e-01 1.1647331714630127e+00 3.7810000000000000e+03 1.5155171203613281e+02
-6.9183558225631714e-02 8.7995392084121704e-01 -4.6999439597129822e-01 1.2157403230667114e+00 -3.2027126289904118e-03 3.1228348612785339e-01 -9.4998365640640259e-01 1.1648873090744019e+00 3.7840000000000000e+03 1.5156607055664062e+02
-6.5095685422420502e-02 8.7920880317687988e-01 -4.7196891903877258e-01 1.2174818515777588e+00 -4.1860602796077728e-03 3.0966320633888245e-01 -9.5083707571029663e-01 1.1659379005432129e+00 3.8170000000000000e+03 1.5145506286621094e+02
-6.3444189727306366e-02 8.8276547193527222e-01 -4.6551060676574707e-01 1.2152327299118042e+00 -3.5048769786953926e-03 3.1849735975265503e-01 -9.4791722297668457e-01 1.1641931533813477e+00 3.7570000000000000e+03 1.5113015747070312e+02
-6.4414933323860168e-02 9.0510684251785278e-01 -4.2027637362480164e-01 1.1857527494430542e+00 -5.6888880208134651e-03 3.6259281635284424e-01 -9.3193024396896362e-01 1.1319217681884766e+00 3.5010000000000000e+03 1.4948300170898438e+02
-4.9631733447313309e-02 9.0258997678756714e-01 -4.2763063311576843e-01 1.0922691822052002e+00 -8.2948431372642517e-03 3.4768894314765930e-01 -9.3757313489913940e-01 1.0681456327438354e+00 4.5510000000000000e+03 1.4081938171386719e+02
-6.4164504408836365e-02 8.9715242385864258e-01 -4.3703603744506836e-01 1.1252887248992920e+00 -7.1707363240420818e-03 3.4477430582046509e-01 -9.3865817785263062e-01 1.0791704654693604e+00 3.5390000000000000e+03 1.5854365539550781e+02
-1.6649652272462845e-02 5.1276201009750366e-01 -8.5836929082870483e-01 1.1848570108413696e+00 -9.1972416266798973e-03 -1.4745658636093140e-01 -9.8902583122253418e-01 1.1743507385253906e+00 9.5950000000000000e+03 1.6077592468261719e+02
4.2072435462614521e-05 -2.2932510077953339e-01 -9.7334986925125122e-01 1.0072177648544312e+00 -1.1444892734289169e-02 -8.7310647964477539e-01 -4.8739501833915710e-01 1.0475294589996338e+00 3.9830000000000000e+03 1.7765402221679688e+02
-3.0826615169644356e-02 -4.4735342264175415e-02 -9.9852305650711060e-01 1.5191817283630371e+00 -5.0668768584728241e-02 -6.5032815933227539e-01 -7.5796180963516235e-01 1.6395452022552490e+00 2.7800000000000000e+03 1.8440339660644531e+02
9.9930077791213989e-01 2.0802784711122513e-03 -3.7332192063331604e-02 8.8480329513549805e-01 9.9955624341964722e-01 -2.9788987711071968e-02 -2.4186485097743571e-04 8.8764005899429321e-01 1.9640000000000000e+03 1.0212728881835938e+02
9.9968606233596802e-01 -5.7969219051301479e-03 -2.4376280605792999e-02 8.8199371099472046e-01 9.9970710277557373e-01 -2.4056768044829369e-02 2.6540001854300499e-03 8.9386844635009766e-01 2.7340000000000000e+03 9.8439193725585938e+01
9.9964362382888794e-01 -1.3979905284941196e-02 -2.2742666304111481e-02 8.7968838214874268e-01 9.9965536594390869e-01 -2.4196250364184380e-02 1.0187923908233643e-02 8.9021718502044678e-01 2.6450000000000000e+03 1.0960056304931641e+02
9.9950259923934937e-01 -3.1547178514301777e-03 -3.1377814710140228e-02 8.8947761058807373e-01 9.9904787540435791e-01 -4.0362335741519928e-02 1.6560519114136696e-02 8.7476289272308350e-01 1.0700000000000000e+03 9.3599067687988281e+01
9.9957460165023804e-01 -4.7014464507810771e-04 -2.9163222759962082e-02 8.8931399583816528e-01 9.9899905920028687e-01 -3.7883248180150986e-02 2.3787697777152061e-02 8.6050420999526978e-01 2.0530000000000000e+03 9.1198249816894531e+01
9.9957126379013062e-01 3.6665078368969262e-04 -2.9278300702571869e-02 8.8692247867584229e-01 9.9969464540481567e-01 -2.3737911134958267e-02 6.8592745810747147e-03 8.8481515645980835e-01 3.1250000000000000e+03 8.9216720581054688e+01
9.9960011243820190e-01 -5.5018090642988682e-04 -2.8271995484828949e-02 8.8670265674591064e-01 9.9969559907913208e-01 -2.4396646767854691e-02 3.6633608397096395e-03 8.9286303520202637e-01 3.4580000000000000e+03 8.6199256896972656e+01
-9.9899989366531372e-01 -4.0588706731796265e-02 -1.8756035715341568e-02 1.5164712667465210e+00 -9.9938917160034180e-01 6.3545508310198784e-03 -3.4365061670541763e-02 1.6401282548904419e+00 1.5860000000000000e+03 2.2110844421386719e+02
9.9949783086776733e-01 2.0331833511590958e-03 -3.1620100140571594e-02 8.8786822557449341e-01 9.9968391656875610e-01 -2.5051737204194069e-02 2.1242010407149792e-03 8.8989257812500000e-01 3.8760000000000000e+03 8.8266510009765625e+01
-9.9857509136199951e-01 -4.9519710242748260e-02 -1.9890591502189636e-02 1.5250122547149658e+00 -9.9974298477172852e-01 2.2466660011559725e-03 -2.2557873278856277e-02 1.6097917556762695e+00 2.0830000000000000e+03 2.1118675231933594e+02
9.9957382678985596e-01 2.1687014959752560e-03 -2.9110280796885490e-02 8.8591974973678589e-01 9.9972915649414062e-01 -2.3272108286619186e-02 -9.0412264398764819e-05 8.9594626426696777e-01 4.2010000000000000e+03 8.3263984680175781e+01
-9.9798977375030518e-01 -5.6049477308988571e-02 -2.9576346278190613e-02 1.5373107194900513e+00 -9.9959272146224976e-01 2.3237677291035652e-02 -1.6563115641474724e-02 1.5875385999679565e+00 1.1810000000000000e+03 2.2158085632324219e+02
9.9951052665710449e-01 3.9056718815118074e-03 -3.1039949506521225e-02 8.8717484474182129e-01 9.9966973066329956e-01 -2.5693757459521294e-02 4.8383953981101513e-04 8.9537626504898071e-01 3.2020000000000000e+03 8.6347084045410156e+01
-9.9940019845962524e-01 -3.4212283790111542e-02 -5.3620063699781895e-03 1.4773631095886230e+00 -9.9989271163940430e-01 1.4139786362648010e-02 -3.8426788523793221e-03 1.5476255416870117e+00 1.5110000000000000e+03 2.1498677062988281e+02
3.6062676459550858e-02 -1.3159936666488647e-01 -9.9064677953720093e-01 1.4599605798721313e+00 3.3936787396669388e-02 -8.1199920177459717e-01 -5.8267104625701904e-01 1.4981054067611694e+00 1.2340000000000000e+03 1.4973986816406250e+02
7.6592824188992381e-04 9.6014118194580078e-01 -2.7951419353485107e-01 7.7718102931976318e-01 4.2860567569732666e-02 4.4057843089103699e-01 -8.9669042825698853e-01 8.5067009925842285e-01 1.8140000000000000e+03 1.6310670471191406e+02
-4.7678485512733459e-02 9.3633097410202026e-01 -3.4786629676818848e-01 8.8549530506134033e-01 4.2860567569732666e-02 4.4057843089103699e-01 -8.9669042825698853e-01 8.5067009925842285e-01 1.8250000000000000e+03 1.7727069091796875e+02
-4.7678485512733459e-02 9.3633097410202026e-01 -3.4786629676818848e-01 8.8549530506134033e-01 4.5190375298261642e-02 3.4138634800910950e-01 -9.3883615732192993e-01 8.8813191652297974e-01 1.8250000000000000e+03 1.7727069091796875e+02
-4.5732295257039368e-04 6.5216803550720215e-01 -7.5807434320449829e-01 1.0863043069839478e+00 4.9342673271894455e-02 4.3335482478141785e-02 -9.9784141778945923e-01 1.0423536300659180e+00 3.8640000000000000e+03 1.3903739929199219e+02
-6.0684229247272015e-03 9.9597823619842529e-01 -8.9389473199844360e-02 5.8715873956680298e-01 1.1020860821008682e-01 6.4271211624145508e-01 -7.5813925266265869e-01 6.0867297649383545e-01 1.0500000000000000e+03 9.6873138427734375e+01
-6.0684229247272015e-03 9.9597823619842529e-01 -8.9389473199844360e-02 5.8715873956680298e-01 1.8711291253566742e-02 6.3105899095535278e-01 -7.7550917863845825e-01 5.9001028537750244e-01 3.8940000000000000e+03 1.7555311584472656e+02
-1.2286090105772018e-01 2.0427243411540985e-01 -9.7117352485656738e-01 2.4754900932312012e+00 -8.1463612616062164e-02 -4.4304433465003967e-01 -8.9279073476791382e-01 2.5786116123199463e+00 3.4700000000000000e+03 1.9543890380859375e+02
9.9920290708541870e-01 -9.8977452144026756e-03 -3.8674011826515198e-02 9.0656775236129761e-01 9.9915039539337158e-01 -3.4941483289003372e-02 2.1852424368262291e-02 8.7004876136779785e-01 1.4040000000000000e+03 9.5690841674804688e+01
-1.0327057540416718e-01 3.5675629973411560e-01 -9.2847192287445068e-01 2.2491066455841064e+00 -7.3700584471225739e-02 -3.0880683660507202e-01 -9.4826495647430420e-01 2.2926433086395264e+00 6.8580000000000000e+03 1.7903367614746094e+02
-9.9959209561347961e-02 5.0905203819274902e-01 -8.5491174459457397e-01 2.0851483345031738e+00 -5.7733662426471710e-02 -1.5087014436721802e-01 -9.8686623573303223e-01 2.0877447128295898e+00 3.5210000000000000e+03 1.7383947753906250e+02
-7.3798373341560364e-02 -5.7162184268236160e-02 -9.9563366174697876e-01 1.9672697782516479e+00 -8.1467129290103912e-02 -7.0333117246627808e-01 -7.0617872476577759e-01 2.1144561767578125e+00 4.5910000000000000e+03 1.9315901184082031e+02
9.9976348876953125e-01 -1.4048344455659389e-02 -1.6601692885160446e-02 8.7099879980087280e-01 9.9974328279495239e-01 -2.2650072351098061e-02 -5.9822172624990344e-04 9.0163648128509521e-01 1.8840000000000000e+03 9.6328559875488281e+01
-8.4496036171913147e-02 5.5656796693801880e-01 -8.2649415731430054e-01 1.7801747322082520e+00 -3.2187212258577347e-02 -1.1202545464038849e-01 -9.9318391084671021e-01 1.7606556415557861e+00 6.3910000000000000e+03 1.7711428833007812e+02
-5.2067451179027557e-02 3.5804477334022522e-01 -9.3225157260894775e-01 1.6069498062133789e+00 -4.8976693302392960e-02 -3.1288793683052063e-01 -9.4852650165557861e-01 1.6382989883422852e+00 6.4950000000000000e+03 1.7704988098144531e+02
-2.0860485732555389e-02 1.2583149969577789e-01 -9.9183231592178345e-01 1.2420586347579956e+00 -3.5438939929008484e-02 -5.6237733364105225e-01 -8.2612103223800659e-01 1.2996640205383301e+00 5.4930000000000000e+03 1.8032331848144531e+02
-1.6920167952775955e-02 2.4359320104122162e-01 -9.6972990036010742e-01 8.8903236389160156e-01 -2.3033827543258667e-02 -4.6081286668777466e-01 -8.8719844818115234e-01 9.0969276428222656e-01 1.1944000000000000e+04 1.3525866699218750e+02
4.0905047208070755e-03 -2.0000851154327393e-01 -9.7978562116622925e-01 4.5631158351898193e-01 -2.4775953963398933e-02 -8.6272901296615601e-01 -5.0505924224853516e-01 4.6069192886352539e-01 5.4390000000000000e+03 1.3841555786132812e+02
-3.2941938843578100e-03 -6.1100351810455322e-01 -7.9162096977233887e-01 1.0644640922546387e+00 -2.3194301873445511e-02 -9.9952870607376099e-01 -2.0107302814722061e-02 8.8762032985687256e-01 1.1790000000000000e+03 1.9913571166992188e+02
9.9971157312393188e-01 -1.7132560024037957e-03 -2.3956350982189178e-02 8.8649648427963257e-01 9.9949312210083008e-01 -3.0916260555386543e-02 7.5927362777292728e-03 8.8780993223190308e-01 2.3670000000000000e+03 1.0535023498535156e+02
9.9942874908447266e-01 -5.5778195383027196e-04 -3.3791966736316681e-02 8.9380568265914917e-01 9.9952721595764160e-01 -3.0060676857829094e-02 6.4655435271561146e-03 8.8189893960952759e-01 2.3040000000000000e+03 9.5717430114746094e+01
4.7097768634557724e-02 7.2181951999664307e-01 -6.9047707319259644e-01 1.6774302721023560e+00 9.6806101500988007e-03 8.7926588952541351e-02 -9.9607992172241211e-01 1.6086925268173218e+00 1.8080000000000000e+03 1.6071084594726562e+02
-8.0341257154941559e-02 7.2692507505416870e-01 -6.8200087547302246e-01 1.6702136993408203e+00 9.6806101500988007e-03 8.7926588952541351e-02 -9.9607992172241211e-01 1.6086925268173218e+00 3.9590000000000000e+03 1.6071084594726562e+02
9.9970620870590210e-01 -4.1139533277601004e-04 -2.4234725162386894e-02 8.8278657197952271e-01 9.9956697225570679e-01 -2.8533035889267921e-02 7.1826968342065811e-03 8.9481699466705322e-01 2.8830000000000000e+03 1.1099479675292969e+02
-9.9928402900695801e-01 -2.8265202417969704e-02 -2.5152685120701790e-02 1.5159406661987305e+00 -9.9892711639404297e-01 1.3126843608915806e-02 -4.4410310685634613e-02 1.6392686367034912e+00 1.4880000000000000e+03 2.2235215759277344e+02
9.9969142675399780e-01 5.3533760365098715e-05 -2.4839563295245171e-02 8.8378894329071045e-01 9.9969613552093506e-01 -2.3554125800728798e-02 7.2726970538496971e-03 8.9170664548873901e-01 4.8900000000000000e+03 8.7471984863281250e+01
-9.9923747777938843e-01 -3.3017247915267944e-02 -2.0839923992753029e-02 1.5055189132690430e+00 -9.9960833787918091e-01 -8.0177671043202281e-04 -2.7973743155598640e-02 1.5904165506362915e+00 2.0420000000000000e+03 2.0968266296386719e+02
9.9957185983657837e-01 -1.7665389459580183e-03 -2.9206193983554840e-02 8.9023005962371826e-01 9.9973720312118530e-01 -2.1996917203068733e-02 6.4545175991952419e-03 8.8977199792861938e-01 5.0890000000000000e+03 8.5170631408691406e+01
-9.9932169914245605e-01 -2.8840454295277596e-02 -2.2900609299540520e-02 1.5163240432739258e+00 -9.9973046779632568e-01 -1.0412764968350530e-03 -2.3192433640360832e-02 1.5750224590301514e+00 2.3090000000000000e+03 2.0363317871093750e+02
9.9952298402786255e-01 -2.1278175991028547e-03 -3.0809536576271057e-02 8.8738352060317993e-01 9.9965929985046387e-01 -2.4645764380693436e-02 8.6018210276961327e-03 8.7943959236145020e-01 5.2050000000000000e+03 8.5485694885253906e+01
