-1.5959376096725464e-01 7.5212615728378296e-01 -6.3940286636352539e-01 2.0968658924102783e+00 -5.3159978240728378e-02 1.0834317654371262e-01 -9.9269115924835205e-01 1.9871677160263062e+00 3.1250000000000000e+03 1.5034112548828125e+02
-1.5959376096725464e-01 7.5212615728378296e-01 -6.3940286636352539e-01 2.0968658924102783e+00 -7.7190868556499481e-02 4.6260278671979904e-02 -9.9594253301620483e-01 2.0651469230651855e+00 3.1250000000000000e+03 1.8193875122070312e+02
-9.3559294939041138e-02 6.8235731124877930e-01 -7.2500699758529663e-01 2.0052325725555420e+00 -3.3564720302820206e-02 5.1164310425519943e-03 -9.9942338466644287e-01 1.9344872236251831e+00 2.8650000000000000e+03 1.4406228637695312e+02
-1.1695579439401627e-01 6.5485370159149170e-01 -7.4665117263793945e-01 1.9821676015853882e+00 -3.3564720302820206e-02 5.1164310425519943e-03 -9.9942338466644287e-01 1.9344872236251831e+00 4.5730000000000000e+03 1.8143144226074219e+02
-5.7548966258764267e-02 3.8727593421936035e-01 -9.2016601562500000e-01 2.0130252838134766e+00 -3.2443601638078690e-02 -2.7841991186141968e-01 -9.5991134643554688e-01 1.9262964725494385e+00 7.7140000000000000e+03 1.7354226684570312e+02
-6.2426123768091202e-02 4.3074893951416016e-01 -9.0031009912490845e-01 2.2375297546386719e+00 -4.4418387115001678e-02 -2.0796677470207214e-01 -9.7712683677673340e-01 2.1815392971038818e+00 1.0200000000000000e+03 1.8378627014160156e+02
-1.2648230791091919e-01 8.2381516695022583e-01 -5.5256748199462891e-01 2.3522377014160156e+00 -6.1227660626173019e-02 1.8689657747745514e-01 -9.8046970367431641e-01 2.2392113208770752e+00 2.7800000000000000e+03 1.8790539550781250e+02
-7.4116691946983337e-02 8.0098843574523926e-01 -5.9407418966293335e-01 1.5850743055343628e+00 -5.9972195886075497e-03 1.7824286222457886e-01 -9.8396831750869751e-01 1.4737323522567749e+00 2.9630000000000000e+03 1.4771447753906250e+02
-6.6453821957111359e-02 8.4490495920181274e-01 -5.3077262639999390e-01 1.4322293996810913e+00 -7.9604741185903549e-03 1.8087285757064819e-01 -9.8347425460815430e-01 1.3819038867950439e+00 4.5370000000000000e+03 1.6928877258300781e+02
2.2115770727396011e-02 8.4988969564437866e-01 -5.2649635076522827e-01 1.4250545501708984e+00 -7.9604741185903549e-03 1.8087285757064819e-01 -9.8347425460815430e-01 1.3819038867950439e+00 2.0090000000000000e+03 1.6928877258300781e+02
9.9992346763610840e-01 5.0316313281655312e-03 -1.1304653249680996e-02 9.1838306188583374e-01 9.9986964464187622e-01 1.6003653407096863e-02 2.1568173542618752e-03 8.8251835107803345e-01 1.3630000000000000e+03 6.2817039489746094e+01
9.9999964237213135e-01 7.9848518362268806e-04 -2.7263545780442655e-04 9.1589343547821045e-01 9.9985271692276001e-01 7.7698691748082638e-03 1.5303400345146656e-02 8.7212508916854858e-01 2.8000000000000000e+03 8.7521873474121094e+01
9.9997729063034058e-01 1.7591908108443022e-03 -6.5046767704188824e-03 9.1569697856903076e-01 9.9999248981475830e-01 7.8498752554878592e-04 3.7982878275215626e-03 8.9189153909683228e-01 2.0550000000000000e+03 9.5698783874511719e+01
-3.2748150988481939e-04 -1.2818773090839386e-01 -9.9174988269805908e-01 1.4000903367996216e+00 -2.8169488534331322e-02 -7.8192824125289917e-01 -6.2273156642913818e-01 1.4506856203079224e+00 6.6860000000000000e+03 1.8491967773437500e+02
9.9996030330657959e-01 -1.7547602765262127e-03 8.7343454360961914e-03 8.8957536220550537e-01 9.9994146823883057e-01 1.0815224610269070e-02 -1.4126334281172603e-04 9.0222340822219849e-01 1.2400000000000000e+03 8.9032577514648438e+01
-1.7835143953561783e-02 5.0407981872558594e-01 -8.6347287893295288e-01 1.9407175779342651e+00 -9.3181673437356949e-03 -2.0603223145008087e-01 -9.7850084304809570e-01 1.8990895748138428e+00 7.0520000000000000e+03 1.5383416748046875e+02
9.9966168403625488e-01 2.4963196367025375e-02 7.3180911131203175e-03 8.9323037862777710e-01 9.9965906143188477e-01 8.9653851464390755e-03 2.4526242166757584e-02 8.4555166959762573e-01 1.2380000000000000e+03 8.4816284179687500e+01
-1.1512034386396408e-01 2.2552932798862457e-01 -9.6741086244583130e-01 2.9466161727905273e+00 -1.0725744813680649e-01 -4.8391652107238770e-01 -8.6851638555526733e-01 2.8951346874237061e+00 2.2670000000000000e+03 2.0339656066894531e+02
-2.0236247219145298e-03 1.3073348999023438e-01 -9.9141550064086914e-01 1.0293495655059814e+00 -3.9718532934784889e-03 -5.8942836523056030e-01 -8.0781084299087524e-01 1.0609831809997559e+00 1.2401000000000000e+04 1.4261935424804688e+02
-1.3598214834928513e-02 4.0689918398857117e-01 -9.1337186098098755e-01 1.4012151956558228e+00 -1.3481256552040577e-02 -2.8374436497688293e-01 -9.5880520343780518e-01 1.3840279579162598e+00 1.0332000000000000e+04 1.5922557067871094e+02
-2.4211673066020012e-02 7.0289534330368042e-01 -7.1088117361068726e-01 1.5914620161056519e+00 5.3506340831518173e-02 3.8051020354032516e-02 -9.9784231185913086e-01 1.5685150623321533e+00 1.0910000000000000e+03 1.1228041839599609e+02
-2.4211673066020012e-02 7.0289534330368042e-01 -7.1088117361068726e-01 1.5914620161056519e+00 -4.7186851501464844e-02 1.8403302878141403e-02 -9.9871647357940674e-01 1.5454660654067993e+00 6.2620000000000000e+03 1.7544918823242188e+02
-5.7209100574254990e-02 5.9139585494995117e-01 -8.0434948205947876e-01 1.5747473239898682e+00 -2.6299986988306046e-02 -1.0341177880764008e-01 -9.9429088830947876e-01 1.5021319389343262e+00 6.9260000000000000e+03 1.7879762268066406e+02
-5.6960701942443848e-02 5.1602113246917725e-01 -8.5467988252639771e-01 1.5344464778900146e+00 -4.0932793170213699e-02 -1.7177201807498932e-01 -9.8428595066070557e-01 1.5090723037719727e+00 6.3510000000000000e+03 1.7994615173339844e+02
-5.6960701942443848e-02 5.1602113246917725e-01 -8.5467988252639771e-01 1.5344464778900146e+00 4.7840878367424011e-02 -1.5850235521793365e-01 -9.8619902133941650e-01 1.5140312910079956e+00 1.1620000000000000e+03 1.7632356262207031e+02
-4.0329992771148682e-02 3.3643516898155212e-01 -9.4084262847900391e-01 1.4971778392791748e+00 -4.3985325843095779e-02 -3.1868526339530945e-01 -9.4683951139450073e-01 1.4890890121459961e+00 3.8030000000000000e+03 1.9881330871582031e+02
-1.3089797459542751e-02 2.6868066191673279e-01 -9.6314036846160889e-01 1.0939947366714478e+00 5.8986738324165344e-02 -3.9204189181327820e-01 -9.1805428266525269e-01 9.0917295217514038e-01 2.5450000000000000e+03 1.6417471313476562e+02
-1.3089797459542751e-02 2.6868066191673279e-01 -9.6314036846160889e-01 1.0939947366714478e+00 6.0926791047677398e-04 -3.9512211084365845e-01 -9.1862833499908447e-01 1.1045730113983154e+00 7.0870000000000000e+03 1.6417471313476562e+02
6.3404734246432781e-03 5.6387241929769516e-02 -9.9838888645172119e-01 1.0944734811782837e+00 -2.1558824926614761e-02 -6.3135999441146851e-01 -7.7519023418426514e-01 1.1228563785552979e+00 7.8830000000000000e+03 1.6980058288574219e+02
6.3404734246432781e-03 5.6387241929769516e-02 -9.9838888645172119e-01 1.0944734811782837e+00 4.7836046665906906e-02 -6.1750805377960205e-01 -7.8510862588882446e-01 9.3505436182022095e-01 2.9150000000000000e+03 1.6384550476074219e+02
-5.8529209345579147e-02 1.8891201913356781e-01 -9.8024827241897583e-01 1.9989975690841675e+00 -5.9330105781555176e-02 -4.9710470438003540e-01 -8.6565971374511719e-01 2.0167160034179688e+00 6.8150000000000000e+03 1.8213191223144531e+02
-7.5010865926742554e-02 8.0038353800773621e-02 -9.9396538734436035e-01 2.3629024028778076e+00 -9.7709491848945618e-02 -6.0341668128967285e-01 -7.9141724109649658e-01 2.3966858386993408e+00 3.0610000000000000e+03 2.0238941955566406e+02
9.9983274936676025e-01 -1.2088845251128078e-03 -1.8248045817017555e-02 9.3799412250518799e-01 9.9981927871704102e-01 1.9002275541424751e-02 3.7548394175246358e-04 9.0338295698165894e-01 1.1830000000000000e+03 7.5076080322265625e+01
9.9988120794296265e-01 1.0763823986053467e-02 -1.1031216941773891e-02 9.2017638683319092e-01 9.9998533725738525e-01 -3.2396614551544189e-03 4.3508294038474560e-03 8.9672142267227173e-01 1.4370000000000000e+03 9.9982475280761719e+01
9.9991583824157715e-01 1.2816978618502617e-02 -1.9960671197623014e-03 9.0932470560073853e-01 9.9984985589981079e-01 1.6767645254731178e-02 -4.3623610399663448e-03 8.9800667762756348e-01 3.0050000000000000e+03 1.0040465545654297e+02
-9.9953234195709229e-01 -2.5034839287400246e-02 -1.7561718821525574e-02 1.5270760059356689e+00 -9.9922519922256470e-01 -3.7374302744865417e-02 -1.2333020567893982e-02 1.5204625129699707e+00 1.6600000000000000e+03 2.0207710266113281e+02
9.9992483854293823e-01 1.1646890081465244e-02 -3.8360366597771645e-03 9.0661346912384033e-01 9.9992340803146362e-01 1.2153606861829758e-02 -2.3237569257616997e-03 8.9053410291671753e-01 3.1110000000000000e+03 1.0168852233886719e+02
-9.9953132867813110e-01 -2.6662964373826981e-02 -1.5038346871733665e-02 1.5268620252609253e+00 -9.9911814928054810e-01 -3.9910506457090378e-02 -1.3037479482591152e-02 1.5197980403900146e+00 1.5330000000000000e+03 2.0320085144042969e+02
9.9995845556259155e-01 8.9614279568195343e-03 -1.6818224685266614e-03 9.0312963724136353e-01 9.9997979402542114e-01 5.9186406433582306e-03 2.3125431034713984e-03 8.9100915193557739e-01 2.1200000000000000e+03 1.1636132049560547e+02
-9.9983966350555420e-01 -1.2586907483637333e-02 -1.2739021331071854e-02 1.5265997648239136e+00 -9.9784719944000244e-01 -6.1749562621116638e-02 -2.2091174498200417e-02 1.5286326408386230e+00 2.2810000000000000e+03 1.9409207153320312e+02
9.9991518259048462e-01 1.2598838657140732e-02 -3.2959466334432364e-03 9.0303504467010498e-01 9.9998575448989868e-01 5.3409207612276077e-03 -1.9165128469467163e-04 8.8959378004074097e-01 1.7490000000000000e+03 1.2027729797363281e+02
-9.9979120492935181e-01 -1.6748126596212387e-02 -1.1704422533512115e-02 1.5287530422210693e+00 -9.9751996994018555e-01 -6.8349421024322510e-02 -1.6803698614239693e-02 1.5253784656524658e+00 2.0990000000000000e+03 1.9628536987304688e+02
-9.9932533502578735e-01 -2.5024825707077980e-02 -2.6884971186518669e-02 1.5641129016876221e+00 -9.9886679649353027e-01 -4.4338200241327286e-02 -1.7299707978963852e-02 1.5459650754928589e+00 1.4790000000000000e+03 2.1373428344726562e+02
1.2915519066154957e-02 7.7054321765899658e-02 -9.9694323539733887e-01 9.0796691179275513e-01 2.6182793080806732e-02 -5.5909973382949829e-01 -8.2868683338165283e-01 9.8300939798355103e-01 1.3630000000000000e+03 1.4256199645996094e+02
1.3985906727612019e-02 -1.8411176279187202e-02 -9.9973273277282715e-01 1.0687032938003540e+00 1.9801876042038202e-03 -6.8504363298416138e-01 -7.2849941253662109e-01 1.1122223138809204e+00 1.0607000000000000e+04 1.6681011962890625e+02
-3.1713545322418213e-02 9.6812063455581665e-01 -2.4846839904785156e-01 1.1157481670379639e+00 -1.6213970258831978e-02 4.8637098073959351e-01 -8.7360197305679321e-01 1.0790398120880127e+00 4.8550000000000000e+03 1.3562823486328125e+02
9.9991697072982788e-01 7.1904491633176804e-03 1.0699464008212090e-02 8.8762068748474121e-01 9.9977129697799683e-01 2.0856324583292007e-02 -4.7307899221777916e-03 9.0249502658843994e-01 2.8450000000000000e+03 9.5099472045898438e+01
-1.0923489183187485e-01 9.9390661716461182e-01 -1.4742635190486908e-02 1.5524098873138428e+00 -5.8467881754040718e-03 6.6911476850509644e-01 -7.4313604831695557e-01 1.4666566848754883e+00 1.1510000000000000e+03 1.3373501586914062e+02
-1.0923489183187485e-01 9.9390661716461182e-01 -1.4742635190486908e-02 1.5524098873138428e+00 -3.5805180668830872e-02 6.7828869819641113e-01 -7.3392260074615479e-01 1.4585849046707153e+00 1.1510000000000000e+03 2.0030511474609375e+02
-1.9917026162147522e-02 9.8874795436859131e-01 -1.4825919270515442e-01 9.5010900497436523e-01 2.4065213277935982e-02 4.8603862524032593e-01 -8.7360590696334839e-01 9.3545287847518921e-01 1.3120000000000000e+03 1.3231707763671875e+02
2.2597795352339745e-02 -6.5321847796440125e-02 -9.9760830402374268e-01 1.3253574371337891e+00 4.2067565023899078e-02 -7.0727390050888062e-01 -7.0568680763244629e-01 1.4108448028564453e+00 2.0630000000000000e+03 1.4002278137207031e+02
9.9982672929763794e-01 1.5414764173328876e-02 1.0434199124574661e-02 8.7825453281402588e-01 9.9985760450363159e-01 1.6567494720220566e-02 -3.1813215464353561e-03 8.9393979310989380e-01 1.6110000000000000e+03 7.0877006530761719e+01
-9.9802112579345703e-01 -3.4622412174940109e-02 -5.2488483488559723e-02 1.6407805681228638e+00 -9.9896574020385742e-01 -4.2577907443046570e-02 -1.5951838344335556e-02 1.5468152761459351e+00 1.4410000000000000e+03 2.1862525939941406e+02
9.9995702505111694e-01 8.8737094774842262e-03 -2.6757661253213882e-03 8.9825159311294556e-01 9.9994629621505737e-01 9.0187378227710724e-03 -5.1112202927470207e-03 8.9815151691436768e-01 2.7640000000000000e+03 9.5731185913085938e+01
-9.9949193000793457e-01 -2.6119058951735497e-02 -1.8267715349793434e-02 1.5436011552810669e+00 -9.9879610538482666e-01 -3.0096050351858139e-02 -3.8737967610359192e-02 1.6249551773071289e+00 1.0610000000000000e+03 2.3103298950195312e+02
9.9997323751449585e-01 5.6264167651534081e-03 -4.6595046296715736e-03 9.0612590312957764e-01 9.9959903955459595e-01 2.6303783059120178e-02 1.0482142679393291e-02 8.7651401758193970e-01 1.2350000000000000e+03 7.8762313842773438e+01
9.9997437000274658e-01 4.3480200693011284e-03 -5.6907851248979568e-03 9.0707278251647949e-01 9.9988412857055664e-01 1.5105713158845901e-02 1.9011535914614797e-03 8.8465476036071777e-01 2.6630000000000000e+03 9.5577133178710938e+01
9.9991035461425781e-01 8.1175975501537323e-03 -1.0644253343343735e-02 9.0706932544708252e-01 9.9988532066345215e-01 7.8754760324954987e-03 1.2936943210661411e-02 8.4907341003417969e-01 2.2460000000000000e+03 8.4593124389648438e+01
9.9995172023773193e-01 9.0578598901629448e-03 -3.8132162299007177e-03 9.0477049350738525e-01 9.9987840652465820e-01 1.5372273512184620e-02 -2.6213063392788172e-03 8.9233261346817017e-01 3.0980000000000000e+03 8.8979019165039062e+01
9.9992537498474121e-01 7.8629525378346443e-03 -9.3449074774980545e-03 9.0792119503021240e-01 9.9990582466125488e-01 -5.2403844892978668e-03 1.2680388987064362e-02 8.6836975812911987e-01 1.6000000000000000e+03 9.5541877746582031e+01
9.9998700618743896e-01 1.9435518188402057e-03 -4.7153811901807785e-03 9.0155935287475586e-01 9.9981158971786499e-01 1.9405206665396690e-02 -3.3001697738654912e-04 8.8416087627410889e-01 2.9770000000000000e+03 1.1440107727050781e+02
9.9990671873092651e-01 1.2795124202966690e-02 4.7748051583766937e-03 8.7697809934616089e-01 9.9949330091476440e-01 7.0732156746089458e-03 3.1034711748361588e-02 8.2728093862533569e-01 1.6630000000000000e+03 9.8246543884277344e+01
9.9943786859512329e-01 3.1124051660299301e-02 1.2457477860152721e-02 8.7980502843856812e-01 9.9976873397827148e-01 1.9352443516254425e-02 -9.3727335333824158e-03 9.0018922090530396e-01 1.3380000000000000e+03 8.2361862182617188e+01
7.1646515280008316e-03 -1.0399702191352844e-01 -9.9455189704895020e-01 1.0593228340148926e+00 -2.3237923160195351e-02 -7.5119286775588989e-01 -6.5967369079589844e-01 1.1175485849380493e+00 7.5380000000000000e+03 1.8194480895996094e+02
-1.4993496239185333e-02 5.6152582168579102e-01 -8.2732331752777100e-01 7.5613743066787720e-01 -2.2704895585775375e-02 -1.0377921164035797e-01 -9.9434125423431396e-01 7.1143662929534912e-01 1.6090000000000000e+03 8.0754508972167969e+01
-2.0243074744939804e-02 9.2738193273544312e-01 -3.7356802821159363e-01 8.6998128890991211e-01 1.2122747721150517e-03 3.5401827096939087e-01 -9.3523770570755005e-01 8.5700279474258423e-01 7.7020000000000000e+03 1.6547065734863281e+02
9.9995493888854980e-01 8.3471424877643585e-03 4.5246207155287266e-03 9.0565872192382812e-01 9.9980461597442627e-01 1.8962385132908821e-02 5.5921245366334915e-03 8.9397525787353516e-01 3.4580000000000000e+03 9.1041931152343750e+01
-8.6381966248154640e-03 -2.8560027480125427e-01 -9.5830994844436646e-01 1.3577182292938232e+00 -3.8397058844566345e-02 -8.7439227104187012e-01 -4.8369804024696350e-01 1.4305551052093506e+00 3.0670000000000000e+03 2.0494848632812500e+02
9.9972754716873169e-01 2.1409032866358757e-02 -9.3074282631278038e-03 9.1878807544708252e-01 9.9992614984512329e-01 1.0194639675319195e-02 -6.6125965677201748e-03 9.0484720468521118e-01 1.3910000000000000e+03 1.1746427154541016e+02
1.4416502788662910e-02 -6.5838210284709930e-02 -9.9772620201110840e-01 1.0487291812896729e+00 1.9626786932349205e-02 -7.5630289316177368e-01 -6.5392714738845825e-01 1.1302173137664795e+00 1.3520000000000000e+03 1.7422558593750000e+02
-4.6893727034330368e-02 5.0167155265808105e-01 -8.6378622055053711e-01 1.4867949485778809e+00 -1.9036911427974701e-02 -1.8440179526805878e-01 -9.8266661167144775e-01 1.4445346593856812e+00 2.2650000000000000e+03 1.5414854431152344e+02
-1.5581550076603889e-02 -2.1149422228336334e-01 -9.7725504636764526e-01 1.3246234655380249e+00 -2.1798597648739815e-02 -8.1407076120376587e-01 -5.8035641908645630e-01 1.4037424325942993e+00 1.8760000000000000e+03 2.2398826599121094e+02
-1.4223976060748100e-02 7.1047580242156982e-01 -7.0357781648635864e-01 1.0165073871612549e+00 6.4404597505927086e-03 4.7726530581712723e-02 -9.9883967638015747e-01 9.6789848804473877e-01 3.5950000000000000e+03 1.8423922729492188e+02
-8.0435266718268394e-03 6.8064630031585693e-01 -7.3256802558898926e-01 9.7774183750152588e-01 8.3794426172971725e-03 -1.8028635531663895e-03 -9.9996328353881836e-01 9.3183428049087524e-01 9.5670000000000000e+03 1.3651469421386719e+02
-8.0435266718268394e-03 6.8064630031585693e-01 -7.3256802558898926e-01 9.7774183750152588e-01 -7.9923653975129128e-03 -7.5394436717033386e-02 -9.9712175130844116e-01 7.8553110361099243e-01 1.6760000000000000e+03 1.3526193237304688e+02
-1.1740135960280895e-02 6.7914265394210815e-01 -7.3391240835189819e-01 9.4841122627258301e-01 5.3891295101493597e-04 7.6737222261726856e-03 -9.9997037649154663e-01 9.0941029787063599e-01 1.2026000000000000e+04 1.4970834350585938e+02
-1.3638496166095138e-03 6.9567185640335083e-01 -7.1835839748382568e-01 9.0689915418624878e-01 1.4161255210638046e-02 9.7087770700454712e-03 -9.9985253810882568e-01 8.8815003633499146e-01 4.3630000000000000e+03 1.7539147949218750e+02
-3.5845928359776735e-03 6.8177181482315063e-01 -7.3155611753463745e-01 9.1208225488662720e-01 7.1991477161645889e-03 1.1671137064695358e-02 -9.9990594387054443e-01 8.6681509017944336e-01 9.9850000000000000e+03 1.3464309692382812e+02
-4.8835943453013897e-03 4.8753622174263000e-01 -8.7308919429779053e-01 8.4666550159454346e-01 6.0094920918345451e-03 -2.0607490837574005e-01 -9.7851777076721191e-01 8.2926428318023682e-01 1.4040000000000000e+04 1.4440975952148438e+02
9.9998980760574341e-01 3.8774940185248852e-03 -2.3144944570958614e-03 9.1019141674041748e-01 9.9974155426025391e-01 2.2017000243067741e-02 5.6557753123342991e-03 8.8344877958297729e-01 1.9280000000000000e+03 8.2317947387695312e+01
9.9998199939727783e-01 5.6496476754546165e-03 2.0445012487471104e-03 8.9271718263626099e-01 9.9985939264297485e-01 1.6368625685572624e-02 3.6373569164425135e-03 8.8495117425918579e-01 3.2370000000000000e+03 7.8246215820312500e+01
9.9998456239700317e-01 4.8325778916478157e-03 -2.7510002255439758e-03 9.0391421318054199e-01 9.9987804889678955e-01 1.4604398049414158e-02 5.5342214182019234e-03 8.8314521312713623e-01 3.8150000000000000e+03 8.5720314025878906e+01
9.9996578693389893e-01 7.8409472480416298e-03 -2.6232297532260418e-03 8.9928376674652100e-01 9.9986714124679565e-01 1.5342721715569496e-02 5.4980576969683170e-03 8.7742125988006592e-01 3.5460000000000000e+03 8.0780052185058594e+01
9.9998599290847778e-01 5.3010322153568268e-03 6.1703185565420426e-06 8.9745783805847168e-01 9.9986588954925537e-01 1.4861993491649628e-02 6.8737161345779896e-03 8.8081568479537964e-01 3.9020000000000000e+03 8.5923294067382812e+01
-9.9902564287185669e-01 -2.4265997111797333e-02 -3.6863293498754501e-02 1.5792603492736816e+00 -9.9854892492294312e-01 -5.1558051258325577e-02 -1.5548505820333958e-02 1.5155280828475952e+00 1.8060000000000000e+03 1.9942137145996094e+02
9.9999547004699707e-01 2.9538292437791824e-03 -5.1803712267428637e-04 8.9919394254684448e-01 9.9989509582519531e-01 1.2545360252261162e-02 7.2348429821431637e-03 8.8157904148101807e-01 3.9460000000000000e+03 7.9872673034667969e+01
9.9998319149017334e-01 5.6077563203871250e-03 1.5212749131023884e-03 8.9646208286285400e-01 9.9990922212600708e-01 1.2469789013266563e-02 5.1170801743865013e-03 8.8633340597152710e-01 3.3220000000000000e+03 9.3183326721191406e+01
9.9998646974563599e-01 4.6822647564113140e-03 -2.2854239214211702e-03 9.0051674842834473e-01 9.9997061491012573e-01 5.7835280895233154e-03 5.0222170539200306e-03 8.8655084371566772e-01 2.1050000000000000e+03 1.1247458648681641e+02
3.8941808044910431e-02 6.8540120124816895e-01 -7.2712367773056030e-01 1.3688274621963501e+00 3.2601458951830864e-04 -6.6518508829176426e-03 -9.9997776746749878e-01 1.3102837800979614e+00 3.7670000000000000e+03 1.7651393127441406e+02
-4.2621526867151260e-02 6.7328274250030518e-01 -7.3815560340881348e-01 1.3819231986999512e+00 3.2601458951830864e-04 -6.6518508829176426e-03 -9.9997776746749878e-01 1.3102837800979614e+00 4.8430000000000000e+03 1.7651393127441406e+02
9.9999660253524780e-01 1.2602936476469040e-03 2.2766019683331251e-03 8.9168167114257812e-01 9.9989014863967896e-01 1.3822200708091259e-02 5.3392611443996429e-03 8.8529723882675171e-01 2.8060000000000000e+03 1.0441718292236328e+02
1.4605054166167974e-03 2.4422019720077515e-01 -9.6971875429153442e-01 1.0330442190170288e+00 -2.9271910898387432e-03 -4.7623756527900696e-01 -8.7931180000305176e-01 1.0474792718887329e+00 9.1060000000000000e+03 1.3844813537597656e+02
-7.9807294532656670e-03 3.8124275207519531e-01 -9.2444050312042236e-01 1.3148823976516724e+00 -6.7820502445101738e-03 -3.1316363811492920e-01 -9.4967490434646606e-01 1.3073579072952271e+00 1.2152000000000000e+04 1.5967964172363281e+02
-2.0482553169131279e-02 5.2403396368026733e-01 -8.5145109891891479e-01 1.5357198715209961e+00 -2.8539946302771568e-02 -1.8857203423976898e-01 -9.8164457082748413e-01 1.4989649057388306e+00 6.8640000000000000e+03 1.7357662963867188e+02
-4.3312158435583115e-02 5.5355918407440186e-01 -8.3168274164199829e-01 1.5509872436523438e+00 4.7705892473459244e-02 -1.3198505342006683e-01 -9.9010300636291504e-01 1.4274026155471802e+00 2.8820000000000000e+03 1.6985934448242188e+02
-4.3312158435583115e-02 5.5355918407440186e-01 -8.3168274164199829e-01 1.5509872436523438e+00 -2.7444472536444664e-02 -1.2788209319114685e-01 -9.9140954017639160e-01 1.4966990947723389e+00 2.9290000000000000e+03 1.7914154052734375e+02
2.9945833608508110e-02 5.3861480951309204e-01 -8.4201985597610474e-01 1.5023918151855469e+00 4.7705892473459244e-02 -1.3198505342006683e-01 -9.9010300636291504e-01 1.4274026155471802e+00 1.0380000000000000e+03 1.2726493072509766e+02
2.9945833608508110e-02 5.3861480951309204e-01 -8.4201985597610474e-01 1.5023918151855469e+00 -2.7444472536444664e-02 -1.2788209319114685e-01 -9.9140954017639160e-01 1.4966990947723389e+00 1.0380000000000000e+03 1.7914154052734375e+02
8.6968025425449014e-04 -1.4610975980758667e-01 -9.8926806449890137e-01 1.3012409210205078e+00 -2.3396864533424377e-02 -7.9687005281448364e-01 -6.0369759798049927e-01 1.3471688032150269e+00 2.9440000000000000e+03 1.9367323303222656e+02
-6.1009291559457779e-02 3.4166970849037170e-01 -9.3783777952194214e-01 1.9931225776672363e+00 -6.2887512147426605e-02 -3.4884685277938843e-01 -9.3506741523742676e-01 1.9740803241729736e+00 6.3590000000000000e+03 1.8120561218261719e+02
-7.3636598885059357e-02 1.1847101897001266e-01 -9.9022328853607178e-01 2.3034148216247559e+00 -9.2187881469726562e-02 -5.7573491334915161e-01 -8.1242275238037109e-01 2.3326990604400635e+00 3.6970000000000000e+03 1.9758912658691406e+02
9.9986749887466431e-01 1.6053752973675728e-02 2.6891145389527082e-03 8.9816468954086304e-01 9.9965029954910278e-01 2.5485023856163025e-02 7.0470273494720459e-03 8.8959258794784546e-01 1.2410000000000000e+03 5.2526187896728516e+01
9.9984800815582275e-01 3.7234283518046141e-03 -1.7030481249094009e-02 9.3370807170867920e-01 9.9986737966537476e-01 1.5316134318709373e-02 -5.5452990345656872e-03 9.0644568204879761e-01 1.7400000000000000e+03 8.4741012573242188e+01
-1.2046572752296925e-02 9.4992828369140625e-01 -3.1223580241203308e-01 7.1186870336532593e-01 -4.0898512816056609e-04 5.3112727403640747e-01 -8.4729188680648804e-01 8.9561462402343750e-01 4.9340000000000000e+03 1.0845709228515625e+02
-1.9471732899546623e-02 7.7786123752593994e-01 -6.2813431024551392e-01 8.2661944627761841e-01 -1.0941293090581894e-02 1.2568332254886627e-01 -9.9201011657714844e-01 8.2224744558334351e-01 3.6210000000000000e+03 1.8538442993164062e+02
-1.9471732899546623e-02 7.7786123752593994e-01 -6.2813431024551392e-01 8.2661944627761841e-01 7.2941379621624947e-03 4.5138482004404068e-02 -9.9895405769348145e-01 8.4475451707839966e-01 3.6210000000000000e+03 1.8538442993164062e+02
-5.6098233908414841e-03 7.7471613883972168e-01 -6.3228428363800049e-01 7.5266581773757935e-01 1.0838889330625534e-01 1.4362008869647980e-01 -9.8367929458618164e-01 7.1795123815536499e-01 2.6450000000000000e+03 1.9057539367675781e+02
9.9990236759185791e-01 1.1151063255965710e-02 8.4227481856942177e-03 8.8170951604843140e-01 9.9985194206237793e-01 1.5948433429002762e-02 6.4692595042288303e-03 8.7713706493377686e-01 1.9750000000000000e+03 7.0110725402832031e+01
-9.9939262866973877e-01 -3.0745485797524452e-02 -1.6402298584580421e-02 1.5230479240417480e+00 -9.9820089340209961e-01 -3.9016660302877426e-02 -4.5525610446929932e-02 1.6322976350784302e+00 1.3510000000000000e+03 2.2217616271972656e+02
9.9996095895767212e-01 7.7763595618307590e-03 -4.1964561678469181e-03 9.0755468606948853e-01 9.9951672554016113e-01 3.0657190829515457e-02 5.1348200067877769e-03 8.8875031471252441e-01 1.3350000000000000e+03 7.6305686950683594e+01
