9.9939310550689697e-01 -9.0843369252979755e-04 -3.4822668880224228e-02 8.9807701110839844e-01 9.9960553646087646e-01 1.8404165282845497e-02 2.1215319633483887e-02 8.7243282794952393e-01 1.8620000000000000e+03 8.5353935241699219e+01
9.9978792667388916e-01 1.1507455259561539e-02 -1.7076602205634117e-02 8.7280321121215820e-01 9.9986964464187622e-01 1.6003653407096863e-02 2.1568173542618752e-03 8.8251835107803345e-01 2.9460000000000000e+03 6.9266387939453125e+01
-9.9920499324798584e-01 -2.1555792540311813e-02 -3.3536147326231003e-02 1.4778453111648560e+00 -9.9988508224487305e-01 -1.0547737590968609e-02 -1.0881283320486546e-02 1.4461567401885986e+00 1.2520000000000000e+03 1.7711390686035156e+02
9.9989503622055054e-01 1.2907514348626137e-02 -6.5708574838936329e-03 7.0734274387359619e-01 9.9985271692276001e-01 7.7698691748082638e-03 1.5303400345146656e-02 8.7212508916854858e-01 1.0730000000000000e+03 7.3821784973144531e+01
9.9989384412765503e-01 -1.5730653103673831e-05 -1.4574612490832806e-02 8.6018526554107666e-01 9.9993211030960083e-01 1.1248125694692135e-02 -3.0670687556266785e-03 9.0022480487823486e-01 2.3960000000000000e+03 8.5275253295898438e+01
9.9975693225860596e-01 -4.0615568868815899e-03 -2.1669348701834679e-02 8.8270860910415649e-01 9.9976295232772827e-01 2.1428925916552544e-02 -3.8667533081024885e-03 9.0122544765472412e-01 2.2490000000000000e+03 7.8462028503417969e+01
9.9974119663238525e-01 -2.7665204834192991e-03 -2.2580064833164215e-02 8.8507366180419922e-01 9.9990612268447876e-01 1.3659327290952206e-02 1.0506036924198270e-03 8.8517224788665771e-01 1.4810000000000000e+03 9.4360565185546875e+01
9.9961459636688232e-01 -1.2752993963658810e-02 -2.4658678099513054e-02 8.8550055027008057e-01 9.9964332580566406e-01 2.6191104203462601e-02 -5.2147074602544308e-03 9.0304559469223022e-01 2.0910000000000000e+03 1.1853276062011719e+02
-9.9842834472656250e-01 -4.7985956072807312e-02 -2.8952926397323608e-02 1.4761910438537598e+00 -9.9927717447280884e-01 -3.7295386195182800e-02 -7.3493267409503460e-03 1.4931702613830566e+00 1.0920000000000000e+03 2.2992491149902344e+02
7.2715262649580836e-04 -5.9796059131622314e-01 -8.0152517557144165e-01 4.3121305108070374e-01 -3.1093480065464973e-02 9.9911427497863770e-01 2.8353178873658180e-02 4.5484745502471924e-01 2.3420000000000000e+03 1.3232536315917969e+02
9.9936664104461670e-01 -1.2952961027622223e-02 -3.3143762499094009e-02 8.9287698268890381e-01 9.9957674741744995e-01 2.7560200542211533e-02 9.3118986114859581e-03 8.6515307426452637e-01 2.6010000000000000e+03 1.1594097900390625e+02
9.9959015846252441e-01 -1.4091160148382187e-02 -2.4923508986830711e-02 8.7914890050888062e-01 9.9977129697799683e-01 2.0856324583292007e-02 -4.7307899221777916e-03 9.0249502658843994e-01 1.4360000000000000e+03 1.2406198120117188e+02
-9.9850231409072876e-01 -4.3521720916032791e-02 -3.3147830516099930e-02 1.5378363132476807e+00 -9.9945753812789917e-01 -3.2112266868352890e-02 7.3096933774650097e-03 1.4680153131484985e+00 1.0370000000000000e+03 1.9773510742187500e+02
9.9967181682586670e-01 -1.4401271473616362e-03 -2.5575911626219749e-02 8.8429319858551025e-01 9.9975651502609253e-01 2.2056309506297112e-02 -6.4792990451678634e-04 8.8710194826126099e-01 2.3100000000000000e+03 8.5017303466796875e+01
-9.9890226125717163e-01 -3.6137025803327560e-02 -2.9802948236465454e-02 1.5263402462005615e+00 -9.9911838769912720e-01 -4.1704304516315460e-02 4.8191663809120655e-03 1.4804621934890747e+00 1.5970000000000000e+03 2.0643644714355469e+02
9.9958103895187378e-01 -6.1720632947981358e-04 -2.8937209397554398e-02 8.8814181089401245e-01 9.9985760450363159e-01 1.6567494720220566e-02 -3.1813215464353561e-03 8.9393979310989380e-01 3.6100000000000000e+03 8.5097671508789062e+01
-9.9896407127380371e-01 -3.4554354846477509e-02 -2.9612464830279350e-02 1.5303722620010376e+00 -9.9896574020385742e-01 -4.2577907443046570e-02 -1.5951838344335556e-02 1.5468152761459351e+00 1.4410000000000000e+03 2.1862525939941406e+02
9.9958300590515137e-01 -1.4880925882607698e-03 -2.8840016573667526e-02 8.8749629259109497e-01 9.9994629621505737e-01 9.0187378227710724e-03 -5.1112202927470207e-03 8.9815151691436768e-01 2.7640000000000000e+03 9.5731185913085938e+01
-9.9864083528518677e-01 -3.8563266396522522e-02 -3.5063423216342926e-02 1.5462898015975952e+00 -9.9879610538482666e-01 -3.0096050351858139e-02 -3.8737967610359192e-02 1.6249551773071289e+00 1.0610000000000000e+03 2.3103298950195312e+02
9.9960708618164062e-01 -1.9451083790045232e-04 -2.8029564768075943e-02 8.8051372766494751e-01 9.9959903955459595e-01 2.6303783059120178e-02 1.0482142679393291e-02 8.7651401758193970e-01 1.2350000000000000e+03 8.6898803710937500e+01
9.9969029426574707e-01 -4.8718662583269179e-04 -2.4880843237042427e-02 8.7814491987228394e-01 9.9988412857055664e-01 1.5105713158845901e-02 1.9011535914614797e-03 8.8465476036071777e-01 2.6630000000000000e+03 8.2939292907714844e+01
9.9979281425476074e-01 -3.6293242592364550e-03 -2.0031493157148361e-02 8.7987363338470459e-01 9.9988532066345215e-01 7.8754760324954987e-03 1.2936943210661411e-02 8.4907341003417969e-01 2.2460000000000000e+03 7.9093399047851562e+01
9.9982351064682007e-01 -3.7382587324827909e-03 -1.8407747149467468e-02 8.6991685628890991e-01 9.9987840652465820e-01 1.5372273512184620e-02 -2.6213063392788172e-03 8.9233261346817017e-01 3.0980000000000000e+03 8.8979019165039062e+01
9.9993067979812622e-01 -1.0200137039646506e-03 -1.1730830185115337e-02 8.6594462394714355e-01 9.9990582466125488e-01 -5.2403844892978668e-03 1.2680388987064362e-02 8.6836975812911987e-01 1.6000000000000000e+03 9.5541877746582031e+01
9.9956989288330078e-01 -3.0783661641180515e-03 -2.9165454208850861e-02 8.9160168170928955e-01 9.9981158971786499e-01 1.9405206665396690e-02 -3.3001697738654912e-04 8.8416087627410889e-01 1.7460000000000000e+03 1.1456243133544922e+02
9.9978208541870117e-01 -5.0728796049952507e-03 -2.0251663401722908e-02 8.7659996747970581e-01 9.9949330091476440e-01 7.0732156746089458e-03 3.1034711748361588e-02 8.2728093862533569e-01 1.6630000000000000e+03 1.0974210357666016e+02
9.9903762340545654e-01 -9.8674716427922249e-03 -4.2737882584333420e-02 8.9606815576553345e-01 9.9914419651031494e-01 4.1020661592483521e-02 5.3062606602907181e-03 8.9803016185760498e-01 2.8030000000000000e+03 7.7785537719726562e+01
9.9941492080688477e-01 -1.2903695460408926e-03 -3.4177362918853760e-02 8.9217627048492432e-01 9.9980461597442627e-01 1.8962385132908821e-02 5.5921245366334915e-03 8.9397525787353516e-01 3.4580000000000000e+03 9.8082412719726562e+01
2.0909875165671110e-03 -8.5126203298568726e-01 -5.2473652362823486e-01 9.3472242355346680e-01 -8.2185212522745132e-03 9.8074811697006226e-01 -1.9510395824909210e-01 8.9676934480667114e-01 1.1140000000000000e+03 1.6680960083007812e+02
9.9966353178024292e-01 2.3092990741133690e-03 -2.5836262851953506e-02 8.8822400569915771e-01 9.9981540441513062e-01 1.8741991370916367e-02 4.2191185057163239e-03 8.8092410564422607e-01 1.3270000000000000e+03 1.0418975067138672e+02
9.9957942962646484e-01 3.6162778269499540e-03 -2.8772858902812004e-02 8.8587880134582520e-01 9.9994021654129028e-01 9.9527267739176750e-03 4.5403293333947659e-03 8.9216196537017822e-01 3.2780000000000000e+03 1.0418242645263672e+02
9.9950039386749268e-01 1.1533421929925680e-03 -3.1587064266204834e-02 8.8837015628814697e-01 9.9943894147872925e-01 2.3985128849744797e-02 2.3373857140541077e-02 8.6057019233703613e-01 1.9050000000000000e+03 9.1138641357421875e+01
9.9950259923934937e-01 -3.1547178514301777e-03 -3.1377814710140228e-02 8.8947761058807373e-01 9.9974155426025391e-01 2.2017000243067741e-02 5.6557753123342991e-03 8.8344877958297729e-01 3.2750000000000000e+03 8.8916252136230469e+01
9.9957460165023804e-01 -4.7014464507810771e-04 -2.9163222759962082e-02 8.8931399583816528e-01 9.9985939264297485e-01 1.6368625685572624e-02 3.6373569164425135e-03 8.8495117425918579e-01 4.2320000000000000e+03 8.8349632263183594e+01
-9.9871623516082764e-01 -4.1646704077720642e-02 -2.8835864737629890e-02 1.5521495342254639e+00 -9.9469757080078125e-01 -6.5472401678562164e-02 -7.9309932887554169e-02 1.6820763349533081e+00 1.1700000000000000e+03 1.9801104736328125e+02
9.9957126379013062e-01 3.6665078368969262e-04 -2.9278300702571869e-02 8.8692247867584229e-01 9.9987804889678955e-01 1.4604398049414158e-02 5.5342214182019234e-03 8.8314521312713623e-01 3.8150000000000000e+03 8.9216720581054688e+01
-9.9894779920578003e-01 -3.6436285823583603e-02 -2.7849340811371803e-02 1.5501657724380493e+00 -9.9917054176330566e-01 -2.9768129810690880e-02 -2.7788113802671432e-02 1.5416576862335205e+00 1.6180000000000000e+03 1.9764097595214844e+02
9.9960011243820190e-01 -5.5018090642988682e-04 -2.8271995484828949e-02 8.8670265674591064e-01 9.9986714124679565e-01 1.5342721715569496e-02 5.4980576969683170e-03 8.7742125988006592e-01 3.5460000000000000e+03 8.6199256896972656e+01
-9.9899989366531372e-01 -4.0588706731796265e-02 -1.8756035715341568e-02 1.5164712667465210e+00 -9.9923574924468994e-01 -3.5741023719310760e-02 -1.5826014801859856e-02 1.5175771713256836e+00 1.3650000000000000e+03 2.0900659179687500e+02
9.9949783086776733e-01 2.0331833511590958e-03 -3.1620100140571594e-02 8.8786822557449341e-01 9.9986588954925537e-01 1.4861993491649628e-02 6.8737161345779896e-03 8.8081568479537964e-01 3.9020000000000000e+03 8.5281501770019531e+01
-9.9857509136199951e-01 -4.9519710242748260e-02 -1.9890591502189636e-02 1.5250122547149658e+00 -9.9854892492294312e-01 -5.1558051258325577e-02 -1.5548505820333958e-02 1.5155280828475952e+00 1.8120000000000000e+03 2.0360008239746094e+02
9.9957382678985596e-01 2.1687014959752560e-03 -2.9110280796885490e-02 8.8591974973678589e-01 9.9989509582519531e-01 1.2545360252261162e-02 7.2348429821431637e-03 8.8157904148101807e-01 4.1390000000000000e+03 7.9872673034667969e+01
9.9951052665710449e-01 3.9056718815118074e-03 -3.1039949506521225e-02 8.8717484474182129e-01 9.9990922212600708e-01 1.2469789013266563e-02 5.1170801743865013e-03 8.8633340597152710e-01 3.2020000000000000e+03 9.3183326721191406e+01
9.9973553419113159e-01 7.5715738348662853e-03 -2.1714175119996071e-02 8.7525629997253418e-01 9.9988919496536255e-01 1.4767673797905445e-02 1.8559588352218270e-03 8.8250082731246948e-01 2.3030000000000000e+03 1.0797047424316406e+02
-9.9834340810775757e-01 -5.5221345275640488e-02 -1.6154855489730835e-02 1.4394307136535645e+00 -9.9882763624191284e-01 -4.7387495636940002e-02 -9.8855057731270790e-03 1.4467171430587769e+00 1.0920000000000000e+03 2.0880128479003906e+02
9.9977570772171021e-01 -7.0772529579699039e-03 -1.9959928467869759e-02 8.7302702665328979e-01 9.9989014863967896e-01 1.3822200708091259e-02 5.3392611443996429e-03 8.8529723882675171e-01 1.8140000000000000e+03 1.2327067565917969e+02
9.9955469369888306e-01 -1.1496954597532749e-02 -2.7537357062101364e-02 9.0012764930725098e-01 9.9986737966537476e-01 1.5316134318709373e-02 -5.5452990345656872e-03 9.0644568204879761e-01 1.5620000000000000e+03 1.2904930114746094e+02
-9.9928402900695801e-01 -2.8265202417969704e-02 -2.5152685120701790e-02 1.5159406661987305e+00 -9.9793410301208496e-01 -6.0623224824666977e-02 -2.1270386874675751e-02 1.5254818201065063e+00 1.1050000000000000e+03 1.9697694396972656e+02
9.9969142675399780e-01 5.3533760365098715e-05 -2.4839563295245171e-02 8.8378894329071045e-01 9.9966138601303101e-01 2.5718992576003075e-02 3.9563747122883797e-03 8.8693761825561523e-01 2.1810000000000000e+03 8.4979782104492188e+01
-9.9923747777938843e-01 -3.3017247915267944e-02 -2.0839923992753029e-02 1.5055189132690430e+00 -9.9897754192352295e-01 -4.5094821602106094e-02 -3.1949277035892010e-03 1.4873614311218262e+00 1.5320000000000000e+03 2.0808680725097656e+02
9.9957185983657837e-01 -1.7665389459580183e-03 -2.9206193983554840e-02 8.9023005962371826e-01 9.9985194206237793e-01 1.5948433429002762e-02 6.4692595042288303e-03 8.7713706493377686e-01 3.1520000000000000e+03 8.5170631408691406e+01
-9.9932169914245605e-01 -2.8840454295277596e-02 -2.2900609299540520e-02 1.5163240432739258e+00 -9.9820089340209961e-01 -3.9016660302877426e-02 -4.5525610446929932e-02 1.6322976350784302e+00 1.3510000000000000e+03 2.2217616271972656e+02
9.9952298402786255e-01 -2.1278175991028547e-03 -3.0809536576271057e-02 8.8738352060317993e-01 9.9951672554016113e-01 3.0657190829515457e-02 5.1348200067877769e-03 8.8875031471252441e-01 1.3350000000000000e+03 8.4514892578125000e+01
