9.9985003471374512e-01 -1.2058613821864128e-02 -1.2427012436091900e-02 9.1443026065826416e-01 9.9947714805603027e-01 2.0434694364666939e-02 -2.5058377534151077e-02 9.4825446605682373e-01 4.5970000000000000e+03 8.9703582763671875e+01
-9.9992883205413818e-01 -6.5394644625484943e-03 -9.9783604964613914e-03 1.5338777303695679e+00 -9.9843090772628784e-01 -2.7179934084415436e-02 -4.8960313200950623e-02 1.6132136583328247e+00 1.9810000000000000e+03 2.0975265502929688e+02
9.9985492229461670e-01 -1.2841040268540382e-02 -1.1191567406058311e-02 9.0841245651245117e-01 9.9933791160583496e-01 2.3734942078590393e-02 -2.7575271204113960e-02 9.5161312818527222e-01 4.2490000000000000e+03 8.8432579040527344e+01
-9.9989759922027588e-01 -4.2811660096049309e-03 -1.3656294904649258e-02 1.5681065320968628e+00 -9.9861890077590942e-01 -3.2081220299005508e-02 -4.1606161743402481e-02 1.5869861841201782e+00 2.7470000000000000e+03 2.0270440673828125e+02
9.9988770484924316e-01 -8.3725638687610626e-03 -1.2424829415977001e-02 9.1448265314102173e-01 9.9954915046691895e-01 1.8119389191269875e-02 -2.3941509425640106e-02 9.4242286682128906e-01 4.6010000000000000e+03 8.9879142761230469e+01
-9.9989432096481323e-01 -1.3423547148704529e-02 -5.5887675844132900e-03 1.5262086391448975e+00 -9.9828428030014038e-01 -3.3497277647256851e-02 -4.8025354743003845e-02 1.6065552234649658e+00 2.3850000000000000e+03 2.0015376281738281e+02
9.9985367059707642e-01 -9.4838943332433701e-03 -1.4238403178751469e-02 9.1291797161102295e-01 9.9933731555938721e-01 2.5007810443639755e-02 -2.6447778567671776e-02 9.4882887601852417e-01 3.3340000000000000e+03 8.8728065490722656e+01
-9.9964821338653564e-01 -1.6403101384639740e-02 -2.0843528211116791e-02 1.5953555107116699e+00 -9.9879914522171021e-01 -3.4556217491626740e-02 -3.4730255603790283e-02 1.5737736225128174e+00 1.8470000000000000e+03 1.9911152648925781e+02
9.9984490871429443e-01 -1.2330717407166958e-02 -1.2578443624079227e-02 9.0785568952560425e-01 9.9940919876098633e-01 2.0074550062417984e-02 -2.7898263186216354e-02 9.4583833217620850e-01 4.6350000000000000e+03 9.5352531433105469e+01
9.9981611967086792e-01 -1.5875322744250298e-02 -1.0752687230706215e-02 9.0512073040008545e-01 9.9933987855911255e-01 2.0715622231364250e-02 -2.9846802353858948e-02 9.3977808952331543e-01 5.3320000000000000e+03 8.7605400085449219e+01
9.9988609552383423e-01 -1.0699612088501453e-02 -1.0645938105881214e-02 9.0398561954498291e-01 9.9961894750595093e-01 1.4982421882450581e-02 -2.3184092715382576e-02 9.3090724945068359e-01 5.0160000000000000e+03 8.4856307983398438e+01
9.9992156028747559e-01 -1.0904819704592228e-02 -6.1551905237138271e-03 9.0101844072341919e-01 9.9958318471908569e-01 1.3774879276752472e-02 -2.5374198332428932e-02 9.2503207921981812e-01 3.3110000000000000e+03 7.9613273620605469e+01
9.9974167346954346e-01 -2.0210362970829010e-02 -1.0403325781226158e-02 8.8733285665512085e-01 9.9934875965118408e-01 2.5262782350182533e-02 -2.5766657665371895e-02 9.3748015165328979e-01 2.2520000000000000e+03 1.2132460021972656e+02
9.9986219406127930e-01 5.3039719350636005e-03 -1.5725634992122650e-02 9.0766674280166626e-01 9.9955278635025024e-01 2.1633826196193695e-02 -2.0645113661885262e-02 9.3535733222961426e-01 2.8260000000000000e+03 7.6451034545898438e+01
9.9992227554321289e-01 -3.1642804387956858e-03 -1.2056643143296242e-02 9.0975439548492432e-01 9.9949890375137329e-01 1.8180431798100471e-02 -2.5910284370183945e-02 9.3972343206405640e-01 1.7930000000000000e+03 7.4573112487792969e+01
9.9978041648864746e-01 -2.0004814490675926e-02 -6.2314262613654137e-03 9.0075236558914185e-01 9.9926465749740601e-01 1.7498595640063286e-02 -3.4115921705961227e-02 9.4156014919281006e-01 1.0010000000000000e+03 6.9741134643554688e+01
9.9994432926177979e-01 4.4381120242178440e-03 -9.5738945528864861e-03 3.6312699317932129e-01 9.9983531236648560e-01 1.4643645845353603e-02 -1.0715919546782970e-02 3.6506995558738708e-01 1.6760000000000000e+03 6.7066230773925781e+01
9.9998587369918823e-01 -4.2196498252451420e-03 3.2191977370530367e-03 8.8579052686691284e-01 9.9948817491531372e-01 1.1383075267076492e-02 -2.9898039996623993e-02 9.3269854784011841e-01 1.3220000000000000e+03 9.2172973632812500e+01
9.9990695714950562e-01 -1.2580154463648796e-02 5.2762366831302643e-03 8.8271230459213257e-01 9.9961894750595093e-01 8.1569775938987732e-03 -2.6370242238044739e-02 9.2219841480255127e-01 2.8220000000000000e+03 1.1230261993408203e+02
9.9989593029022217e-01 -1.0708436369895935e-02 -9.6760923042893410e-03 9.0923911333084106e-01 9.9953395128250122e-01 1.6005843877792358e-02 -2.5997165590524673e-02 9.2609763145446777e-01 4.3000000000000000e+03 8.5193717956542969e+01
-9.9956613779067993e-01 -2.8521804139018059e-02 -7.3498953133821487e-03 1.5475659370422363e+00 -9.9914455413818359e-01 -2.8535732999444008e-02 -2.9928965494036674e-02 1.5215492248535156e+00 1.8660000000000000e+03 2.1565219116210938e+02
9.9979043006896973e-01 1.6415568825323135e-04 -2.0473632961511612e-02 9.1194224357604980e-01 9.9984163045883179e-01 1.4694777317345142e-02 -1.0035882703959942e-02 9.3435680866241455e-01 4.3840000000000000e+03 8.2555183410644531e+01
-9.9922180175781250e-01 -3.9178576320409775e-02 4.5607914216816425e-03 1.5384584665298462e+00 -9.9837672710418701e-01 -2.6163788512349129e-02 -5.0590343773365021e-02 1.5328043699264526e+00 2.2810000000000000e+03 2.0806826782226562e+02
9.9983799457550049e-01 -1.7929248511791229e-02 1.6299232374876738e-03 8.8997316360473633e-01 9.9955874681472778e-01 1.3694139197468758e-02 -2.6358908042311668e-02 9.2513817548751831e-01 1.6020000000000000e+03 8.7372657775878906e+01
9.9982863664627075e-01 -1.2971342541277409e-02 -1.3207340613007545e-02 9.0463823080062866e-01 9.9924814701080322e-01 2.6101341471076012e-02 -2.8669431805610657e-02 9.2320352792739868e-01 2.5090000000000000e+03 7.6145553588867188e+01
9.9986541271209717e-01 -4.6535027213394642e-03 -1.5735428780317307e-02 9.0467387437820435e-01 9.9966388940811157e-01 1.4812936075031757e-02 -2.1278236061334610e-02 9.2192256450653076e-01 3.0730000000000000e+03 7.7785552978515625e+01
9.9986195564270020e-01 -4.5774234458804131e-03 -1.5969939529895782e-02 9.0829557180404663e-01 9.9953085184097290e-01 2.3169482126832008e-02 -2.0032767206430435e-02 9.2932766675949097e-01 2.6870000000000000e+03 5.9426868438720703e+01
9.9984383583068848e-01 -2.9514627531170845e-03 -1.7425071448087692e-02 9.1773390769958496e-01 9.9959576129913330e-01 1.8723435699939728e-02 -2.1398479118943214e-02 9.3444073200225830e-01 3.6210000000000000e+03 8.4539955139160156e+01
9.9982190132141113e-01 -1.8821131438016891e-02 1.3776372652500868e-03 9.0480673313140869e-01 9.9855339527130127e-01 2.7819713577628136e-02 -4.6011716127395630e-02 9.2770540714263916e-01 1.5820000000000000e+03 8.4851623535156250e+01
9.9994349479675293e-01 -1.0320692323148251e-02 2.5578918866813183e-03 8.8906383514404297e-01 9.9928432703018188e-01 2.1671636030077934e-02 -3.1003884971141815e-02 9.3006294965744019e-01 2.9910000000000000e+03 7.4537277221679688e+01
9.9996447563171387e-01 -8.4196841344237328e-03 -1.5264628746081144e-04 8.8985538482666016e-01 9.9939882755279541e-01 2.1911742165684700e-02 -2.6866797357797623e-02 9.2908334732055664e-01 3.0720000000000000e+03 7.4989257812500000e+01
9.9990630149841309e-01 -9.6622388809919357e-03 -9.6995402127504349e-03 8.9979749917984009e-01 9.9944460391998291e-01 2.1303351968526840e-02 -2.5626339018344879e-02 9.3020474910736084e-01 3.5440000000000000e+03 7.5465858459472656e+01
9.9993884563446045e-01 -9.0993857011198997e-03 -6.2831486575305462e-03 9.0088981389999390e-01 9.9945086240768433e-01 1.8323581665754318e-02 -2.7609154582023621e-02 9.2845964431762695e-01 3.6110000000000000e+03 7.6409011840820312e+01
9.9992501735687256e-01 -6.9213835522532463e-03 -1.0095409117639065e-02 9.0523922443389893e-01 9.9935561418533325e-01 1.9026774913072586e-02 -3.0436970293521881e-02 9.3163037300109863e-01 4.2320000000000000e+03 8.7255348205566406e+01
9.9961286783218384e-01 -7.4028605595231056e-03 -2.6819853112101555e-02 9.0414863824844360e-01 9.9948894977569580e-01 2.6108810678124428e-02 -1.8439086154103279e-02 9.4380307197570801e-01 2.3390000000000000e+03 1.0447200012207031e+02
9.9998170137405396e-01 -5.1322658546268940e-03 3.2054793555289507e-03 8.8740074634552002e-01 9.9970829486846924e-01 1.5254170633852482e-02 -1.8727218732237816e-02 9.2973679304122925e-01 1.9580000000000000e+03 7.6202537536621094e+01
9.9994683265686035e-01 -3.9647482335567474e-03 9.5164803788065910e-03 8.7589526176452637e-01 9.9969226121902466e-01 1.2907766737043858e-02 -2.1185882389545441e-02 9.2942202091217041e-01 1.9300000000000000e+03 7.6717262268066406e+01
9.9994564056396484e-01 -4.5184055343270302e-03 -9.3924039974808693e-03 9.0046322345733643e-01 9.9974507093429565e-01 1.4784522354602814e-02 -1.7064930871129036e-02 9.3404632806777954e-01 2.7360000000000000e+03 8.3827171325683594e+01
9.9990451335906982e-01 -1.3548935763537884e-02 -2.7355707716196775e-03 8.8767915964126587e-01 9.9938744306564331e-01 2.0482743158936501e-02 -2.8379091992974281e-02 9.2316871881484985e-01 3.7040000000000000e+03 7.7357177734375000e+01
-9.9953842163085938e-01 -1.8484348431229591e-02 -2.4111559614539146e-02 1.5519273281097412e+00 -9.9921882152557373e-01 -2.7876364067196846e-02 -2.8010150417685509e-02 1.6154493093490601e+00 1.8700000000000000e+03 1.8918475341796875e+02
9.9988579750061035e-01 -1.2125013396143913e-02 -9.0240556746721268e-03 8.9668750762939453e-01 9.9943041801452637e-01 2.1096903830766678e-02 -2.6336656883358955e-02 9.2456322908401489e-01 2.4670000000000000e+03 8.2736602783203125e+01
-9.9971938133239746e-01 -2.3642016574740410e-02 -1.4611713122576475e-03 1.4645594358444214e+00 -9.9923497438430786e-01 -2.4354243651032448e-02 -3.0600463971495628e-02 1.6124725341796875e+00 1.0450000000000000e+03 1.9594053649902344e+02
9.9989777803421021e-01 -8.9456420391798019e-03 -1.1157093569636345e-02 8.8858133554458618e-01 9.9963235855102539e-01 1.8435465171933174e-02 -1.9882809370756149e-02 9.2719060182571411e-01 1.2780000000000000e+03 8.5777839660644531e+01
9.9998927116394043e-01 -4.1421907953917980e-03 -2.0591649226844311e-03 8.9090389013290405e-01 9.9953591823577881e-01 1.7343344166874886e-02 -2.5043740868568420e-02 9.2772966623306274e-01 1.4870000000000000e+03 8.6596115112304688e+01
9.9984449148178101e-01 -1.6882665455341339e-02 5.0996509380638599e-03 8.7040412425994873e-01 9.9949407577514648e-01 1.8306208774447441e-02 -2.6011560112237930e-02 9.2945659160614014e-01 1.9250000000000000e+03 8.6460166931152344e+01
9.9991536140441895e-01 -9.0202074497938156e-03 -9.3761887401342392e-03 8.9467400312423706e-01 9.9949252605438232e-01 1.8537055701017380e-02 -2.5908509269356728e-02 9.2992603778839111e-01 4.0180000000000000e+03 8.7419860839843750e+01
-9.9949437379837036e-01 -3.1794842332601547e-02 2.9144709696993232e-04 1.5447181463241577e+00 -9.9957132339477539e-01 -2.9156588017940521e-02 -2.6319203898310661e-03 1.5143034458160400e+00 1.1000000000000000e+03 2.0360614013671875e+02
9.9986499547958374e-01 -1.1516122147440910e-02 -1.1722284369170666e-02 8.9733040332794189e-01 9.9943947792053223e-01 2.1315738558769226e-02 -2.5811536237597466e-02 9.2875653505325317e-01 4.9410000000000000e+03 8.9143692016601562e+01
-9.9988692998886108e-01 -1.2648667208850384e-02 8.1306202337145805e-03 1.5260274410247803e+00 -9.9995934963226318e-01 1.0234591318294406e-03 8.9586768299341202e-03 1.4816268682479858e+00 1.6340000000000000e+03 2.0397940063476562e+02
9.9989122152328491e-01 -8.4823118522763252e-03 -1.2061541900038719e-02 9.0021157264709473e-01 9.9950975179672241e-01 1.7841106280684471e-02 -2.5731524452567101e-02 9.2767339944839478e-01 5.4710000000000000e+03 8.8154998779296875e+01
9.9991971254348755e-01 -4.9533783458173275e-03 -1.1663336306810379e-02 9.0451234579086304e-01 9.9971824884414673e-01 1.2000571936368942e-02 -2.0479500293731689e-02 9.2178642749786377e-01 4.9860000000000000e+03 8.6608703613281250e+01
9.9993216991424561e-01 -8.3126612007617950e-03 -8.1654991954565048e-03 8.9400178194046021e-01 9.9959069490432739e-01 1.4537478797137737e-02 -2.4637019261717796e-02 9.2269229888916016e-01 4.4190000000000000e+03 8.7424674987792969e+01
-9.9956816434860229e-01 -2.8397742658853531e-02 -7.5574805960059166e-03 1.5510423183441162e+00 -9.9886077642440796e-01 -4.3784890323877335e-02 -1.8972577527165413e-02 1.6325836181640625e+00 1.4780000000000000e+03 2.1007374572753906e+02
9.9994200468063354e-01 -4.0154922753572464e-03 -9.9967084825038910e-03 8.9820116758346558e-01 9.9968206882476807e-01 1.3246128335595131e-02 -2.1450750529766083e-02 9.2639857530593872e-01 4.7720000000000000e+03 8.7668197631835938e+01
-9.9915993213653564e-01 -3.9920110255479813e-02 -9.2630740255117416e-03 1.5410317182540894e+00 -9.9893045425415039e-01 -4.0223225951194763e-02 -2.2806169465184212e-02 1.6359857320785522e+00 1.6370000000000000e+03 2.0929443359375000e+02
9.9993646144866943e-01 -2.6448520366102457e-03 -1.0959240607917309e-02 9.0143299102783203e-01 9.9964809417724609e-01 1.1310693807899952e-02 -2.3995190858840942e-02 9.3531233072280884e-01 4.5850000000000000e+03 8.9961174011230469e+01
-9.9934238195419312e-01 -3.3808480948209763e-02 -1.3108214363455772e-02 1.5606180429458618e+00 -9.9855309724807739e-01 -1.2323585338890553e-02 -5.2343975752592087e-02 1.7194477319717407e+00 1.4490000000000000e+03 2.2551069641113281e+02
9.9987459182739258e-01 -1.0387687012553215e-02 -1.1948386207222939e-02 9.0148836374282837e-01 9.9942868947982788e-01 1.7789464443922043e-02 -2.8737463057041168e-02 9.3482458591461182e-01 4.1820000000000000e+03 9.3892875671386719e+01
-9.9979108572006226e-01 -2.0088968798518181e-02 -3.7734301295131445e-03 1.5308419466018677e+00 -9.9872374534606934e-01 -1.1437206529080868e-02 -4.9195382744073868e-02 1.7172002792358398e+00 1.1100000000000000e+03 2.2822186279296875e+02
9.9993455410003662e-01 8.9538109023123980e-04 -1.1404703371226788e-02 8.9909642934799194e-01 9.9953496456146240e-01 2.1886315196752548e-02 -2.1233888342976570e-02 9.2484468221664429e-01 1.4060000000000000e+03 7.9492858886718750e+01
7.7128331176936626e-03 -7.0130640268325806e-01 -7.1281820535659790e-01 1.2054542303085327e+00 -2.3142049089074135e-02 9.9791270494461060e-01 -6.0288000851869583e-02 1.2299776077270508e+00 1.8680000000000000e+03 1.6270022583007812e+02
9.9997287988662720e-01 8.2832307089120150e-04 -7.3203989304602146e-03 8.9845877885818481e-01 9.9965876340866089e-01 1.7921162769198418e-02 -1.9005889073014259e-02 9.2094582319259644e-01 1.4810000000000000e+03 7.9525482177734375e+01
-6.4217357430607080e-04 -7.4582529067993164e-01 -6.6614115238189697e-01 1.1149611473083496e+00 -2.0130636170506477e-02 9.9722635746002197e-01 -7.1654796600341797e-02 1.2194761037826538e+00 1.7830000000000000e+03 1.2488671112060547e+02
1.2158536352217197e-02 -7.0139408111572266e-01 -7.1266996860504150e-01 1.2929427623748779e+00 -2.0130636170506477e-02 9.9722635746002197e-01 -7.1654796600341797e-02 1.2194761037826538e+00 2.2640000000000000e+03 1.5530546569824219e+02
9.9996554851531982e-01 -2.1411047782748938e-04 -8.2957763224840164e-03 8.9818215370178223e-01 9.9960112571716309e-01 1.6857160255312920e-02 -2.2657718509435654e-02 9.3213999271392822e-01 2.6550000000000000e+03 9.0692481994628906e+01
7.3664439842104912e-03 -8.2944434881210327e-01 -5.5854082107543945e-01 1.2136801481246948e+00 -1.1025178246200085e-02 9.6197652816772461e-01 -2.7290952205657959e-01 1.2538959980010986e+00 5.4420000000000000e+03 1.6960630798339844e+02
9.9991130828857422e-01 -4.8330539721064270e-04 -1.3308916240930557e-02 9.0092009305953979e-01 9.9970024824142456e-01 2.0267603918910027e-02 -1.3735475018620491e-02 9.1614013910293579e-01 3.2630000000000000e+03 8.7883720397949219e+01
-9.9923175573348999e-01 -3.7088748067617416e-02 -1.2661295011639595e-02 1.5868756771087646e+00 -9.9898838996887207e-01 -1.4951848424971104e-02 -4.2412377893924713e-02 1.5090620517730713e+00 1.7670000000000000e+03 1.9204299926757812e+02
9.9997967481613159e-01 -3.4627462737262249e-03 -5.3543993271887302e-03 9.0000998973846436e-01 9.9963700771331787e-01 1.2207845225930214e-02 -2.4017095565795898e-02 9.2157202959060669e-01 5.0130000000000000e+03 8.9042503356933594e+01
9.9982535839080811e-01 -1.8224146217107773e-02 4.1275531984865665e-03 8.6833441257476807e-01 9.9943315982818604e-01 2.6314370334148407e-02 -2.0999517291784286e-02 9.3720042705535889e-01 1.7910000000000000e+03 8.4914871215820312e+01
9.9975454807281494e-01 -2.2106060758233070e-02 1.5055759577080607e-03 9.0271639823913574e-01 9.9920016527175903e-01 1.1214317753911018e-02 -3.8382921367883682e-02 9.2059862613677979e-01 2.4520000000000000e+03 7.7024879455566406e+01
9.9987095594406128e-01 -1.4190991409122944e-02 -7.5311958789825439e-03 8.8896000385284424e-01 9.9918919801712036e-01 3.0378311872482300e-02 -2.6422042399644852e-02 9.3003642559051514e-01 2.5690000000000000e+03 1.0092510986328125e+02
9.9990105628967285e-01 -1.3612593524158001e-02 3.5467841662466526e-03 8.8102996349334717e-01 9.9937295913696289e-01 1.7183858901262283e-02 -3.0958395451307297e-02 9.2913043498992920e-01 1.4480000000000000e+03 9.7189224243164062e+01
9.9993991851806641e-01 -9.8827108740806580e-03 -4.7364295460283756e-03 8.9502632617950439e-01 9.9946105480194092e-01 1.4503666199743748e-02 -2.9449589550495148e-02 9.2678552865982056e-01 2.2820000000000000e+03 8.4885383605957031e+01
-5.0483453087508678e-03 -7.9109883308410645e-01 -6.1166751384735107e-01 1.0765918493270874e+00 -7.7258110977709293e-03 9.8273342847824097e-01 -1.8486569821834564e-01 1.1533141136169434e+00 3.4930000000000000e+03 1.2684123992919922e+02
1.8714938312768936e-02 -7.7258056402206421e-01 -6.3464081287384033e-01 1.1046183109283447e+00 -7.7258110977709293e-03 9.8273342847824097e-01 -1.8486569821834564e-01 1.1533141136169434e+00 4.2140000000000000e+03 1.7533940124511719e+02
9.9982476234436035e-01 -6.5362295135855675e-03 -1.7541982233524323e-02 9.0703123807907104e-01 9.9962335824966431e-01 1.0916418395936489e-02 -2.5177896022796631e-02 9.3228948116302490e-01 2.3970000000000000e+03 1.1679224395751953e+02
1.0070789139717817e-03 -9.3133974075317383e-01 -3.6415001749992371e-01 1.0343858003616333e+00 -2.0279314368963242e-02 8.9002597332000732e-01 -4.5545864105224609e-01 1.0665122270584106e+00 6.8800000000000000e+03 1.7164404296875000e+02
9.9986547231674194e-01 -8.3729755133390427e-03 -1.4101306907832623e-02 9.0241801738739014e-01 9.9972927570343018e-01 2.0441394299268723e-02 -1.1114273220300674e-02 9.0950065851211548e-01 2.7750000000000000e+03 9.7320960998535156e+01
9.9989503622055054e-01 -1.1638303287327290e-02 -8.6326897144317627e-03 9.0484279394149780e-01 9.9942332506179810e-01 1.8560124561190605e-02 -2.8434894979000092e-02 9.3248331546783447e-01 3.7410000000000000e+03 9.2912590026855469e+01
9.9967658519744873e-01 -1.2296773493289948e-02 -2.2258218377828598e-02 9.2019337415695190e-01 9.9935519695281982e-01 2.8417058289051056e-02 -2.1945651620626450e-02 9.3868637084960938e-01 1.7860000000000000e+03 7.8892417907714844e+01
9.9982666969299316e-01 -1.8257290124893188e-02 -3.6456703674048185e-03 9.0701276063919067e-01 9.9923646450042725e-01 2.2524645552039146e-02 -3.1923290342092514e-02 9.2431479692459106e-01 2.3830000000000000e+03 7.6892250061035156e+01
9.9990493059158325e-01 -1.1596826836466789e-02 -7.4590244330465794e-03 9.0176260471343994e-01 9.9979490041732788e-01 8.6990268900990486e-03 -1.8284898251295090e-02 9.1396617889404297e-01 1.8360000000000000e+03 1.0003861999511719e+02
9.9988734722137451e-01 -1.2949205003678799e-02 -7.5855148024857044e-03 9.0137529373168945e-01 9.9955976009368896e-01 1.3615386560559273e-02 -2.6360221207141876e-02 9.2179048061370850e-01 3.5120000000000000e+03 8.5309951782226562e+01
9.9983906745910645e-01 -8.1630190834403038e-03 -1.5976902097463608e-02 9.0495085716247559e-01 9.9965208768844604e-01 1.5477761626243591e-02 -2.1356586366891861e-02 9.2808037996292114e-01 4.3750000000000000e+03 8.6184394836425781e+01
9.9986183643341064e-01 -7.8319162130355835e-03 -1.4662890695035458e-02 9.0667891502380371e-01 9.9956470727920532e-01 1.5356613323092461e-02 -2.5191083550453186e-02 9.3201589584350586e-01 4.1000000000000000e+03 8.6476852416992188e+01
9.9979174137115479e-01 -1.4888702891767025e-02 -1.3950305059552193e-02 8.9271056652069092e-01 9.9950361251831055e-01 1.9385963678359985e-02 -2.4834344163537025e-02 9.2731356620788574e-01 3.5320000000000000e+03 8.6008666992187500e+01
9.9988275766372681e-01 -1.2313637882471085e-02 -9.1072591021656990e-03 8.9394420385360718e-01 9.9949485063552856e-01 1.7820764333009720e-02 -2.6315417140722275e-02 9.2531305551528931e-01 2.2210000000000000e+03 8.5708930969238281e+01
9.9983531236648560e-01 -9.7719347104430199e-03 -1.5291636809706688e-02 9.0226805210113525e-01 9.9952697753906250e-01 1.7967497929930687e-02 -2.4958930909633636e-02 9.2948526144027710e-01 3.5990000000000000e+03 8.5636222839355469e+01
9.9990385770797729e-01 -8.8665531948208809e-03 -1.0659567080438137e-02 8.9476048946380615e-01 9.9953180551528931e-01 1.6978897154331207e-02 -2.5454452261328697e-02 9.2744821310043335e-01 3.5380000000000000e+03 8.5690521240234375e+01
9.9992746114730835e-01 -9.0356934815645218e-03 -7.9738479107618332e-03 8.9266383647918701e-01 9.9953013658523560e-01 1.6983438283205032e-02 -2.5515329092741013e-02 9.2629218101501465e-01 3.8230000000000000e+03 8.3042114257812500e+01
9.9987035989761353e-01 -1.1007697321474552e-02 -1.1749145574867725e-02 8.9571386575698853e-01 9.9952346086502075e-01 2.0642558112740517e-02 -2.2948289290070534e-02 9.1964828968048096e-01 4.4460000000000000e+03 8.0209403991699219e+01
9.9987506866455078e-01 -9.0901441872119904e-03 -1.2934627011418343e-02 8.9595627784729004e-01 9.9958240985870361e-01 1.9386246800422668e-02 -2.1426370367407799e-02 9.2269921302795410e-01 4.9200000000000000e+03 8.6587661743164062e+01
-9.9991977214813232e-01 -1.2234018184244633e-02 3.2706928905099630e-03 1.5534688234329224e+00 -9.9837774038314819e-01 -2.8461275622248650e-02 -4.9313988536596298e-02 1.6676919460296631e+00 1.4220000000000000e+03 2.0141711425781250e+02
9.9987715482711792e-01 -1.0647901333868504e-02 -1.1503771878778934e-02 8.9628070592880249e-01 9.9951487779617310e-01 2.0516173914074898e-02 -2.3432403802871704e-02 9.2482316493988037e-01 4.6080000000000000e+03 9.1770179748535156e+01
-9.9976134300231934e-01 -1.5672774985432625e-02 -1.5221896581351757e-02 1.6085371971130371e+00 -9.9872887134552002e-01 -3.6756426095962524e-02 -3.4491162747144699e-02 1.6116319894790649e+00 1.7790000000000000e+03 2.0535646057128906e+02
9.9987769126892090e-01 -1.0861001908779144e-02 -1.1257941834628582e-02 8.9607322216033936e-01 9.9955731630325317e-01 1.9186142832040787e-02 -2.2737065330147743e-02 9.2750370502471924e-01 5.0670000000000000e+03 8.6173423767089844e+01
-9.9984681606292725e-01 -1.5367927961051464e-02 8.3767538890242577e-03 1.5349861383438110e+00 -9.9799603223800659e-01 -1.9636588171124458e-02 -6.0152523219585419e-02 1.6762160062789917e+00 1.1010000000000000e+03 2.1881925964355469e+02
9.9983948469161987e-01 -1.3643145561218262e-02 -1.1610251851379871e-02 8.9431095123291016e-01 9.9934560060501099e-01 2.2304721176624298e-02 -2.8477400541305542e-02 9.3479532003402710e-01 5.3200000000000000e+03 8.6680450439453125e+01
9.9986046552658081e-01 -1.1667263694107533e-02 -1.1954499408602715e-02 8.9529806375503540e-01 9.9951779842376709e-01 1.9333135336637497e-02 -2.4298308417201042e-02 9.2673903703689575e-01 4.7710000000000000e+03 8.0882415771484375e+01
9.9990040063858032e-01 -1.0489494539797306e-02 -9.4440225511789322e-03 8.9939165115356445e-01 9.9960839748382568e-01 1.4282138086855412e-02 -2.4061983451247215e-02 9.1473978757858276e-01 2.4660000000000000e+03 7.8421638488769531e+01
9.9993258714675903e-01 -5.2488222718238831e-03 -1.0365510359406471e-02 8.9350229501724243e-01 9.9961817264556885e-01 1.8351607024669647e-02 -2.0655522122979164e-02 9.2635750770568848e-01 3.0950000000000000e+03 7.6075927734375000e+01
9.9987745285034180e-01 -8.7761776521801949e-03 -1.2960232794284821e-02 8.9619535207748413e-01 9.9944859743118286e-01 3.1300805509090424e-02 -1.1078378185629845e-02 9.0658265352249146e-01 1.4600000000000000e+03 8.8853973388671875e+01
9.9987804889678955e-01 -1.3074959628283978e-02 -8.5518751293420792e-03 8.9734923839569092e-01 9.9945789575576782e-01 2.0138544961810112e-02 -2.6042070239782333e-02 9.2172157764434814e-01 4.3250000000000000e+03 8.8859901428222656e+01
-9.9957990646362305e-01 -2.7483755722641945e-02 -9.2056971043348312e-03 1.5670026540756226e+00 -9.9926769733428955e-01 -3.0451210215687752e-02 -2.3171132430434227e-02 1.5190070867538452e+00 2.4170000000000000e+03 1.9944305419921875e+02
9.9972778558731079e-01 4.1246796026825905e-03 -2.2961715236306190e-02 9.0214002132415771e-01 9.9984455108642578e-01 1.6083234921097755e-02 -7.2259004227817059e-03 9.3335461616516113e-01 3.8150000000000000e+03 8.7605453491210938e+01
-9.9948424100875854e-01 -3.2084207981824875e-02 1.3808095827698708e-03 1.5743604898452759e+00 -9.9842834472656250e-01 -2.8808889910578728e-02 -4.8070959746837616e-02 1.5303909778594971e+00 1.7020000000000000e+03 2.1919036865234375e+02
9.9980020523071289e-01 -1.9904358312487602e-02 -1.8692319281399250e-03 8.9285570383071899e-01 9.9950170516967773e-01 1.5870856121182442e-02 -2.7284728363156319e-02 9.2285931110382080e-01 1.7140000000000000e+03 8.8028007507324219e+01
9.9979621171951294e-01 -6.3998373225331306e-03 -1.9143003970384598e-02 9.1558063030242920e-01 9.9934399127960205e-01 2.3048987612128258e-02 -2.7933074161410332e-02 9.3267172574996948e-01 1.4550000000000000e+03 7.0281471252441406e+01
9.9986016750335693e-01 -1.6151126474142075e-02 -4.3309731408953667e-03 8.8838893175125122e-01 9.9922686815261841e-01 2.6882575824856758e-02 -2.8686609119176865e-02 9.2314910888671875e-01 1.8100000000000000e+03 7.2895393371582031e+01
9.9992442131042480e-01 -6.6661499440670013e-03 -1.0329190641641617e-02 8.9314562082290649e-01 9.9962717294692993e-01 1.7064450308680534e-02 -2.1313438192009926e-02 9.2041307687759399e-01 3.0920000000000000e+03 8.0395660400390625e+01
9.9990355968475342e-01 -8.4457919001579285e-03 -1.1019438505172729e-02 8.9974254369735718e-01 9.9950414896011353e-01 2.7925383299589157e-02 -1.4546731486916542e-02 9.1487270593643188e-01 1.5830000000000000e+03 5.5841888427734375e+01
9.9975383281707764e-01 -3.7025732453912497e-03 -2.1874815225601196e-02 9.2026406526565552e-01 9.9958646297454834e-01 1.9633686169981956e-02 -2.1011587232351303e-02 9.3524491786956787e-01 3.6050000000000000e+03 8.4182647705078125e+01
9.9957406520843506e-01 -2.7444416657090187e-02 -9.9218804389238358e-03 9.1071677207946777e-01 9.9861800670623779e-01 3.0345283448696136e-02 -4.2910695075988770e-02 9.2828357219696045e-01 3.3380000000000000e+03 8.3590255737304688e+01
9.9976539611816406e-01 -2.0192012190818787e-02 -7.8378990292549133e-03 8.9288938045501709e-01 9.9927395582199097e-01 2.4233089759945869e-02 -2.9397409409284592e-02 9.3052381277084351e-01 3.0970000000000000e+03 8.9238403320312500e+01
9.9985641241073608e-01 -1.3494379818439484e-02 -1.0249887593090534e-02 8.9935672283172607e-01 9.9943417310714722e-01 1.9158979877829552e-02 -2.7644092217087746e-02 9.2809885740280151e-01 3.3570000000000000e+03 9.3718582153320312e+01
9.9984836578369141e-01 -6.7507517524063587e-03 -1.6052199527621269e-02 9.0793591737747192e-01 9.9960219860076904e-01 1.8703065812587738e-02 -2.1111445501446724e-02 9.2612707614898682e-01 2.8740000000000000e+03 8.5806823730468750e+01
9.9999356269836426e-01 -1.5346292639151216e-03 3.2483842223882675e-03 8.8228595256805420e-01 9.9963814020156860e-01 1.4055675826966763e-02 -2.2934818640351295e-02 9.2776781320571899e-01 1.0940000000000000e+03 8.6865867614746094e+01
9.9989485740661621e-01 -9.4325253739953041e-03 -1.1019887402653694e-02 8.9821708202362061e-01 9.9952346086502075e-01 1.8005648627877235e-02 -2.5075821205973625e-02 9.2864781618118286e-01 3.6000000000000000e+03 8.7366386413574219e+01
9.9983316659927368e-01 -1.3925900682806969e-02 -1.1816183105111122e-02 8.9946252107620239e-01 9.9935847520828247e-01 2.1824399009346962e-02 -2.8396768495440483e-02 9.2970049381256104e-01 4.7750000000000000e+03 8.5275215148925781e+01
-9.9993938207626343e-01 -1.0119923390448093e-02 -4.3365517631173134e-03 1.5461235046386719e+00 -9.9848008155822754e-01 -1.2843008153140545e-02 -5.3596589714288712e-02 1.6713292598724365e+00 1.4280000000000000e+03 2.1979202270507812e+02
