9.9985492229461670e-01 -1.2841040268540382e-02 -1.1191567406058311e-02 9.0841245651245117e-01 9.9960553646087646e-01 1.8404165282845497e-02 2.1215319633483887e-02 8.7243282794952393e-01 1.8620000000000000e+03 8.8432579040527344e+01
9.9974167346954346e-01 -2.0210362970829010e-02 -1.0403325781226158e-02 8.8733285665512085e-01 9.9985271692276001e-01 7.7698691748082638e-03 1.5303400345146656e-02 8.7212508916854858e-01 2.2520000000000000e+03 1.2132460021972656e+02
9.9986219406127930e-01 5.3039719350636005e-03 -1.5725634992122650e-02 9.0766674280166626e-01 9.9999248981475830e-01 7.8498752554878592e-04 3.7982878275215626e-03 8.9189153909683228e-01 2.0550000000000000e+03 9.5698783874511719e+01
9.9990683794021606e-01 -9.3507124111056328e-03 -9.9498778581619263e-03 9.0452343225479126e-01 9.9993211030960083e-01 1.1248125694692135e-02 -3.0670687556266785e-03 9.0022480487823486e-01 1.2570000000000000e+03 8.5275253295898438e+01
9.9998587369918823e-01 -4.2196498252451420e-03 3.2191977370530367e-03 8.8579052686691284e-01 9.9965906143188477e-01 8.9653851464390755e-03 2.4526242166757584e-02 8.4555166959762573e-01 1.3220000000000000e+03 8.4816284179687500e+01
9.9990695714950562e-01 -1.2580154463648796e-02 5.2762366831302643e-03 8.8271230459213257e-01 9.9990612268447876e-01 1.3659327290952206e-02 1.0506036924198270e-03 8.8517224788665771e-01 1.4810000000000000e+03 9.4360565185546875e+01
9.9986541271209717e-01 -4.6535027213394642e-03 -1.5735428780317307e-02 9.0467387437820435e-01 9.9981927871704102e-01 1.9002275541424751e-02 3.7548394175246358e-04 9.0338295698165894e-01 1.5720000000000000e+03 6.9362487792968750e+01
9.9986195564270020e-01 -4.5774234458804131e-03 -1.5969939529895782e-02 9.0829557180404663e-01 9.9998533725738525e-01 -3.2396614551544189e-03 4.3508294038474560e-03 8.9672142267227173e-01 1.4370000000000000e+03 9.9968681335449219e+01
9.9994349479675293e-01 -1.0320692323148251e-02 2.5578918866813183e-03 8.8906383514404297e-01 9.9984985589981079e-01 1.6767645254731178e-02 -4.3623610399663448e-03 8.9800667762756348e-01 2.9910000000000000e+03 1.0040465545654297e+02
9.9996447563171387e-01 -8.4196841344237328e-03 -1.5264628746081144e-04 8.8985538482666016e-01 9.9992340803146362e-01 1.2153606861829758e-02 -2.3237569257616997e-03 8.9053410291671753e-01 3.0720000000000000e+03 1.0168852233886719e+02
9.9990630149841309e-01 -9.6622388809919357e-03 -9.6995402127504349e-03 8.9979749917984009e-01 9.9997979402542114e-01 5.9186406433582306e-03 2.3125431034713984e-03 8.9100915193557739e-01 2.1200000000000000e+03 1.1636132049560547e+02
9.9993884563446045e-01 -9.0993857011198997e-03 -6.2831486575305462e-03 9.0088981389999390e-01 9.9998575448989868e-01 5.3409207612276077e-03 -1.9165128469467163e-04 8.8959378004074097e-01 1.7490000000000000e+03 1.2027729797363281e+02
9.9990451335906982e-01 -1.3548935763537884e-02 -2.7355707716196775e-03 8.8767915964126587e-01 9.9957674741744995e-01 2.7560200542211533e-02 9.3118986114859581e-03 8.6515307426452637e-01 2.6010000000000000e+03 7.7357177734375000e+01
9.9988579750061035e-01 -1.2125013396143913e-02 -9.0240556746721268e-03 8.9668750762939453e-01 9.9977129697799683e-01 2.0856324583292007e-02 -4.7307899221777916e-03 9.0249502658843994e-01 2.4670000000000000e+03 9.5099472045898438e+01
9.9984449148178101e-01 -1.6882665455341339e-02 5.0996509380638599e-03 8.7040412425994873e-01 9.9985760450363159e-01 1.6567494720220566e-02 -3.1813215464353561e-03 8.9393979310989380e-01 1.9250000000000000e+03 7.9806755065917969e+01
9.9991536140441895e-01 -9.0202074497938156e-03 -9.3761887401342392e-03 8.9467400312423706e-01 9.9994629621505737e-01 9.0187378227710724e-03 -5.1112202927470207e-03 8.9815151691436768e-01 2.7640000000000000e+03 9.5731185913085938e+01
-9.9949437379837036e-01 -3.1794842332601547e-02 2.9144709696993232e-04 1.5447181463241577e+00 -9.9879610538482666e-01 -3.0096050351858139e-02 -3.8737967610359192e-02 1.6249551773071289e+00 1.0610000000000000e+03 2.3103298950195312e+02
9.9986499547958374e-01 -1.1516122147440910e-02 -1.1722284369170666e-02 8.9733040332794189e-01 9.9959903955459595e-01 2.6303783059120178e-02 1.0482142679393291e-02 8.7651401758193970e-01 1.2350000000000000e+03 8.9143692016601562e+01
9.9989122152328491e-01 -8.4823118522763252e-03 -1.2061541900038719e-02 9.0021157264709473e-01 9.9988412857055664e-01 1.5105713158845901e-02 1.9011535914614797e-03 8.8465476036071777e-01 2.6630000000000000e+03 8.8154998779296875e+01
9.9991971254348755e-01 -4.9533783458173275e-03 -1.1663336306810379e-02 9.0451234579086304e-01 9.9988532066345215e-01 7.8754760324954987e-03 1.2936943210661411e-02 8.4907341003417969e-01 2.2460000000000000e+03 8.6608703613281250e+01
9.9993216991424561e-01 -8.3126612007617950e-03 -8.1654991954565048e-03 8.9400178194046021e-01 9.9987840652465820e-01 1.5372273512184620e-02 -2.6213063392788172e-03 8.9233261346817017e-01 3.0980000000000000e+03 8.8979019165039062e+01
9.9994200468063354e-01 -4.0154922753572464e-03 -9.9967084825038910e-03 8.9820116758346558e-01 9.9990582466125488e-01 -5.2403844892978668e-03 1.2680388987064362e-02 8.6836975812911987e-01 1.6000000000000000e+03 9.5541877746582031e+01
9.9997287988662720e-01 8.2832307089120150e-04 -7.3203989304602146e-03 8.9845877885818481e-01 9.9981158971786499e-01 1.9405206665396690e-02 -3.3001697738654912e-04 8.8416087627410889e-01 1.4810000000000000e+03 7.1485542297363281e+01
9.9996554851531982e-01 -2.1411047782748938e-04 -8.2957763224840164e-03 8.9818215370178223e-01 9.9949330091476440e-01 7.0732156746089458e-03 3.1034711748361588e-02 8.2728093862533569e-01 1.6630000000000000e+03 9.8246543884277344e+01
9.9991130828857422e-01 -4.8330539721064270e-04 -1.3308916240930557e-02 9.0092009305953979e-01 9.9966818094253540e-01 2.5569390505552292e-02 3.1400134321302176e-03 8.9058494567871094e-01 1.3140000000000000e+03 8.7883720397949219e+01
9.9997967481613159e-01 -3.4627462737262249e-03 -5.3543993271887302e-03 9.0000998973846436e-01 9.9976873397827148e-01 1.9352443516254425e-02 -9.3727335333824158e-03 9.0018922090530396e-01 5.2230000000000000e+03 8.9042503356933594e+01
9.9975454807281494e-01 -2.2106060758233070e-02 1.5055759577080607e-03 9.0271639823913574e-01 9.9914419651031494e-01 4.1020661592483521e-02 5.3062606602907181e-03 8.9803016185760498e-01 2.8030000000000000e+03 7.1343910217285156e+01
9.9987095594406128e-01 -1.4190991409122944e-02 -7.5311958789825439e-03 8.8896000385284424e-01 9.9980461597442627e-01 1.8962385132908821e-02 5.5921245366334915e-03 8.9397525787353516e-01 3.4580000000000000e+03 1.0092510986328125e+02
9.9986547231674194e-01 -8.3729755133390427e-03 -1.4101306907832623e-02 9.0241801738739014e-01 9.9983686208724976e-01 1.7904194071888924e-02 -2.4197984021157026e-03 8.9663994312286377e-01 1.7450000000000000e+03 9.7320960998535156e+01
9.9989503622055054e-01 -1.1638303287327290e-02 -8.6326897144317627e-03 9.0484279394149780e-01 9.9992614984512329e-01 1.0194639675319195e-02 -6.6125965677201748e-03 9.0484720468521118e-01 2.5610000000000000e+03 1.1746427154541016e+02
-2.0698223263025284e-02 9.9925339221954346e-01 3.2622057944536209e-02 5.7556092739105225e-01 1.9431989639997482e-02 -6.6399151086807251e-01 -7.4748754501342773e-01 6.1578446626663208e-01 1.8500000000000000e+03 1.4078001403808594e+02
9.9979174137115479e-01 -1.4888702891767025e-02 -1.3950305059552193e-02 8.9271056652069092e-01 9.9943894147872925e-01 2.3985128849744797e-02 2.3373857140541077e-02 8.6057019233703613e-01 1.9050000000000000e+03 6.7227348327636719e+01
9.9988275766372681e-01 -1.2313637882471085e-02 -9.1072591021656990e-03 8.9394420385360718e-01 9.9974155426025391e-01 2.2017000243067741e-02 5.6557753123342991e-03 8.8344877958297729e-01 2.2210000000000000e+03 6.7964881896972656e+01
9.9983531236648560e-01 -9.7719347104430199e-03 -1.5291636809706688e-02 9.0226805210113525e-01 9.9985939264297485e-01 1.6368625685572624e-02 3.6373569164425135e-03 8.8495117425918579e-01 3.5990000000000000e+03 7.8246215820312500e+01
9.9990385770797729e-01 -8.8665531948208809e-03 -1.0659567080438137e-02 8.9476048946380615e-01 9.9987804889678955e-01 1.4604398049414158e-02 5.5342214182019234e-03 8.8314521312713623e-01 3.5380000000000000e+03 8.5720314025878906e+01
9.9992746114730835e-01 -9.0356934815645218e-03 -7.9738479107618332e-03 8.9266383647918701e-01 9.9986714124679565e-01 1.5342721715569496e-02 5.4980576969683170e-03 8.7742125988006592e-01 3.5460000000000000e+03 7.8834182739257812e+01
9.9987035989761353e-01 -1.1007697321474552e-02 -1.1749145574867725e-02 8.9571386575698853e-01 9.9986588954925537e-01 1.4861993491649628e-02 6.8737161345779896e-03 8.8081568479537964e-01 3.9020000000000000e+03 8.0209403991699219e+01
9.9987506866455078e-01 -9.0901441872119904e-03 -1.2934627011418343e-02 8.9595627784729004e-01 9.9989509582519531e-01 1.2545360252261162e-02 7.2348429821431637e-03 8.8157904148101807e-01 4.1390000000000000e+03 8.6587661743164062e+01
9.9987715482711792e-01 -1.0647901333868504e-02 -1.1503771878778934e-02 8.9628070592880249e-01 9.9990922212600708e-01 1.2469789013266563e-02 5.1170801743865013e-03 8.8633340597152710e-01 3.3220000000000000e+03 9.3183326721191406e+01
9.9987769126892090e-01 -1.0861001908779144e-02 -1.1257941834628582e-02 8.9607322216033936e-01 9.9997061491012573e-01 5.7835280895233154e-03 5.0222170539200306e-03 8.8655084371566772e-01 2.1050000000000000e+03 1.1247458648681641e+02
9.9993258714675903e-01 -5.2488222718238831e-03 -1.0365510359406471e-02 8.9350229501724243e-01 9.9988919496536255e-01 1.4767673797905445e-02 1.8559588352218270e-03 8.8250082731246948e-01 2.7370000000000000e+03 7.7190719604492188e+01
-9.9954038858413696e-01 -2.6833588257431984e-02 -1.4106525108218193e-02 1.5946314334869385e+00 -9.9882763624191284e-01 -4.7387495636940002e-02 -9.8855057731270790e-03 1.4467171430587769e+00 1.4580000000000000e+03 1.9939712524414062e+02
9.9987745285034180e-01 -8.7761776521801949e-03 -1.2960232794284821e-02 8.9619535207748413e-01 9.9989014863967896e-01 1.3822200708091259e-02 5.3392611443996429e-03 8.8529723882675171e-01 2.8060000000000000e+03 8.8853973388671875e+01
9.9992442131042480e-01 -6.6661499440670013e-03 -1.0329190641641617e-02 8.9314562082290649e-01 9.9965029954910278e-01 2.5485023856163025e-02 7.0470273494720459e-03 8.8959258794784546e-01 1.3090000000000000e+03 7.1578590393066406e+01
9.9990355968475342e-01 -8.4457919001579285e-03 -1.1019438505172729e-02 8.9974254369735718e-01 9.9986737966537476e-01 1.5316134318709373e-02 -5.5452990345656872e-03 9.0644568204879761e-01 1.7400000000000000e+03 7.7433906555175781e+01
9.9989485740661621e-01 -9.4325253739953041e-03 -1.1019887402653694e-02 8.9821708202362061e-01 9.9985194206237793e-01 1.5948433429002762e-02 6.4692595042288303e-03 8.7713706493377686e-01 3.1520000000000000e+03 8.7366386413574219e+01
9.9983316659927368e-01 -1.3925900682806969e-02 -1.1816183105111122e-02 8.9946252107620239e-01 9.9951672554016113e-01 3.0657190829515457e-02 5.1348200067877769e-03 8.8875031471252441e-01 1.3350000000000000e+03 8.0361885070800781e+01
