9.9960553646087646e-01 1.8404165282845497e-02 2.1215319633483887e-02 8.7243282794952393e-01 9.9933791160583496e-01 2.3734942078590393e-02 -2.7575271204113960e-02 9.5161312818527222e-01 1.8620000000000000e+03 7.3853851318359375e+01
9.9986964464187622e-01 1.6003653407096863e-02 2.1568173542618752e-03 8.8251835107803345e-01 9.9975270032882690e-01 1.1895467527210712e-02 -1.8787639215588570e-02 9.2813163995742798e-01 2.5250000000000000e+03 7.4202774047851562e+01
9.9985271692276001e-01 7.7698691748082638e-03 1.5303400345146656e-02 8.7212508916854858e-01 9.9934875965118408e-01 2.5262782350182533e-02 -2.5766657665371895e-02 9.3748015165328979e-01 2.5850000000000000e+03 1.1256169891357422e+02
9.9999248981475830e-01 7.8498752554878592e-04 3.7982878275215626e-03 8.9189153909683228e-01 9.9955278635025024e-01 2.1633826196193695e-02 -2.0645113661885262e-02 9.3535733222961426e-01 2.0550000000000000e+03 9.5698783874511719e+01
9.9994146823883057e-01 1.0815224610269070e-02 -1.4126334281172603e-04 9.0222340822219849e-01 9.9921816587448120e-01 2.2607127204537392e-02 -3.2433833926916122e-02 9.3531036376953125e-01 1.2400000000000000e+03 8.2538711547851562e+01
9.9965906143188477e-01 8.9653851464390755e-03 2.4526242166757584e-02 8.4555166959762573e-01 9.9948817491531372e-01 1.1383075267076492e-02 -2.9898039996623993e-02 9.3269854784011841e-01 1.3880000000000000e+03 9.2172973632812500e+01
9.9967312812805176e-01 2.5320235639810562e-02 -3.5476777702569962e-03 8.9890837669372559e-01 9.9934047460556030e-01 1.5661468729376793e-02 -3.2764453440904617e-02 9.3772327899932861e-01 2.1010000000000000e+03 7.8952255249023438e+01
9.9976295232772827e-01 2.1428925916552544e-02 -3.8667533081024885e-03 9.0122544765472412e-01 9.9945676326751709e-01 1.8168864771723747e-02 -2.7497906237840652e-02 9.3190348148345947e-01 2.2490000000000000e+03 7.2800804138183594e+01
9.9990612268447876e-01 1.3659327290952206e-02 1.0506036924198270e-03 8.8517224788665771e-01 9.9961894750595093e-01 8.1569775938987732e-03 -2.6370242238044739e-02 9.2219841480255127e-01 1.4810000000000000e+03 1.1230261993408203e+02
-2.1906023845076561e-02 2.6778700947761536e-01 -9.6322906017303467e-01 1.2310959100723267e+00 -2.1118137985467911e-02 -9.3943297863006592e-01 -3.4208151698112488e-01 1.2514364719390869e+00 1.3810000000000000e+03 2.1383273315429688e+02
9.9981927871704102e-01 1.9002275541424751e-02 3.7548394175246358e-04 9.0338295698165894e-01 9.9966388940811157e-01 1.4812936075031757e-02 -2.1278236061334610e-02 9.2192256450653076e-01 1.5720000000000000e+03 7.7785552978515625e+01
9.9998533725738525e-01 -3.2396614551544189e-03 4.3508294038474560e-03 8.9672142267227173e-01 9.9953085184097290e-01 2.3169482126832008e-02 -2.0032767206430435e-02 9.2932766675949097e-01 1.4370000000000000e+03 9.9968681335449219e+01
9.9964332580566406e-01 2.6191104203462601e-02 -5.2147074602544308e-03 9.0304559469223022e-01 9.9975275993347168e-01 1.2201866135001183e-02 -1.8588302657008171e-02 9.0424454212188721e-01 2.2950000000000000e+03 6.4844810485839844e+01
9.9984985589981079e-01 1.6767645254731178e-02 -4.3623610399663448e-03 8.9800667762756348e-01 9.9928432703018188e-01 2.1671636030077934e-02 -3.1003884971141815e-02 9.3006294965744019e-01 3.0050000000000000e+03 1.0040465545654297e+02
9.9992340803146362e-01 1.2153606861829758e-02 -2.3237569257616997e-03 8.9053410291671753e-01 9.9939882755279541e-01 2.1911742165684700e-02 -2.6866797357797623e-02 9.2908334732055664e-01 3.1110000000000000e+03 1.0168852233886719e+02
-9.9784719944000244e-01 -6.1749562621116638e-02 -2.2091174498200417e-02 1.5286326408386230e+00 -9.9891006946563721e-01 -2.4672869592905045e-02 -3.9622478187084198e-02 1.5503493547439575e+00 2.2520000000000000e+03 1.9409207153320312e+02
9.9997979402542114e-01 5.9186406433582306e-03 2.3125431034713984e-03 8.9100915193557739e-01 9.9944460391998291e-01 2.1303351968526840e-02 -2.5626339018344879e-02 9.3020474910736084e-01 2.1200000000000000e+03 1.1636132049560547e+02
-9.9751996994018555e-01 -6.8349421024322510e-02 -1.6803698614239693e-02 1.5253784656524658e+00 -9.9892508983612061e-01 -2.7784897014498711e-02 -3.7101767957210541e-02 1.5513995885848999e+00 2.0990000000000000e+03 1.9670719909667969e+02
9.9998575448989868e-01 5.3409207612276077e-03 -1.9165128469467163e-04 8.8959378004074097e-01 9.9945086240768433e-01 1.8323581665754318e-02 -2.7609154582023621e-02 9.2845964431762695e-01 1.7490000000000000e+03 1.2027729797363281e+02
-9.9886679649353027e-01 -4.4338200241327286e-02 -1.7299707978963852e-02 1.5459650754928589e+00 -9.9892610311508179e-01 -3.2924879342317581e-02 -3.2599307596683502e-02 1.5401765108108521e+00 1.4790000000000000e+03 2.1373428344726562e+02
9.9957674741744995e-01 2.7560200542211533e-02 9.3118986114859581e-03 8.6515307426452637e-01 9.9938744306564331e-01 2.0482743158936501e-02 -2.8379091992974281e-02 9.2316871881484985e-01 2.6010000000000000e+03 7.0300727844238281e+01
9.9977129697799683e-01 2.0856324583292007e-02 -4.7307899221777916e-03 9.0249502658843994e-01 9.9943041801452637e-01 2.1096903830766678e-02 -2.6336656883358955e-02 9.2456322908401489e-01 2.8450000000000000e+03 9.5099472045898438e+01
9.9975651502609253e-01 2.2056309506297112e-02 -6.4792990451678634e-04 8.8710194826126099e-01 9.9952834844589233e-01 1.5930822119116783e-02 -2.6256095618009567e-02 9.3051141500473022e-01 2.3100000000000000e+03 8.6729896545410156e+01
-9.9911838769912720e-01 -4.1704304516315460e-02 4.8191663809120655e-03 1.4804621934890747e+00 -9.9906301498413086e-01 -3.7212979514151812e-03 -4.3118271976709366e-02 1.6629781723022461e+00 1.5970000000000000e+03 2.0643644714355469e+02
9.9985760450363159e-01 1.6567494720220566e-02 -3.1813215464353561e-03 8.9393979310989380e-01 9.9949407577514648e-01 1.8306208774447441e-02 -2.6011560112237930e-02 9.2945659160614014e-01 3.6100000000000000e+03 8.6460166931152344e+01
-9.9896574020385742e-01 -4.2577907443046570e-02 -1.5951838344335556e-02 1.5468152761459351e+00 -9.9932092428207397e-01 -2.2175841033458710e-02 -2.9426405206322670e-02 1.6073549985885620e+00 1.4410000000000000e+03 2.1862525939941406e+02
9.9994629621505737e-01 9.0187378227710724e-03 -5.1112202927470207e-03 8.9815151691436768e-01 9.9949252605438232e-01 1.8537055701017380e-02 -2.5908509269356728e-02 9.2992603778839111e-01 2.7640000000000000e+03 9.5731185913085938e+01
-9.9879610538482666e-01 -3.0096050351858139e-02 -3.8737967610359192e-02 1.6249551773071289e+00 -9.9957132339477539e-01 -2.9156588017940521e-02 -2.6319203898310661e-03 1.5143034458160400e+00 1.0610000000000000e+03 2.3103298950195312e+02
9.9959903955459595e-01 2.6303783059120178e-02 1.0482142679393291e-02 8.7651401758193970e-01 9.9943947792053223e-01 2.1315738558769226e-02 -2.5811536237597466e-02 9.2875653505325317e-01 1.2350000000000000e+03 8.5839035034179688e+01
9.9988412857055664e-01 1.5105713158845901e-02 1.9011535914614797e-03 8.8465476036071777e-01 9.9950975179672241e-01 1.7841106280684471e-02 -2.5731524452567101e-02 9.2767339944839478e-01 2.6630000000000000e+03 8.6114936828613281e+01
9.9988532066345215e-01 7.8754760324954987e-03 1.2936943210661411e-02 8.4907341003417969e-01 9.9971824884414673e-01 1.2000571936368942e-02 -2.0479500293731689e-02 9.2178642749786377e-01 2.2460000000000000e+03 8.6330924987792969e+01
9.9987840652465820e-01 1.5372273512184620e-02 -2.6213063392788172e-03 8.9233261346817017e-01 9.9959069490432739e-01 1.4537478797137737e-02 -2.4637019261717796e-02 9.2269229888916016e-01 3.0980000000000000e+03 8.8979019165039062e+01
9.9990582466125488e-01 -5.2403844892978668e-03 1.2680388987064362e-02 8.6836975812911987e-01 9.9968206882476807e-01 1.3246128335595131e-02 -2.1450750529766083e-02 9.2639857530593872e-01 1.6000000000000000e+03 9.5541877746582031e+01
9.9981158971786499e-01 1.9405206665396690e-02 -3.3001697738654912e-04 8.8416087627410889e-01 9.9965876340866089e-01 1.7921162769198418e-02 -1.9005889073014259e-02 9.2094582319259644e-01 3.1120000000000000e+03 7.9525482177734375e+01
9.9949330091476440e-01 7.0732156746089458e-03 3.1034711748361588e-02 8.2728093862533569e-01 9.9960112571716309e-01 1.6857160255312920e-02 -2.2657718509435654e-02 9.3213999271392822e-01 1.6630000000000000e+03 9.8246543884277344e+01
9.9966818094253540e-01 2.5569390505552292e-02 3.1400134321302176e-03 8.9058494567871094e-01 9.9970024824142456e-01 2.0267603918910027e-02 -1.3735475018620491e-02 9.1614013910293579e-01 1.3140000000000000e+03 6.2802330017089844e+01
9.9976873397827148e-01 1.9352443516254425e-02 -9.3727335333824158e-03 9.0018922090530396e-01 9.9963700771331787e-01 1.2207845225930214e-02 -2.4017095565795898e-02 9.2157202959060669e-01 5.0130000000000000e+03 8.3124473571777344e+01
9.9914419651031494e-01 4.1020661592483521e-02 5.3062606602907181e-03 8.9803016185760498e-01 9.9920016527175903e-01 1.1214317753911018e-02 -3.8382921367883682e-02 9.2059862613677979e-01 2.4520000000000000e+03 7.7024879455566406e+01
9.9980461597442627e-01 1.8962385132908821e-02 5.5921245366334915e-03 8.9397525787353516e-01 9.9918919801712036e-01 3.0378311872482300e-02 -2.6422042399644852e-02 9.3003642559051514e-01 2.5690000000000000e+03 9.1041931152343750e+01
9.9983686208724976e-01 1.7904194071888924e-02 -2.4197984021157026e-03 8.9663994312286377e-01 9.9972927570343018e-01 2.0441394299268723e-02 -1.1114273220300674e-02 9.0950065851211548e-01 1.7450000000000000e+03 5.7803604125976562e+01
-9.9942231178283691e-01 -3.3380422741174698e-02 -6.3897222280502319e-03 1.5524892807006836e+00 -9.9909180402755737e-01 -3.4141309559345245e-02 -2.5494107976555824e-02 1.5107312202453613e+00 1.3360000000000000e+03 2.0543759155273438e+02
9.9992614984512329e-01 1.0194639675319195e-02 -6.6125965677201748e-03 9.0484720468521118e-01 9.9942332506179810e-01 1.8560124561190605e-02 -2.8434894979000092e-02 9.3248331546783447e-01 2.5610000000000000e+03 1.1746427154541016e+02
-4.1480176150798798e-02 2.8094202280044556e-01 -9.5882797241210938e-01 1.4679380655288696e+00 -2.1707516163587570e-02 -9.5015418529510498e-01 -3.1102371215820312e-01 1.4354864358901978e+00 1.0720000000000000e+03 2.1191604614257812e+02
-4.3228387832641602e-02 2.8231427073478699e-01 -9.5834749937057495e-01 1.4688571691513062e+00 -2.1581811830401421e-02 -9.5334392786026001e-01 -3.0111390352249146e-01 1.4069890975952148e+00 1.0430000000000000e+03 2.1065484619140625e+02
-4.3427634984254837e-02 2.8238764405250549e-01 -9.5831686258316040e-01 1.4686588048934937e+00 -2.4301132187247276e-02 -9.5219582319259644e-01 -3.0452021956443787e-01 1.4162850379943848e+00 1.0410000000000000e+03 2.1143899536132812e+02
-4.4752217829227448e-02 2.8349691629409790e-01 -9.5792829990386963e-01 1.4677952527999878e+00 -2.6604183018207550e-02 -9.5273494720458984e-01 -3.0263552069664001e-01 1.4119968414306641e+00 1.0430000000000000e+03 2.1146405029296875e+02
-4.5481864362955093e-02 2.9015877842903137e-01 -9.5589703321456909e-01 1.4696791172027588e+00 -2.7811830863356590e-02 -9.4333750009536743e-01 -3.3066704869270325e-01 1.4531078338623047e+00 1.1720000000000000e+03 2.0968515014648438e+02
6.4404597505927086e-03 4.7726530581712723e-02 -9.9883967638015747e-01 9.6789848804473877e-01 4.9861124716699123e-03 -9.9738734960556030e-01 -7.2066746652126312e-02 1.0456638336181641e+00 3.0670000000000000e+03 1.9083207702636719e+02
8.3794426172971725e-03 -1.8028635531663895e-03 -9.9996328353881836e-01 9.3183428049087524e-01 -2.2417681757360697e-03 -9.9948096275329590e-01 -3.2139413058757782e-02 1.0189969539642334e+00 2.8590000000000000e+03 1.9608988952636719e+02
9.9981540441513062e-01 1.8741991370916367e-02 4.2191185057163239e-03 8.8092410564422607e-01 9.9963104724884033e-01 1.8342280760407448e-02 -2.0032970234751701e-02 9.2686712741851807e-01 1.3270000000000000e+03 8.2074699401855469e+01
5.3891295101493597e-04 7.6737222261726856e-03 -9.9997037649154663e-01 9.0941029787063599e-01 8.6472332477569580e-03 -9.9951404333114624e-01 -2.9952676966786385e-02 9.8999297618865967e-01 1.4880000000000000e+03 2.2118145751953125e+02
9.9994021654129028e-01 9.9527267739176750e-03 4.5403293333947659e-03 8.9216196537017822e-01 9.9946695566177368e-01 2.3493804037570953e-02 -2.2668110206723213e-02 9.2983734607696533e-01 3.2780000000000000e+03 1.0418242645263672e+02
-9.9916595220565796e-01 -3.9676118642091751e-02 -9.6508944407105446e-03 1.3798929452896118e+00 -9.9965673685073853e-01 -1.8268879503011703e-02 -1.8780557438731194e-02 1.5434397459030151e+00 1.4710000000000000e+03 2.1333441162109375e+02
1.4161255210638046e-02 9.7087770700454712e-03 -9.9985253810882568e-01 8.8815003633499146e-01 1.4232378453016281e-02 -9.9906450510025024e-01 -4.0835659950971603e-02 9.9002325534820557e-01 1.0490000000000000e+03 2.0154147338867188e+02
9.9943894147872925e-01 2.3985128849744797e-02 2.3373857140541077e-02 8.6057019233703613e-01 9.9950361251831055e-01 1.9385963678359985e-02 -2.4834344163537025e-02 9.2731356620788574e-01 1.9050000000000000e+03 8.6008666992187500e+01
9.9974155426025391e-01 2.2017000243067741e-02 5.6557753123342991e-03 8.8344877958297729e-01 9.9949485063552856e-01 1.7820764333009720e-02 -2.6315417140722275e-02 9.2531305551528931e-01 3.2750000000000000e+03 8.5708930969238281e+01
9.9985939264297485e-01 1.6368625685572624e-02 3.6373569164425135e-03 8.8495117425918579e-01 9.9952697753906250e-01 1.7967497929930687e-02 -2.4958930909633636e-02 9.2948526144027710e-01 4.2320000000000000e+03 8.5636222839355469e+01
-9.9469757080078125e-01 -6.5472401678562164e-02 -7.9309932887554169e-02 1.6820763349533081e+00 -9.9881249666213989e-01 -2.6428105309605598e-02 -4.0930494666099548e-02 1.6384398937225342e+00 1.1700000000000000e+03 1.9634597778320312e+02
9.9987804889678955e-01 1.4604398049414158e-02 5.5342214182019234e-03 8.8314521312713623e-01 9.9953180551528931e-01 1.6978897154331207e-02 -2.5454452261328697e-02 9.2744821310043335e-01 3.8150000000000000e+03 8.5720314025878906e+01
-9.9917054176330566e-01 -2.9768129810690880e-02 -2.7788113802671432e-02 1.5416576862335205e+00 -9.9867320060729980e-01 -2.5994241237640381e-02 -4.4452819973230362e-02 1.6537988185882568e+00 1.6180000000000000e+03 1.9897131347656250e+02
9.9986714124679565e-01 1.5342721715569496e-02 5.4980576969683170e-03 8.7742125988006592e-01 9.9953013658523560e-01 1.6983438283205032e-02 -2.5515329092741013e-02 9.2629218101501465e-01 3.5460000000000000e+03 8.3042114257812500e+01
-9.9923574924468994e-01 -3.5741023719310760e-02 -1.5826014801859856e-02 1.5175771713256836e+00 -9.9943518638610840e-01 -2.1830458194017410e-02 -2.5548933073878288e-02 1.5964214801788330e+00 1.3650000000000000e+03 2.0900659179687500e+02
9.9986588954925537e-01 1.4861993491649628e-02 6.8737161345779896e-03 8.8081568479537964e-01 9.9952346086502075e-01 2.0642558112740517e-02 -2.2948289290070534e-02 9.1964828968048096e-01 3.9020000000000000e+03 7.5735748291015625e+01
-9.9854892492294312e-01 -5.1558051258325577e-02 -1.5548505820333958e-02 1.5155280828475952e+00 -9.9931567907333374e-01 -1.8899913877248764e-02 -3.1795583665370941e-02 1.6206624507904053e+00 1.8120000000000000e+03 1.9806877136230469e+02
9.9989509582519531e-01 1.2545360252261162e-02 7.2348429821431637e-03 8.8157904148101807e-01 9.9958240985870361e-01 1.9386246800422668e-02 -2.1426370367407799e-02 9.2269921302795410e-01 4.1390000000000000e+03 8.5673782348632812e+01
9.9990922212600708e-01 1.2469789013266563e-02 5.1170801743865013e-03 8.8633340597152710e-01 9.9951487779617310e-01 2.0516173914074898e-02 -2.3432403802871704e-02 9.2482316493988037e-01 3.3220000000000000e+03 9.3183326721191406e+01
9.9997061491012573e-01 5.7835280895233154e-03 5.0222170539200306e-03 8.8655084371566772e-01 9.9955731630325317e-01 1.9186142832040787e-02 -2.2737065330147743e-02 9.2750370502471924e-01 2.1050000000000000e+03 1.1247458648681641e+02
9.9988919496536255e-01 1.4767673797905445e-02 1.8559588352218270e-03 8.8250082731246948e-01 9.9961817264556885e-01 1.8351607024669647e-02 -2.0655522122979164e-02 9.2635750770568848e-01 2.7370000000000000e+03 7.7190719604492188e+01
9.9989014863967896e-01 1.3822200708091259e-02 5.3392611443996429e-03 8.8529723882675171e-01 9.9944859743118286e-01 3.1300805509090424e-02 -1.1078378185629845e-02 9.0658265352249146e-01 1.4600000000000000e+03 8.3796150207519531e+01
-5.9585615992546082e-02 6.2157946825027466e-01 -7.8108173608779907e-01 1.6906720399856567e+00 -5.9034996666014194e-03 -7.1220576763153076e-01 -7.0194584131240845e-01 1.6325769424438477e+00 2.6720000000000000e+03 1.9013211059570312e+02
9.9965029954910278e-01 2.5485023856163025e-02 7.0470273494720459e-03 8.8959258794784546e-01 9.9962717294692993e-01 1.7064450308680534e-02 -2.1313438192009926e-02 9.2041307687759399e-01 1.3090000000000000e+03 8.0395660400390625e+01
9.9986737966537476e-01 1.5316134318709373e-02 -5.5452990345656872e-03 9.0644568204879761e-01 9.9950414896011353e-01 2.7925383299589157e-02 -1.4546731486916542e-02 9.1487270593643188e-01 1.5830000000000000e+03 7.7433906555175781e+01
-9.9793410301208496e-01 -6.0623224824666977e-02 -2.1270386874675751e-02 1.5254818201065063e+00 -9.9960428476333618e-01 -1.2752898037433624e-02 -2.5073060765862465e-02 1.5868105888366699e+00 1.1050000000000000e+03 2.0614471435546875e+02
9.9966138601303101e-01 2.5718992576003075e-02 3.9563747122883797e-03 8.8693761825561523e-01 9.9954414367675781e-01 1.7998673021793365e-02 -2.4235388264060020e-02 9.2914503812789917e-01 2.1810000000000000e+03 8.5902969360351562e+01
-9.9897754192352295e-01 -4.5094821602106094e-02 -3.1949277035892010e-03 1.4873614311218262e+00 -9.9962049722671509e-01 -9.7070364281535149e-03 -2.5779128074645996e-02 1.5970435142517090e+00 1.5320000000000000e+03 2.0808680725097656e+02
9.9985194206237793e-01 1.5948433429002762e-02 6.4692595042288303e-03 8.7713706493377686e-01 9.9952346086502075e-01 1.8005648627877235e-02 -2.5075821205973625e-02 9.2864781618118286e-01 3.1520000000000000e+03 8.5540145874023438e+01
-9.9820089340209961e-01 -3.9016660302877426e-02 -4.5525610446929932e-02 1.6322976350784302e+00 -9.9933409690856934e-01 -1.7207726836204529e-02 -3.2175529748201370e-02 1.6158239841461182e+00 1.3510000000000000e+03 2.2217616271972656e+02
9.9951672554016113e-01 3.0657190829515457e-02 5.1348200067877769e-03 8.8875031471252441e-01 9.9935847520828247e-01 2.1824399009346962e-02 -2.8396768495440483e-02 9.2970049381256104e-01 1.3350000000000000e+03 8.5275215148925781e+01
