9.9972349405288696e-01 -2.3243483155965805e-02 3.5791276022791862e-03 8.9979004859924316e-01 9.9985003471374512e-01 -1.2058613821864128e-02 -1.2427012436091900e-02 9.1443026065826416e-01 5.5260000000000000e+03 8.9703582763671875e+01
-9.9980169534683228e-01 1.4148013666272163e-02 -1.4015560969710350e-02 1.5539451837539673e+00 -9.9992883205413818e-01 -6.5394644625484943e-03 -9.9783604964613914e-03 1.5338777303695679e+00 1.5430000000000000e+03 2.1434802246093750e+02
9.9967044591903687e-01 -2.5296906009316444e-02 4.3928371742367744e-03 8.9079648256301880e-01 9.9985492229461670e-01 -1.2841040268540382e-02 -1.1191567406058311e-02 9.0841245651245117e-01 5.3840000000000000e+03 8.8432579040527344e+01
-9.9980664253234863e-01 1.9467975944280624e-02 -2.7504123281687498e-03 1.5364115238189697e+00 -9.9989759922027588e-01 -4.2811660096049309e-03 -1.3656294904649258e-02 1.5681065320968628e+00 2.3210000000000000e+03 2.0270440673828125e+02
9.9973613023757935e-01 -2.2766832262277603e-02 3.0802628025412560e-03 9.0034186840057373e-01 9.9988770484924316e-01 -8.3725638687610626e-03 -1.2424829415977001e-02 9.1448265314102173e-01 4.9150000000000000e+03 8.9879142761230469e+01
-9.9968743324279785e-01 2.2705407813191414e-02 -1.0461421683430672e-02 1.5458619594573975e+00 -9.9989432096481323e-01 -1.3423547148704529e-02 -5.5887675844132900e-03 1.5262086391448975e+00 2.6080000000000000e+03 2.0015376281738281e+02
9.9972623586654663e-01 -2.3396460339426994e-02 -2.2891932167112827e-04 9.0225815773010254e-01 9.9985367059707642e-01 -9.4838943332433701e-03 -1.4238403178751469e-02 9.1291797161102295e-01 5.1800000000000000e+03 8.8728065490722656e+01
-9.9973887205123901e-01 2.2696323692798615e-02 2.6736350264400244e-03 1.5150358676910400e+00 -9.9964821338653564e-01 -1.6403101384639740e-02 -2.0843528211116791e-02 1.5953555107116699e+00 1.9360000000000000e+03 1.9878153991699219e+02
9.9968653917312622e-01 -2.5029605254530907e-02 -5.7297485182061791e-04 8.9919233322143555e-01 9.9984490871429443e-01 -1.2330717407166958e-02 -1.2578443624079227e-02 9.0785568952560425e-01 4.2810000000000000e+03 8.3352966308593750e+01
-9.9998950958251953e-01 2.4820929393172264e-03 3.8487135898321867e-03 1.5143381357192993e+00 -9.9994730949401855e-01 -3.3044510055333376e-03 9.7119482234120369e-03 1.5068386793136597e+00 1.9130000000000000e+03 2.0369943237304688e+02
-9.9966746568679810e-01 2.5487139821052551e-02 -3.9148894138634205e-03 1.5372016429901123e+00 -9.9993157386779785e-01 -1.1469779536128044e-02 2.3359418846666813e-03 1.5384790897369385e+00 1.0220000000000000e+03 1.9890325927734375e+02
-1.3792670331895351e-02 7.5743949413299561e-01 -6.5275967121124268e-01 1.3066927194595337e+00 1.1986277531832457e-03 4.1074451059103012e-02 -9.9915534257888794e-01 1.2763999700546265e+00 6.8440000000000000e+03 1.7066365051269531e+02
-6.9980569183826447e-02 9.1811263561248779e-01 -3.9009210467338562e-01 1.9759070873260498e+00 -2.4399664252996445e-02 3.5229757428169250e-01 -9.3556994199752808e-01 1.8829867839813232e+00 2.2810000000000000e+03 1.7579681396484375e+02
3.6271305289119482e-03 9.8385715484619141e-01 -1.7891871929168701e-01 1.0808464288711548e+00 -5.8262008242309093e-03 5.1723438501358032e-01 -8.5582393407821655e-01 1.2314015626907349e+00 1.1620000000000000e+03 1.7324626159667969e+02
9.3915663659572601e-02 5.1636701822280884e-01 -8.5120213031768799e-01 8.1798183917999268e-01 1.2723211944103241e-01 -1.8432621657848358e-01 -9.7459518909454346e-01 8.1294131278991699e-01 1.0500000000000000e+03 9.8769523620605469e+01
9.9966382980346680e-01 -2.3869000375270844e-02 -1.0115217417478561e-02 3.6731615662574768e-01 9.9988168478012085e-01 -1.4294661581516266e-02 -5.6804195046424866e-03 3.6086696386337280e-01 1.0880000000000000e+03 1.2175000000000000e+02
-1.2785954773426056e-01 5.1425826549530029e-01 -8.4805095195770264e-01 2.7893214225769043e+00 -8.2998245954513550e-02 -2.3685111105442047e-01 -9.6799421310424805e-01 2.7408087253570557e+00 3.1320000000000000e+03 1.8768989562988281e+02
2.7814158238470554e-03 -1.5025423467159271e-01 -9.8864340782165527e-01 1.8851255178451538e+00 -4.9779880791902542e-02 -8.4920388460159302e-01 -5.2571350336074829e-01 1.8734393119812012e+00 3.3820000000000000e+03 2.0670787048339844e+02
1.5367933548986912e-02 3.7482070922851562e-01 -9.2696994543075562e-01 1.7529462575912476e+00 9.7507482860237360e-04 -3.3844196796417236e-01 -9.4098675251007080e-01 1.7809886932373047e+00 1.9020000000000000e+03 1.4338943481445312e+02
-5.1662296056747437e-02 3.7147769331932068e-01 -9.2700338363647461e-01 1.8606606721878052e+00 9.7507482860237360e-04 -3.3844196796417236e-01 -9.4098675251007080e-01 1.7809886932373047e+00 2.5220000000000000e+03 1.8233108520507812e+02
-2.3111535236239433e-02 -6.4063644409179688e-01 -7.6749646663665771e-01 1.1064962148666382e+00 -3.0127178877592087e-02 -9.9799120426177979e-01 -5.5729832500219345e-02 1.1504727602005005e+00 1.2580000000000000e+03 2.1974403381347656e+02
9.9957454204559326e-01 -2.7200641110539436e-02 1.0523786768317223e-02 9.0149366855621338e-01 9.9990695714950562e-01 -1.2580154463648796e-02 5.2762366831302643e-03 8.8271230459213257e-01 3.2290000000000000e+03 8.5307342529296875e+01
-2.1764704957604408e-02 9.9957048892974854e-01 1.9626006484031677e-02 1.0992724895477295e+00 -6.5532294102013111e-03 7.0013189315795898e-01 -7.1398353576660156e-01 1.0268421173095703e+00 1.0440000000000000e+03 1.9286512756347656e+02
9.9985551834106445e-01 -1.3745550997555256e-02 1.0001836344599724e-02 8.9667910337448120e-01 9.9989593029022217e-01 -1.0708436369895935e-02 -9.6760923042893410e-03 9.0923911333084106e-01 1.9350000000000000e+03 8.5193717956542969e+01
-9.9941712617874146e-01 -5.9546669945120811e-03 -3.3613502979278564e-02 1.5773732662200928e+00 -9.9956613779067993e-01 -2.8521804139018059e-02 -7.3498953133821487e-03 1.5475659370422363e+00 1.0370000000000000e+03 2.1565219116210938e+02
1.7408104613423347e-02 7.7651304006576538e-01 -6.2986057996749878e-01 1.1273425817489624e+00 1.1383445933461189e-02 7.3965691030025482e-02 -9.9719578027725220e-01 1.1122667789459229e+00 6.8670000000000000e+03 1.6738546752929688e+02
-5.0016194581985474e-02 4.2338185012340546e-02 -9.9785065650939941e-01 2.0389735698699951e+00 -6.6724091768264771e-02 -6.7813068628311157e-01 -7.3190611600875854e-01 2.0737438201904297e+00 3.4260000000000000e+03 2.0548570251464844e+02
-4.5912206172943115e-02 -6.1531491577625275e-02 -9.9704861640930176e-01 2.0717010498046875e+00 -7.2178989648818970e-02 -7.5167697668075562e-01 -6.5556997060775757e-01 2.1338307857513428e+00 4.0580000000000000e+03 2.0063258361816406e+02
-5.7052619755268097e-02 -1.6435499489307404e-01 -9.8474985361099243e-01 2.0961484909057617e+00 -7.3871970176696777e-02 -8.2390099763870239e-01 -5.6189870834350586e-01 2.1383879184722900e+00 2.9860000000000000e+03 2.0413027954101562e+02
9.9970948696136475e-01 -2.3914908990263939e-02 2.9906395357102156e-03 9.0362185239791870e-01 9.9993979930877686e-01 -1.0957366786897182e-02 -5.1206158241257071e-04 8.8679718971252441e-01 1.7080000000000000e+03 7.1210983276367188e+01
9.9983173608779907e-01 -1.7459921538829803e-02 5.6234868243336678e-03 8.9633190631866455e-01 9.9977648258209229e-01 -1.2365728616714478e-02 -1.7145767807960510e-02 9.1394507884979248e-01 2.8650000000000000e+03 1.0766213226318359e+02
-2.6574680581688881e-02 8.9951038360595703e-01 -4.3609064817428589e-01 1.4467442035675049e+00 -2.5073491036891937e-02 2.9954329133033752e-01 -9.5375323295593262e-01 1.3881032466888428e+00 3.6700000000000000e+03 1.7732632446289062e+02
-3.5068120807409286e-02 7.5279849767684937e-01 -6.5731638669967651e-01 1.5118436813354492e+00 -2.6039760559797287e-02 7.3812842369079590e-02 -9.9693202972412109e-01 1.4678095579147339e+00 5.5700000000000000e+03 1.8054322814941406e+02
9.9972927570343018e-01 -2.3125128820538521e-02 2.5592939928174019e-03 8.8925540447235107e-01 9.9982863664627075e-01 -1.2971342541277409e-02 -1.3207340613007545e-02 9.0463823080062866e-01 1.0260000000000000e+03 7.2813873291015625e+01
-1.6446903347969055e-02 -5.8891886472702026e-01 -8.0802476406097412e-01 7.9604405164718628e-01 -6.7960233427584171e-03 -9.9245542287826538e-01 -1.2241728603839874e-01 8.3777981996536255e-01 3.2910000000000000e+03 2.0036280822753906e+02
9.9955260753631592e-01 -2.9245397076010704e-02 6.2784217298030853e-03 8.9590460062026978e-01 9.9994349479675293e-01 -1.0320692323148251e-02 2.5578918866813183e-03 8.8906383514404297e-01 1.5540000000000000e+03 7.4537277221679688e+01
9.9984866380691528e-01 -1.2284084223210812e-02 1.2318231165409088e-02 8.9351904392242432e-01 9.9996447563171387e-01 -8.4196841344237328e-03 -1.5264628746081144e-04 8.8985538482666016e-01 1.5940000000000000e+03 7.4989257812500000e+01
9.9967712163925171e-01 -2.4347735568881035e-02 7.2736120782792568e-03 8.8965165615081787e-01 9.9990630149841309e-01 -9.6622388809919357e-03 -9.6995402127504349e-03 8.9979749917984009e-01 1.7380000000000000e+03 7.5465858459472656e+01
9.9976742267608643e-01 -1.5826663002371788e-02 1.4652060344815254e-02 8.8699251413345337e-01 9.9993884563446045e-01 -9.0993857011198997e-03 -6.2831486575305462e-03 9.0088981389999390e-01 1.3720000000000000e+03 7.5876213073730469e+01
9.9946093559265137e-01 -3.0766872689127922e-02 1.1454770341515541e-02 8.8250374794006348e-01 9.9992501735687256e-01 -6.9213835522532463e-03 -1.0095409117639065e-02 9.0523922443389893e-01 2.3960000000000000e+03 7.7066162109375000e+01
9.9988162517547607e-01 -1.5371257439255714e-02 -6.4499105792492628e-04 8.8965493440628052e-01 9.9961286783218384e-01 -7.4028605595231056e-03 -2.6819853112101555e-02 9.0414863824844360e-01 2.9220000000000000e+03 8.4976509094238281e+01
-1.1369086802005768e-01 9.6000325679779053e-01 -2.5586706399917603e-01 2.2479674816131592e+00 2.0410204306244850e-03 4.6179440617561340e-01 -8.8698464632034302e-01 2.2245626449584961e+00 1.1250000000000000e+03 1.7713600158691406e+02
7.1140751242637634e-03 7.7611285448074341e-01 -6.3055402040481567e-01 1.0623153448104858e+00 1.6372084617614746e-02 9.9985234439373016e-02 -9.9485421180725098e-01 1.0302286148071289e+00 1.2657000000000000e+04 1.5148716735839844e+02
1.4369286596775055e-02 6.9846224784851074e-01 -7.1550256013870239e-01 1.1417341232299805e+00 7.1965684182941914e-03 1.7258884385228157e-02 -9.9982511997222900e-01 1.0953028202056885e+00 6.5220000000000000e+03 1.3723362731933594e+02
4.3404349125921726e-03 6.9288021326065063e-01 -7.2103959321975708e-01 9.6609568595886230e-01 1.2178598903119564e-02 9.0951453894376755e-03 -9.9988442659378052e-01 9.3147790431976318e-01 7.4250000000000000e+03 1.6899569702148438e+02
4.4641245156526566e-02 5.1323914527893066e-01 -8.5708385705947876e-01 1.5513676404953003e+00 5.1647364161908627e-03 -1.2487416714429855e-01 -9.9215906858444214e-01 1.4656337499618530e+00 2.3950000000000000e+03 1.5459906005859375e+02
-2.6524836197495461e-02 5.7969343662261963e-01 -8.1440281867980957e-01 1.5057832002639771e+00 5.1647364161908627e-03 -1.2487416714429855e-01 -9.9215906858444214e-01 1.4656337499618530e+00 5.7440000000000000e+03 1.5505326843261719e+02
9.9968975782394409e-01 -2.4145552888512611e-02 6.1068492941558361e-03 8.9163815975189209e-01 9.9984449148178101e-01 -1.6882665455341339e-02 5.0996509380638599e-03 8.7040412425994873e-01 1.9250000000000000e+03 8.4927467346191406e+01
9.9975222349166870e-01 -2.1240452304482460e-02 6.6588502377271652e-03 8.9042437076568604e-01 9.9991536140441895e-01 -9.0202074497938156e-03 -9.3761887401342392e-03 8.9467400312423706e-01 4.0180000000000000e+03 8.7419860839843750e+01
-9.9967241287231445e-01 7.0702453376725316e-04 -2.5583159178495407e-02 1.5846043825149536e+00 -9.9949437379837036e-01 -3.1794842332601547e-02 2.9144709696993232e-04 1.5447181463241577e+00 1.1000000000000000e+03 2.0670953369140625e+02
9.9969536066055298e-01 -2.4390051141381264e-02 3.7954999133944511e-03 8.9121711254119873e-01 9.9986499547958374e-01 -1.1516122147440910e-02 -1.1722284369170666e-02 8.9733040332794189e-01 4.6840000000000000e+03 8.9143692016601562e+01
-9.9995446205139160e-01 7.6625761575996876e-03 -5.6903585791587830e-03 1.5194089412689209e+00 -9.9988692998886108e-01 -1.2648667208850384e-02 8.1306202337145805e-03 1.5260274410247803e+00 1.7470000000000000e+03 2.0397940063476562e+02
9.9970054626464844e-01 -2.4198146536946297e-02 3.6479982081800699e-03 8.9500606060028076e-01 9.9989122152328491e-01 -8.4823118522763252e-03 -1.2061541900038719e-02 9.0021157264709473e-01 4.0810000000000000e+03 8.8154998779296875e+01
9.9971109628677368e-01 -2.0805545151233673e-02 1.2035593390464783e-02 8.8676655292510986e-01 9.9991971254348755e-01 -4.9533783458173275e-03 -1.1663336306810379e-02 9.0451234579086304e-01 3.8980000000000000e+03 8.6608703613281250e+01
-9.9966907501220703e-01 4.4279284775257111e-03 -2.5342296808958054e-02 1.5458805561065674e+00 -9.9972105026245117e-01 -2.3501522839069366e-02 -2.3021199740469456e-03 1.5417410135269165e+00 2.2620000000000000e+03 2.0089053344726562e+02
9.9957412481307983e-01 -2.5507021695375443e-02 1.4173631556332111e-02 8.7578117847442627e-01 9.9993216991424561e-01 -8.3126612007617950e-03 -8.1654991954565048e-03 8.9400178194046021e-01 3.5140000000000000e+03 8.2933242797851562e+01
9.9934989213943481e-01 -2.2983154281973839e-02 2.7775285765528679e-02 8.5616838932037354e-01 9.9994200468063354e-01 -4.0154922753572464e-03 -9.9967084825038910e-03 8.9820116758346558e-01 2.1340000000000000e+03 8.4275566101074219e+01
9.9929785728454590e-01 -1.0935416445136070e-02 3.5837221890687943e-02 8.4678304195404053e-01 9.9993646144866943e-01 -2.6448520366102457e-03 -1.0959240607917309e-02 9.0143299102783203e-01 1.6370000000000000e+03 8.2865097045898438e+01
6.9602937437593937e-03 -2.1475341171026230e-02 -9.9974524974822998e-01 1.2281575202941895e+00 7.7128331176936626e-03 -7.0130640268325806e-01 -7.1281820535659790e-01 1.2054542303085327e+00 7.4590000000000000e+03 1.6270022583007812e+02
1.0490880347788334e-02 -2.9006216675043106e-02 -9.9952411651611328e-01 1.1310786008834839e+00 -6.4217357430607080e-04 -7.4582529067993164e-01 -6.6614115238189697e-01 1.1149611473083496e+00 1.7830000000000000e+03 1.3503030395507812e+02
1.0490880347788334e-02 -2.9006216675043106e-02 -9.9952411651611328e-01 1.1310786008834839e+00 1.2158536352217197e-02 -7.0139408111572266e-01 -7.1266996860504150e-01 1.2929427623748779e+00 6.0300000000000000e+03 1.5530546569824219e+02
6.8161473609507084e-03 -1.8918374180793762e-01 -9.8191803693771362e-01 1.1448569297790527e+00 7.3664439842104912e-03 -8.2944434881210327e-01 -5.5854082107543945e-01 1.2136801481246948e+00 8.7250000000000000e+03 1.6960630798339844e+02
9.9982559680938721e-01 1.2857224792242050e-03 1.8630638718605042e-02 8.9722537994384766e-01 9.9997967481613159e-01 -3.4627462737262249e-03 -5.3543993271887302e-03 9.0000998973846436e-01 1.4170000000000000e+03 8.9042503356933594e+01
-3.1741766724735498e-03 7.8141444921493530e-01 -6.2400436401367188e-01 9.9809813499450684e-01 1.6388855874538422e-02 1.0852576047182083e-01 -9.9395853281021118e-01 9.6759384870529175e-01 1.0209000000000000e+04 1.5960476684570312e+02
-3.0537133570760489e-03 6.4130395650863647e-01 -7.6728087663650513e-01 1.3492429256439209e+00 1.3686488382518291e-02 -5.9412773698568344e-02 -9.9813956022262573e-01 1.3069139719009399e+00 1.1111000000000000e+04 1.5777976989746094e+02
8.7579069659113884e-03 -3.5201635211706161e-02 -9.9934184551239014e-01 7.4698269367218018e-01 1.0530665516853333e-02 -7.7419245243072510e-01 -6.3286274671554565e-01 7.5179642438888550e-01 7.2520000000000000e+03 1.5821810913085938e+02
9.9878072738647461e-01 -4.8867948353290558e-02 6.9917906075716019e-03 8.9787268638610840e-01 9.9975454807281494e-01 -2.2106060758233070e-02 1.5055759577080607e-03 9.0271639823913574e-01 1.3250000000000000e+03 1.2688603973388672e+02
1.0196454823017120e-02 -1.2029157578945160e-01 -9.9268627166748047e-01 1.0414597988128662e+00 -5.0483453087508678e-03 -7.9109883308410645e-01 -6.1166751384735107e-01 1.0765918493270874e+00 3.4930000000000000e+03 1.3809017944335938e+02
1.0196454823017120e-02 -1.2029157578945160e-01 -9.9268627166748047e-01 1.0414597988128662e+00 1.8714938312768936e-02 -7.7258056402206421e-01 -6.3464081287384033e-01 1.1046183109283447e+00 5.0000000000000000e+03 1.7533940124511719e+02
1.7340252175927162e-02 1.8331728875637054e-02 -9.9968165159225464e-01 9.9886554479598999e-01 1.8714938312768936e-02 -7.7258056402206421e-01 -6.3464081287384033e-01 1.1046183109283447e+00 1.1520000000000000e+03 1.7533940124511719e+02
2.3011364100966603e-04 -3.5726171731948853e-01 -9.3400430679321289e-01 1.0037660598754883e+00 1.0070789139717817e-03 -9.3133974075317383e-01 -3.6415001749992371e-01 1.0343858003616333e+00 6.8800000000000000e+03 1.7164404296875000e+02
9.9995857477188110e-01 -4.6156165190041065e-03 7.8428722918033600e-03 9.0429246425628662e-01 9.9986547231674194e-01 -8.3729755133390427e-03 -1.4101306907832623e-02 9.0241801738739014e-01 1.9060000000000000e+03 9.7320960998535156e+01
9.9987441301345825e-01 -1.4467995613813400e-02 6.4748115837574005e-03 9.0628653764724731e-01 9.9989503622055054e-01 -1.1638303287327290e-02 -8.6326897144317627e-03 9.0484279394149780e-01 2.4580000000000000e+03 9.2912590026855469e+01
-3.7251303438097239e-03 5.7976621389389038e-01 -8.1477445363998413e-01 9.2940956354141235e-01 -1.9751759245991707e-03 -1.2318023294210434e-01 -9.9238240718841553e-01 9.1354900598526001e-01 1.0266000000000000e+04 1.5897555541992188e+02
-4.0290183387696743e-03 3.0862942337989807e-01 -9.5117384195327759e-01 1.1659761667251587e+00 9.7389321308583021e-04 -3.9445877075195312e-01 -9.1891312599182129e-01 1.1806735992431641e+00 7.4130000000000000e+03 1.6941116333007812e+02
-4.6609062701463699e-03 3.0988293886184692e-01 -9.5076322555541992e-01 1.1650151014328003e+00 2.2623389959335327e-03 -3.9529016613960266e-01 -9.1855341196060181e-01 1.1785498857498169e+00 7.4820000000000000e+03 1.6898863220214844e+02
-3.7137952167540789e-03 3.1257253885269165e-01 -9.4988656044006348e-01 1.1647331714630127e+00 2.9100608080625534e-03 -3.8711053133010864e-01 -9.2202866077423096e-01 1.1812849044799805e+00 7.5490000000000000e+03 1.6916703796386719e+02
-3.2027126289904118e-03 3.1228348612785339e-01 -9.4998365640640259e-01 1.1648873090744019e+00 2.7597991283982992e-03 -3.8656604290008545e-01 -9.2225760221481323e-01 1.1814582347869873e+00 7.5470000000000000e+03 1.6921571350097656e+02
-4.1860602796077728e-03 3.0966320633888245e-01 -9.5083707571029663e-01 1.1659379005432129e+00 6.7793880589306355e-03 -4.0977382659912109e-01 -9.1216188669204712e-01 1.1765437126159668e+00 7.2900000000000000e+03 1.6849301147460938e+02
-3.5048769786953926e-03 3.1849735975265503e-01 -9.4791722297668457e-01 1.1641931533813477e+00 2.3903094697743654e-03 -3.9194238185882568e-01 -9.1998666524887085e-01 1.1769754886627197e+00 7.6580000000000000e+03 1.6849974060058594e+02
-5.6888880208134651e-03 3.6259281635284424e-01 -9.3193024396896362e-01 1.1319217681884766e+00 9.6785958157852292e-04 -3.4946548938751221e-01 -9.3694871664047241e-01 1.1362099647521973e+00 7.4810000000000000e+03 1.7203782653808594e+02
6.9948102463968098e-05 -2.0784567296504974e-01 -9.7816169261932373e-01 8.9808112382888794e-01 1.1928696185350418e-02 -8.7414109706878662e-01 -4.8552551865577698e-01 9.2954319715499878e-01 4.8840000000000000e+03 1.7879443359375000e+02
6.7127742804586887e-03 -2.0032029133290052e-03 -9.9997556209564209e-01 7.6745510101318359e-01 1.1081932112574577e-02 -7.9638469219207764e-01 -6.0468888282775879e-01 8.8506984710693359e-01 1.3790000000000000e+03 1.7688125610351562e+02
7.9169660806655884e-02 -3.6967102438211441e-02 -9.9617546796798706e-01 8.1457483768463135e-01 1.1081932112574577e-02 -7.9638469219207764e-01 -6.0468888282775879e-01 8.8506984710693359e-01 1.5940000000000000e+03 1.7688125610351562e+02
-6.2151458114385605e-02 2.3296736180782318e-01 -9.7049647569656372e-01 1.9614080190658569e+00 -4.6490691602230072e-02 -4.8487663269042969e-01 -8.7334609031677246e-01 1.9699047803878784e+00 2.7780000000000000e+03 1.7913833618164062e+02
9.9965536594390869e-01 -2.4196250364184380e-02 1.0187923908233643e-02 8.9021718502044678e-01 9.9988734722137451e-01 -1.2949205003678799e-02 -7.5855148024857044e-03 9.0137529373168945e-01 2.6450000000000000e+03 7.5000000000000000e+01
9.9904787540435791e-01 -4.0362335741519928e-02 1.6560519114136696e-02 8.7476289272308350e-01 9.9988275766372681e-01 -1.2313637882471085e-02 -9.1072591021656990e-03 8.9394420385360718e-01 1.0700000000000000e+03 9.3599067687988281e+01
9.9899905920028687e-01 -3.7883248180150986e-02 2.3787697777152061e-02 8.6050420999526978e-01 9.9983531236648560e-01 -9.7719347104430199e-03 -1.5291636809706688e-02 9.0226805210113525e-01 2.0530000000000000e+03 9.1198249816894531e+01
9.9969464540481567e-01 -2.3737911134958267e-02 6.8592745810747147e-03 8.8481515645980835e-01 9.9990385770797729e-01 -8.8665531948208809e-03 -1.0659567080438137e-02 8.9476048946380615e-01 3.1250000000000000e+03 8.2026878356933594e+01
9.9969559907913208e-01 -2.4396646767854691e-02 3.6633608397096395e-03 8.9286303520202637e-01 9.9992746114730835e-01 -9.0356934815645218e-03 -7.9738479107618332e-03 8.9266383647918701e-01 3.4580000000000000e+03 8.2278770446777344e+01
9.9968391656875610e-01 -2.5051737204194069e-02 2.1242010407149792e-03 8.8989257812500000e-01 9.9987035989761353e-01 -1.1007697321474552e-02 -1.1749145574867725e-02 8.9571386575698853e-01 3.8760000000000000e+03 8.8266510009765625e+01
9.9972915649414062e-01 -2.3272108286619186e-02 -9.0412264398764819e-05 8.9594626426696777e-01 9.9987506866455078e-01 -9.0901441872119904e-03 -1.2934627011418343e-02 8.9595627784729004e-01 4.2010000000000000e+03 8.6587661743164062e+01
-9.9959272146224976e-01 2.3237677291035652e-02 -1.6563115641474724e-02 1.5875385999679565e+00 -9.9991977214813232e-01 -1.2234018184244633e-02 3.2706928905099630e-03 1.5534688234329224e+00 1.1810000000000000e+03 2.2158085632324219e+02
9.9966973066329956e-01 -2.5693757459521294e-02 4.8383953981101513e-04 8.9537626504898071e-01 9.9987715482711792e-01 -1.0647901333868504e-02 -1.1503771878778934e-02 8.9628070592880249e-01 4.1460000000000000e+03 8.6500541687011719e+01
-9.9989271163940430e-01 1.4139786362648010e-02 -3.8426788523793221e-03 1.5476255416870117e+00 -9.9976134300231934e-01 -1.5672774985432625e-02 -1.5221896581351757e-02 1.6085371971130371e+00 1.5110000000000000e+03 2.1498677062988281e+02
9.9976241588592529e-01 -2.1796511486172676e-02 -2.3171860448201187e-05 8.9784973859786987e-01 9.9987769126892090e-01 -1.0861001908779144e-02 -1.1257941834628582e-02 8.9607322216033936e-01 3.3690000000000000e+03 8.3366485595703125e+01
-9.9992275238037109e-01 3.3448855392634869e-03 -1.1965810321271420e-02 1.5618293285369873e+00 -9.9984681606292725e-01 -1.5367927961051464e-02 8.3767538890242577e-03 1.5349861383438110e+00 1.6780000000000000e+03 2.0530679321289062e+02
9.9990820884704590e-01 -9.8408600315451622e-03 9.3119274824857712e-03 8.7970095872879028e-01 9.9983948469161987e-01 -1.3643145561218262e-02 -1.1610251851379871e-02 8.9431095123291016e-01 1.3640000000000000e+03 8.6680450439453125e+01
-9.9998670816421509e-01 3.3200583420693874e-03 -3.9369678124785423e-03 1.5381752252578735e+00 -9.9997234344482422e-01 -5.1671219989657402e-03 5.3523662500083447e-03 1.5430952310562134e+00 1.4820000000000000e+03 2.0010415649414062e+02
1.6750352457165718e-02 8.6351484060287476e-01 -5.0404512882232666e-01 1.1440366506576538e+00 1.0536528192460537e-02 2.2108624875545502e-01 -9.7519731521606445e-01 1.1227873563766479e+00 5.2310000000000000e+03 1.5920036315917969e+02
-5.7733662426471710e-02 -1.5087014436721802e-01 -9.8686623573303223e-01 2.0877447128295898e+00 -7.1785628795623779e-02 -8.1288856267929077e-01 -5.7797831296920776e-01 2.1394913196563721e+00 1.8780000000000000e+03 2.1683120727539062e+02
9.9920427799224854e-01 -2.3785697296261787e-02 3.2015357166528702e-02 8.5176801681518555e-01 9.9988466501235962e-01 -3.2473902683705091e-03 -1.4836694113910198e-02 9.0498912334442139e-01 1.0580000000000000e+03 9.1289222717285156e+01
-3.2225649803876877e-02 5.8163440227508545e-01 -8.1281179189682007e-01 1.6581453084945679e+00 -2.0074481144547462e-02 -1.3533057272434235e-01 -9.9059706926345825e-01 1.6309072971343994e+00 7.0810000000000000e+03 1.7652421569824219e+02
-3.2225649803876877e-02 5.8163440227508545e-01 -8.1281179189682007e-01 1.6581453084945679e+00 5.1696695387363434e-02 -1.4694516360759735e-01 -9.8779273033142090e-01 1.6305766105651855e+00 1.5210000000000000e+03 1.7652421569824219e+02
-2.3033827543258667e-02 -4.6081286668777466e-01 -8.8719844818115234e-01 9.0969276428222656e-01 -2.2170566022396088e-02 -9.6425342559814453e-01 -2.6405230164527893e-01 9.3780159950256348e-01 3.5150000000000000e+03 2.0970327758789062e+02
9.9952721595764160e-01 -3.0060676857829094e-02 6.4655435271561146e-03 8.8189893960952759e-01 9.9976539611816406e-01 -2.0192012190818787e-02 -7.8378990292549133e-03 8.9288938045501709e-01 2.8630000000000000e+03 9.5717430114746094e+01
9.9981039762496948e-01 -1.5484740026295185e-02 1.1800839565694332e-02 8.8223642110824585e-01 9.9985641241073608e-01 -1.3494379818439484e-02 -1.0249887593090534e-02 8.9935672283172607e-01 1.8000000000000000e+03 7.2689308166503906e+01
9.6806101500988007e-03 8.7926588952541351e-02 -9.9607992172241211e-01 1.6086925268173218e+00 -2.1243786439299583e-02 -5.9337007999420166e-01 -8.0464941263198853e-01 1.7124390602111816e+00 1.0480000000000000e+03 1.6071084594726562e+02
9.6806101500988007e-03 8.7926588952541351e-02 -9.9607992172241211e-01 1.6086925268173218e+00 -1.3195916544646025e-03 -5.9244900941848755e-01 -8.0560690164566040e-01 1.6654262542724609e+00 2.7440000000000000e+03 1.6071084594726562e+02
7.9885348677635193e-02 3.0245506763458252e-01 -9.4981008768081665e-01 1.8362630605697632e+00 4.8165228217840195e-03 -3.6913082003593445e-01 -9.2936497926712036e-01 1.8084276914596558e+00 1.8740000000000000e+03 1.7993272399902344e+02
-3.5088412463665009e-02 3.2452753186225891e-01 -9.4522517919540405e-01 1.8195186853408813e+00 -1.5999270603060722e-02 -3.2250076532363892e-01 -9.4643402099609375e-01 1.9469352960586548e+00 1.9950000000000000e+03 1.5591793823242188e+02
-3.5088412463665009e-02 3.2452753186225891e-01 -9.4522517919540405e-01 1.8195186853408813e+00 4.8165228217840195e-03 -3.6913082003593445e-01 -9.2936497926712036e-01 1.8084276914596558e+00 5.3210000000000000e+03 1.7993272399902344e+02
9.9973720312118530e-01 -2.1996917203068733e-02 6.4545175991952419e-03 8.8977199792861938e-01 9.9989485740661621e-01 -9.4325253739953041e-03 -1.1019887402653694e-02 8.9821708202362061e-01 3.6000000000000000e+03 8.7366386413574219e+01
9.9965929985046387e-01 -2.4645764380693436e-02 8.6018210276961327e-03 8.7943959236145020e-01 9.9983316659927368e-01 -1.3925900682806969e-02 -1.1816183105111122e-02 8.9946252107620239e-01 4.7750000000000000e+03 8.5485694885253906e+01
