9.9965888261795044e-01 -4.5914440415799618e-03 2.5712136179208755e-02 8.8760572671890259e-01 9.9960553646087646e-01 1.8404165282845497e-02 2.1215319633483887e-02 8.7243282794952393e-01 1.2370000000000000e+03 8.5638641357421875e+01
-7.8444905579090118e-02 9.4211024045944214e-01 -3.2599776983261108e-01 2.0291495323181152e+00 -3.2443601638078690e-02 -2.7841991186141968e-01 -9.5991134643554688e-01 1.9262964725494385e+00 2.3930000000000000e+03 1.7354226684570312e+02
-9.8728105425834656e-02 9.5419102907180786e-01 -2.8244003653526306e-01 2.2492258548736572e+00 -4.4418387115001678e-02 -2.0796677470207214e-01 -9.7712683677673340e-01 2.1815392971038818e+00 1.5340000000000000e+03 1.8254322814941406e+02
9.9996989965438843e-01 5.4717408493161201e-03 5.5034435354173183e-03 9.0623086690902710e-01 9.9986964464187622e-01 1.6003653407096863e-02 2.1568173542618752e-03 8.8251835107803345e-01 2.9460000000000000e+03 9.0606208801269531e+01
-9.9938410520553589e-01 -3.0919671058654785e-02 -1.6597701236605644e-02 1.5665402412414551e+00 -9.9988508224487305e-01 -1.0547737590968609e-02 -1.0881283320486546e-02 1.4461567401885986e+00 1.6330000000000000e+03 2.0035780334472656e+02
9.9989384412765503e-01 -6.0715251602232456e-03 1.3244253583252430e-02 8.9431983232498169e-01 9.9985271692276001e-01 7.7698691748082638e-03 1.5303400345146656e-02 8.7212508916854858e-01 1.3700000000000000e+03 7.3821784973144531e+01
9.9985980987548828e-01 -2.3957469966262579e-03 1.6567872837185860e-02 8.8156193494796753e-01 9.9999248981475830e-01 7.8498752554878592e-04 3.7982878275215626e-03 8.9189153909683228e-01 2.0550000000000000e+03 9.5698783874511719e+01
9.9967730045318604e-01 6.8814996629953384e-03 2.4455586448311806e-02 8.8130080699920654e-01 9.9967312812805176e-01 2.5320235639810562e-02 -3.5476777702569962e-03 8.9890837669372559e-01 1.2610000000000000e+03 7.4772399902343750e+01
9.9994385242462158e-01 4.5134797692298889e-03 9.5836846157908440e-03 9.0386229753494263e-01 9.9976295232772827e-01 2.1428925916552544e-02 -3.8667533081024885e-03 9.0122544765472412e-01 2.2490000000000000e+03 7.2800804138183594e+01
9.9966883659362793e-01 1.7711849883198738e-02 1.8670652061700821e-02 9.0130072832107544e-01 9.9990612268447876e-01 1.3659327290952206e-02 1.0506036924198270e-03 8.8517224788665771e-01 1.1220000000000000e+03 9.4360565185546875e+01
-5.1788195967674255e-02 9.2746651172637939e-01 -3.7030252814292908e-01 1.5606102943420410e+00 -4.4982217252254486e-02 -2.4414117634296417e-01 -9.6869581937789917e-01 1.5951639413833618e+00 1.8210000000000000e+03 1.3781867980957031e+02
-5.1788195967674255e-02 9.2746651172637939e-01 -3.7030252814292908e-01 1.5606102943420410e+00 -4.3985325843095779e-02 -3.1868526339530945e-01 -9.4683951139450073e-01 1.4890890121459961e+00 1.8210000000000000e+03 1.9881330871582031e+02
-1.8378479406237602e-02 7.5132161378860474e-01 -6.5968030691146851e-01 1.1358044147491455e+00 -2.1558824926614761e-02 -6.3135999441146851e-01 -7.7519023418426514e-01 1.1228563785552979e+00 3.9480000000000000e+03 1.6980058288574219e+02
9.9996912479400635e-01 -4.5224903151392937e-03 6.4200055785477161e-03 9.0909993648529053e-01 9.9981927871704102e-01 1.9002275541424751e-02 3.7548394175246358e-04 9.0338295698165894e-01 1.5720000000000000e+03 9.3536476135253906e+01
9.9998897314071655e-01 -4.5998715795576572e-03 9.0977037325501442e-04 9.2007082700729370e-01 9.9998533725738525e-01 -3.2396614551544189e-03 4.3508294038474560e-03 8.9672142267227173e-01 1.4370000000000000e+03 9.9968681335449219e+01
9.9960237741470337e-01 1.8845327198505402e-02 2.0978244021534920e-02 8.9088922739028931e-01 9.9964332580566406e-01 2.6191104203462601e-02 -5.2147074602544308e-03 9.0304559469223022e-01 2.2950000000000000e+03 5.9927028656005859e+01
-9.9950367212295532e-01 -2.0285779610276222e-02 -2.4102101102471352e-02 1.4899209737777710e+00 -9.9927717447280884e-01 -3.7295386195182800e-02 -7.3493267409503460e-03 1.4931702613830566e+00 1.4720000000000000e+03 1.7389945983886719e+02
9.9991428852081299e-01 1.1931150220334530e-02 5.3951493464410305e-03 9.1964089870452881e-01 9.9984985589981079e-01 1.6767645254731178e-02 -4.3623610399663448e-03 8.9800667762756348e-01 2.9840000000000000e+03 1.0040465545654297e+02
9.9994695186614990e-01 1.0062970221042633e-02 2.1846054587513208e-03 9.1901844739913940e-01 9.9992340803146362e-01 1.2153606861829758e-02 -2.3237569257616997e-03 8.9053410291671753e-01 3.0610000000000000e+03 1.0168852233886719e+02
9.9995303153991699e-01 8.3054406568408012e-03 -5.0040618516504765e-03 9.2773956060409546e-01 9.9997979402542114e-01 5.9186406433582306e-03 2.3125431034713984e-03 8.9100915193557739e-01 2.1200000000000000e+03 1.1636132049560547e+02
9.9995833635330200e-01 9.1240787878632545e-03 4.3545305379666388e-04 9.2263203859329224e-01 9.9998575448989868e-01 5.3409207612276077e-03 -1.9165128469467163e-04 8.8959378004074097e-01 1.7490000000000000e+03 1.2027729797363281e+02
9.9978256225585938e-01 -1.0548287071287632e-02 1.7984639853239059e-02 9.0282815694808960e-01 9.9957674741744995e-01 2.7560200542211533e-02 9.3118986114859581e-03 8.6515307426452637e-01 1.3360000000000000e+03 1.2721706390380859e+02
9.9973553419113159e-01 4.2906804010272026e-03 2.2593991830945015e-02 8.8359290361404419e-01 9.9977129697799683e-01 2.0856324583292007e-02 -4.7307899221777916e-03 9.0249502658843994e-01 1.2040000000000000e+03 9.5099472045898438e+01
9.9995106458663940e-01 5.3043486550450325e-03 8.3519741892814636e-03 9.1156721115112305e-01 9.9975651502609253e-01 2.2056309506297112e-02 -6.4792990451678634e-04 8.8710194826126099e-01 2.3100000000000000e+03 8.6301010131835938e+01
-9.9951452016830444e-01 -2.1854123100638390e-02 -2.2204931825399399e-02 1.5527260303497314e+00 -9.9911838769912720e-01 -4.1704304516315460e-02 4.8191663809120655e-03 1.4804621934890747e+00 1.1330000000000000e+03 2.1388349914550781e+02
9.9995166063308716e-01 1.8398901447653770e-03 9.6575627103447914e-03 9.0644663572311401e-01 9.9985760450363159e-01 1.6567494720220566e-02 -3.1813215464353561e-03 8.9393979310989380e-01 3.6100000000000000e+03 8.7533393859863281e+01
-9.9938845634460449e-01 -2.4426938965916634e-02 -2.5019776076078415e-02 1.5717089176177979e+00 -9.9896574020385742e-01 -4.2577907443046570e-02 -1.5951838344335556e-02 1.5468152761459351e+00 1.4410000000000000e+03 2.1862525939941406e+02
9.9997085332870483e-01 2.5385790504515171e-03 7.2110467590391636e-03 9.0773928165435791e-01 9.9994629621505737e-01 9.0187378227710724e-03 -5.1112202927470207e-03 8.9815151691436768e-01 2.7640000000000000e+03 9.5731185913085938e+01
-9.9939060211181641e-01 -2.9938228428363800e-02 -1.7946276813745499e-02 1.5545219182968140e+00 -9.9879610538482666e-01 -3.0096050351858139e-02 -3.8737967610359192e-02 1.6249551773071289e+00 1.0610000000000000e+03 2.3103298950195312e+02
9.9997609853744507e-01 1.2188005348434672e-04 6.9110975600779057e-03 9.0857183933258057e-01 9.9959903955459595e-01 2.6303783059120178e-02 1.0482142679393291e-02 8.7651401758193970e-01 1.2350000000000000e+03 8.4887680053710938e+01
9.9997967481613159e-01 2.3687167558819056e-03 5.9206420555710793e-03 9.1006112098693848e-01 9.9988412857055664e-01 1.5105713158845901e-02 1.9011535914614797e-03 8.8465476036071777e-01 2.6630000000000000e+03 8.5505424499511719e+01
9.9996417760848999e-01 6.9017931818962097e-03 4.9209925346076488e-03 9.0804982185363770e-01 9.9988532066345215e-01 7.8754760324954987e-03 1.2936943210661411e-02 8.4907341003417969e-01 2.2460000000000000e+03 8.6018295288085938e+01
9.9995851516723633e-01 3.7363425362855196e-03 8.3158500492572784e-03 9.0819048881530762e-01 9.9987840652465820e-01 1.5372273512184620e-02 -2.6213063392788172e-03 8.9233261346817017e-01 3.0980000000000000e+03 8.8979019165039062e+01
9.9996590614318848e-01 3.2399778719991446e-03 7.6008359901607037e-03 9.0176409482955933e-01 9.9990582466125488e-01 -5.2403844892978668e-03 1.2680388987064362e-02 8.6836975812911987e-01 1.6000000000000000e+03 9.5541877746582031e+01
9.9995815753936768e-01 4.8709348775446415e-03 7.7438824810087681e-03 9.0200209617614746e-01 9.9981158971786499e-01 1.9405206665396690e-02 -3.3001697738654912e-04 8.8416087627410889e-01 3.1120000000000000e+03 8.4864288330078125e+01
9.9997329711914062e-01 5.3911213763058186e-03 4.9504111520946026e-03 9.0608423948287964e-01 9.9949330091476440e-01 7.0732156746089458e-03 3.1034711748361588e-02 8.2728093862533569e-01 1.6630000000000000e+03 9.8246543884277344e+01
9.9998080730438232e-01 5.7697868905961514e-03 2.2284125443547964e-03 9.0506660938262939e-01 9.9966818094253540e-01 2.5569390505552292e-02 3.1400134321302176e-03 8.9058494567871094e-01 1.3140000000000000e+03 8.6853141784667969e+01
9.9990135431289673e-01 1.0511716827750206e-02 9.3180043622851372e-03 9.0683358907699585e-01 9.9976873397827148e-01 1.9352443516254425e-02 -9.3727335333824158e-03 9.0018922090530396e-01 2.8250000000000000e+03 9.4826904296875000e+01
9.9945592880249023e-01 -1.8680085195228457e-03 3.2930426299571991e-02 9.0422570705413818e-01 9.9914419651031494e-01 4.1020661592483521e-02 5.3062606602907181e-03 8.9803016185760498e-01 2.3690000000000000e+03 8.9580833435058594e+01
-2.8358496725559235e-02 4.9846485257148743e-01 -8.6644589900970459e-01 1.3757179975509644e+00 -2.1798597648739815e-02 -8.1407076120376587e-01 -5.8035641908645630e-01 1.4037424325942993e+00 1.8760000000000000e+03 2.2398826599121094e+02
4.1318004950881004e-03 7.1567761898040771e-01 -6.9841849803924561e-01 6.0919278860092163e-01 1.9431989639997482e-02 -6.6399151086807251e-01 -7.4748754501342773e-01 6.1578446626663208e-01 5.4130000000000000e+03 1.7366358947753906e+02
-8.4736449643969536e-03 9.9925744533538818e-01 3.7587136030197144e-02 1.0744351148605347e+00 6.4404597505927086e-03 4.7726530581712723e-02 -9.9883967638015747e-01 9.6789848804473877e-01 1.2410000000000000e+03 1.3305412292480469e+02
-1.4325580559670925e-02 9.9982154369354248e-01 -1.2315470725297928e-02 1.0501911640167236e+00 8.3794426172971725e-03 -1.8028635531663895e-03 -9.9996328353881836e-01 9.3183428049087524e-01 1.1610000000000000e+03 1.3651469421386719e+02
9.9993652105331421e-01 7.2779571637511253e-03 8.6089419201016426e-03 9.0193766355514526e-01 9.9981540441513062e-01 1.8741991370916367e-02 4.2191185057163239e-03 8.8092410564422607e-01 1.3270000000000000e+03 7.9657325744628906e+01
-1.7147688195109367e-02 9.9981343746185303e-01 -8.8958339765667915e-03 1.0026613473892212e+00 5.3891295101493597e-04 7.6737222261726856e-03 -9.9997037649154663e-01 9.0941029787063599e-01 1.7480000000000000e+03 1.4970834350585938e+02
9.9995094537734985e-01 1.5638263430446386e-03 9.7905099391937256e-03 9.0516704320907593e-01 9.9994021654129028e-01 9.9527267739176750e-03 4.5403293333947659e-03 8.9216196537017822e-01 3.2780000000000000e+03 1.0418242645263672e+02
-9.2185484245419502e-03 9.9995118379592896e-01 -3.5424453672021627e-03 1.0304306745529175e+00 1.4161255210638046e-02 9.7087770700454712e-03 -9.9985253810882568e-01 8.8815003633499146e-01 1.1560000000000000e+03 1.3470468139648438e+02
-3.1727604568004608e-02 9.9945825338363647e-01 8.7479474022984505e-03 9.7300785779953003e-01 7.1991477161645889e-03 1.1671137064695358e-02 -9.9990594387054443e-01 8.6681509017944336e-01 1.7640000000000000e+03 1.3464309692382812e+02
-2.1362280473113060e-02 9.7194409370422363e-01 -2.3424021899700165e-01 8.9041143655776978e-01 1.3965357095003128e-02 -1.3072513043880463e-01 -9.9132025241851807e-01 9.6859121322631836e-01 3.0160000000000000e+03 1.1093905639648438e+02
-2.1362280473113060e-02 9.7194409370422363e-01 -2.3424021899700165e-01 8.9041143655776978e-01 6.0094920918345451e-03 -2.0607490837574005e-01 -9.7851777076721191e-01 8.2926428318023682e-01 4.2660000000000000e+03 1.4440975952148438e+02
9.9998164176940918e-01 -3.3691225107759237e-03 5.0410218536853790e-03 9.1522276401519775e-01 9.9943894147872925e-01 2.3985128849744797e-02 2.3373857140541077e-02 8.6057019233703613e-01 1.9050000000000000e+03 9.2075195312500000e+01
9.9994641542434692e-01 -5.3428590763360262e-04 1.0340338572859764e-02 9.0695291757583618e-01 9.9974155426025391e-01 2.2017000243067741e-02 5.6557753123342991e-03 8.8344877958297729e-01 3.2750000000000000e+03 8.8978286743164062e+01
9.9996167421340942e-01 2.0596096292138100e-03 8.5205901414155960e-03 9.0190309286117554e-01 9.9985939264297485e-01 1.6368625685572624e-02 3.6373569164425135e-03 8.8495117425918579e-01 4.2320000000000000e+03 8.8386589050292969e+01
-9.9887514114379883e-01 -4.7222990542650223e-02 -4.3141935020685196e-03 1.5753227472305298e+00 -9.9469757080078125e-01 -6.5472401678562164e-02 -7.9309932887554169e-02 1.6820763349533081e+00 1.1700000000000000e+03 2.1532260131835938e+02
9.9998319149017334e-01 1.9438609015196562e-03 5.4680332541465759e-03 9.0885806083679199e-01 9.9987804889678955e-01 1.4604398049414158e-02 5.5342214182019234e-03 8.8314521312713623e-01 3.8150000000000000e+03 8.7151336669921875e+01
-9.9943476915359497e-01 -3.3337295055389404e-02 -4.3200636282563210e-03 1.5716625452041626e+00 -9.9917054176330566e-01 -2.9768129810690880e-02 -2.7788113802671432e-02 1.5416576862335205e+00 1.5020000000000000e+03 2.0691744995117188e+02
9.9998646974563599e-01 3.6311179865151644e-03 3.7280253600329161e-03 9.1421961784362793e-01 9.9986714124679565e-01 1.5342721715569496e-02 5.4980576969683170e-03 8.7742125988006592e-01 3.5460000000000000e+03 8.6239959716796875e+01
9.9996876716613770e-01 2.1899819839745760e-03 7.5946464203298092e-03 9.0670806169509888e-01 9.9986588954925537e-01 1.4861993491649628e-02 6.8737161345779896e-03 8.8081568479537964e-01 3.9020000000000000e+03 8.6059379577636719e+01
-9.9951112270355225e-01 -1.7458019778132439e-02 -2.5935992598533630e-02 1.5860475301742554e+00 -9.9854892492294312e-01 -5.1558051258325577e-02 -1.5548505820333958e-02 1.5155280828475952e+00 1.8120000000000000e+03 1.9401710510253906e+02
9.9998605251312256e-01 2.2711679339408875e-03 4.7709830105304718e-03 9.0716212987899780e-01 9.9989509582519531e-01 1.2545360252261162e-02 7.2348429821431637e-03 8.8157904148101807e-01 4.1390000000000000e+03 8.6181365966796875e+01
9.9997955560684204e-01 2.9477186035364866e-03 5.6805731728672981e-03 9.1136515140533447e-01 9.9990922212600708e-01 1.2469789013266563e-02 5.1170801743865013e-03 8.8633340597152710e-01 3.3220000000000000e+03 9.3183326721191406e+01
9.9996858835220337e-01 2.7383083943277597e-03 7.4452017433941364e-03 9.0698552131652832e-01 9.9997061491012573e-01 5.7835280895233154e-03 5.0222170539200306e-03 8.8655084371566772e-01 2.1050000000000000e+03 1.1247458648681641e+02
-9.9867856502532959e-01 -5.0003666430711746e-02 -1.1862032115459442e-02 1.5515887737274170e+00 -9.9882763624191284e-01 -4.7387495636940002e-02 -9.8855057731270790e-03 1.4467171430587769e+00 1.4580000000000000e+03 1.9953178405761719e+02
9.9996864795684814e-01 1.8084970361087471e-04 7.9065272584557533e-03 8.9899855852127075e-01 9.9988919496536255e-01 1.4767673797905445e-02 1.8559588352218270e-03 8.8250082731246948e-01 2.7370000000000000e+03 1.0416699981689453e+02
9.9978798627853394e-01 1.6143042594194412e-03 2.0527085289359093e-02 8.7811225652694702e-01 9.9989014863967896e-01 1.3822200708091259e-02 5.3392611443996429e-03 8.8529723882675171e-01 2.3230000000000000e+03 8.4108909606933594e+01
-2.1745434030890465e-02 5.6889635324478149e-01 -8.2212167978286743e-01 1.4245365858078003e+00 -2.3396864533424377e-02 -7.9687005281448364e-01 -6.0369759798049927e-01 1.3471688032150269e+00 2.9440000000000000e+03 1.9367323303222656e+02
9.9996978044509888e-01 -4.2126011103391647e-03 6.5264748409390450e-03 9.0148729085922241e-01 9.9965029954910278e-01 2.5485023856163025e-02 7.0470273494720459e-03 8.8959258794784546e-01 1.3090000000000000e+03 9.0239761352539062e+01
9.9995559453964233e-01 -2.5457024457864463e-04 9.4177648425102234e-03 8.9808690547943115e-01 9.9986737966537476e-01 1.5316134318709373e-02 -5.5452990345656872e-03 9.0644568204879761e-01 1.7400000000000000e+03 8.7527618408203125e+01
-1.4473288320004940e-02 8.8807177543640137e-01 -4.5947691798210144e-01 6.4024281501770020e-01 1.4387657865881920e-02 -4.1872835159301758e-01 -9.0799748897552490e-01 6.2173426151275635e-01 7.1620000000000000e+03 1.5237503051757812e+02
9.9989712238311768e-01 2.4552878458052874e-03 1.4134037308394909e-02 8.9287590980529785e-01 9.9966138601303101e-01 2.5718992576003075e-02 3.9563747122883797e-03 8.8693761825561523e-01 2.1810000000000000e+03 8.4208274841308594e+01
-9.9904274940490723e-01 -2.5064717978239059e-02 -3.5852883011102676e-02 1.6079398393630981e+00 -9.9897754192352295e-01 -4.5094821602106094e-02 -3.1949277035892010e-03 1.4873614311218262e+00 1.5320000000000000e+03 2.0808680725097656e+02
9.9989628791809082e-01 1.7602356383576989e-03 1.4297143556177616e-02 8.9217627048492432e-01 9.9985194206237793e-01 1.5948433429002762e-02 6.4692595042288303e-03 8.7713706493377686e-01 3.1520000000000000e+03 8.5836891174316406e+01
-9.9921566247940063e-01 -2.4718092754483223e-02 -3.0937373638153076e-02 1.5944725275039673e+00 -9.9820089340209961e-01 -3.9016660302877426e-02 -4.5525610446929932e-02 1.6322976350784302e+00 1.3510000000000000e+03 2.2217616271972656e+02
9.9989879131317139e-01 3.9041587151587009e-03 1.3679522089660168e-02 8.9463752508163452e-01 9.9951672554016113e-01 3.0657190829515457e-02 5.1348200067877769e-03 8.8875031471252441e-01 1.3350000000000000e+03 8.3203849792480469e+01
