-7.8444905579090118e-02 9.4211024045944214e-01 -3.2599776983261108e-01 2.0291495323181152e+00 -5.7548966258764267e-02 3.8727593421936035e-01 -9.2016601562500000e-01 2.0130252838134766e+00 2.3930000000000000e+03 1.2932260131835938e+02
9.9981486797332764e-01 9.1212587431073189e-03 1.6942374408245087e-02 9.0303546190261841e-01 9.9997514486312866e-01 6.6401036456227303e-03 2.3647742345929146e-03 9.1598284244537354e-01 2.7780000000000000e+03 8.0521873474121094e+01
9.9992531538009644e-01 4.0398992132395506e-04 1.2211473658680916e-02 9.0614277124404907e-01 9.9998867511749268e-01 3.9564264006912708e-03 -2.6863918174058199e-03 9.2738848924636841e-01 3.1630000000000000e+03 8.7587730407714844e+01
-9.8728105425834656e-02 9.5419102907180786e-01 -2.8244003653526306e-01 2.2492258548736572e+00 -7.7560357749462128e-02 3.5455614328384399e-01 -9.3181246519088745e-01 2.1870579719543457e+00 1.5340000000000000e+03 1.2627249145507812e+02
-9.8728105425834656e-02 9.5419102907180786e-01 -2.8244003653526306e-01 2.2492258548736572e+00 -6.2426123768091202e-02 4.3074893951416016e-01 -9.0031009912490845e-01 2.2375297546386719e+00 1.0200000000000000e+03 1.8378627014160156e+02
9.9996286630630493e-01 2.7475743554532528e-03 8.1755183637142181e-03 9.1116160154342651e-01 9.9998581409454346e-01 5.3224219009280205e-03 -1.0923646186711267e-04 9.1504317522048950e-01 4.6890000000000000e+03 8.6039451599121094e+01
-9.9933522939682007e-01 -2.9474027454853058e-02 -2.1457800641655922e-02 1.5636742115020752e+00 -9.9896705150604248e-01 -4.2742412537336349e-02 -1.5428523533046246e-02 1.5038514137268066e+00 2.0420000000000000e+03 2.1357052612304688e+02
9.9993497133255005e-01 2.7255795430392027e-03 1.1071732267737389e-02 9.1257190704345703e-01 9.9998766183853149e-01 4.9614524468779564e-03 1.1734447980416007e-05 9.1594779491424561e-01 4.0420000000000000e+03 9.9214744567871094e+01
-9.9942600727081299e-01 -2.6330718770623207e-02 -2.1313391625881195e-02 1.5582134723663330e+00 -9.9924051761627197e-01 -3.6767527461051941e-02 -1.2905692681670189e-02 1.4973872900009155e+00 2.6380000000000000e+03 2.0341432189941406e+02
-9.9941134452819824e-01 -3.2985564321279526e-02 -9.4224335625767708e-03 1.5288217067718506e+00 -9.9865067005157471e-01 -3.1604789197444916e-02 -4.1206199675798416e-02 1.6104282140731812e+00 1.1580000000000000e+03 2.3217962646484375e+02
9.9996989965438843e-01 5.4717408493161201e-03 5.5034435354173183e-03 9.0623086690902710e-01 9.9992346763610840e-01 5.0316313281655312e-03 -1.1304653249680996e-02 9.1838306188583374e-01 1.3630000000000000e+03 9.0606208801269531e+01
9.9989384412765503e-01 -6.0715251602232456e-03 1.3244253583252430e-02 8.9431983232498169e-01 9.9999964237213135e-01 7.9848518362268806e-04 -2.7263545780442655e-04 9.1589343547821045e-01 1.3700000000000000e+03 8.7521873474121094e+01
9.9985980987548828e-01 -2.3957469966262579e-03 1.6567872837185860e-02 8.8156193494796753e-01 9.9997729063034058e-01 1.7591908108443022e-03 -6.5046767704188824e-03 9.1569697856903076e-01 2.7000000000000000e+03 8.4418983459472656e+01
9.9998641014099121e-01 2.2759742569178343e-03 4.7066048718988895e-03 9.1523677110671997e-01 9.9997222423553467e-01 4.0888134390115738e-03 -6.2401648610830307e-03 9.1562545299530029e-01 3.7220000000000000e+03 1.0208544158935547e+02
-9.9890500307083130e-01 -3.6485999822616577e-02 -2.9284708201885223e-02 1.5996625423431396e+00 -9.9906033277511597e-01 -4.2330760508775711e-02 -9.3016251921653748e-03 1.5140435695648193e+00 1.4230000000000000e+03 2.0880686950683594e+02
9.9986791610717773e-01 1.6082387417554855e-02 2.3242053575813770e-03 3.7471392750740051e-01 9.9998700618743896e-01 4.4841268099844456e-03 2.4072655942291021e-03 3.6391100287437439e-01 1.8610000000000000e+03 1.0416725921630859e+02
-8.6449205875396729e-02 3.5519093275070190e-01 -9.3078780174255371e-01 2.7390980720520020e+00 -8.0334715545177460e-02 -3.7103685736656189e-01 -9.2513680458068848e-01 2.6499109268188477e+00 4.2430000000000000e+03 1.9172401428222656e+02
9.9998402595520020e-01 -5.6327139027416706e-03 -2.4054755340330303e-04 9.1951191425323486e-01 9.9993926286697388e-01 1.0196669958531857e-02 4.1822651401162148e-03 8.9342707395553589e-01 2.3930000000000000e+03 1.0115593719482422e+02
9.9994611740112305e-01 -4.6103294007480145e-03 9.2998528853058815e-03 9.1188061237335205e-01 9.9999487400054932e-01 1.8732403405010700e-03 2.5909140240401030e-03 9.0915632247924805e-01 2.8530000000000000e+03 9.4078163146972656e+01
9.9989920854568481e-01 1.3356578536331654e-02 4.8096380196511745e-03 9.1441500186920166e-01 9.9995291233062744e-01 4.8641180619597435e-03 -8.3933062851428986e-03 9.0392118692398071e-01 1.0730000000000000e+03 1.1890307617187500e+02
9.9994409084320068e-01 4.3090516701340675e-03 9.6552129834890366e-03 9.0611660480499268e-01 9.9999862909317017e-01 -4.4348899973556399e-04 -1.6372654354199767e-03 9.0391981601715088e-01 2.5690000000000000e+03 9.8300506591796875e+01
9.9991321563720703e-01 8.4475511685013771e-03 -1.0111181065440178e-02 9.1627532243728638e-01 9.9981600046157837e-01 -1.6353286802768707e-02 -1.0030686855316162e-02 9.0279102325439453e-01 2.5520000000000000e+03 1.0350352478027344e+02
9.9983501434326172e-01 1.0597553104162216e-02 1.4750394038856030e-02 9.1091227531433105e-01 9.9998843669891357e-01 1.7555712256580591e-03 -4.4866618700325489e-03 9.2346465587615967e-01 2.7940000000000000e+03 1.0361846923828125e+02
9.9982815980911255e-01 1.5220448374748230e-02 1.0586149990558624e-02 9.1551679372787476e-01 9.9998277425765991e-01 1.1743912473320961e-03 -5.7508624158799648e-03 9.2020028829574585e-01 1.3130000000000000e+03 1.2517212677001953e+02
9.9952411651611328e-01 2.2890873253345490e-02 2.0675273612141609e-02 8.8857722282409668e-01 9.9999958276748657e-01 8.9619611389935017e-04 -3.8368147215805948e-04 8.9777243137359619e-01 1.0910000000000000e+03 1.1889252471923828e+02
9.9990338087081909e-01 8.5930619388818741e-03 1.0928525589406490e-02 9.0251272916793823e-01 9.9991697072982788e-01 4.8925462178885937e-03 -1.1918222531676292e-02 9.1598790884017944e-01 3.0590000000000000e+03 9.1620246887207031e+01
-5.1788195967674255e-02 9.2746651172637939e-01 -3.7030252814292908e-01 1.5606102943420410e+00 -4.0329992771148682e-02 3.3643516898155212e-01 -9.4084262847900391e-01 1.4971778392791748e+00 1.8210000000000000e+03 1.7048834228515625e+02
-1.8378479406237602e-02 7.5132161378860474e-01 -6.5968030691146851e-01 1.1358044147491455e+00 6.3404734246432781e-03 5.6387241929769516e-02 -9.9838888645172119e-01 1.0944734811782837e+00 3.9480000000000000e+03 1.6384550476074219e+02
-2.9781048651784658e-03 2.3863241076469421e-01 -9.7110545635223389e-01 1.1521080732345581e+00 -3.1245199497789145e-03 -4.7781479358673096e-01 -8.7845504283905029e-01 1.1625494956970215e+00 8.3620000000000000e+03 1.6172499084472656e+02
-2.9781048651784658e-03 2.3863241076469421e-01 -9.7110545635223389e-01 1.1521080732345581e+00 5.9736702591180801e-02 -4.7394537925720215e-01 -8.7852567434310913e-01 9.6119362115859985e-01 3.0680000000000000e+03 1.5487371826171875e+02
9.9996912479400635e-01 -4.5224903151392937e-03 6.4200055785477161e-03 9.0909993648529053e-01 9.9983274936676025e-01 -1.2088845251128078e-03 -1.8248045817017555e-02 9.3799412250518799e-01 1.1830000000000000e+03 9.3536476135253906e+01
9.9998897314071655e-01 -4.5998715795576572e-03 9.0977037325501442e-04 9.2007082700729370e-01 9.9988120794296265e-01 1.0763823986053467e-02 -1.1031216941773891e-02 9.2017638683319092e-01 1.5980000000000000e+03 9.9982475280761719e+01
9.9983155727386475e-01 3.4291257616132498e-03 1.8032131716609001e-02 8.9220082759857178e-01 9.9997353553771973e-01 -3.6923214793205261e-03 -6.2669506296515465e-03 9.1625207662582397e-01 1.6530000000000000e+03 1.0550877380371094e+02
9.9989289045333862e-01 8.9968796819448471e-03 1.1546574532985687e-02 8.9144146442413330e-01 9.9998247623443604e-01 -5.8356509543955326e-03 -9.3576009385287762e-04 9.0066105127334595e-01 2.0240000000000000e+03 1.1328595733642578e+02
-1.0927739553153515e-02 7.0174908638000488e-01 -7.1234041452407837e-01 8.1532245874404907e-01 7.7273510396480560e-03 -1.9160062074661255e-02 -9.9978655576705933e-01 7.9422199726104736e-01 6.6600000000000000e+03 1.6918032836914062e+02
-2.6091463863849640e-02 6.8542730808258057e-01 -7.2767341136932373e-01 1.3339653015136719e+00 4.3568629771471024e-03 -3.4555789083242416e-02 -9.9939322471618652e-01 1.3058320283889771e+00 5.1410000000000000e+03 1.8538999938964844e+02
9.9991428852081299e-01 1.1931150220334530e-02 5.3951493464410305e-03 9.1964089870452881e-01 9.9991583824157715e-01 1.2816978618502617e-02 -1.9960671197623014e-03 9.0932470560073853e-01 2.9840000000000000e+03 9.5004020690917969e+01
9.9994695186614990e-01 1.0062970221042633e-02 2.1846054587513208e-03 9.1901844739913940e-01 9.9992483854293823e-01 1.1646890081465244e-02 -3.8360366597771645e-03 9.0661346912384033e-01 3.0610000000000000e+03 9.5585754394531250e+01
9.9995303153991699e-01 8.3054406568408012e-03 -5.0040618516504765e-03 9.2773956060409546e-01 9.9995845556259155e-01 8.9614279568195343e-03 -1.6818224685266614e-03 9.0312963724136353e-01 2.9910000000000000e+03 9.2206954956054688e+01
9.9995833635330200e-01 9.1240787878632545e-03 4.3545305379666388e-04 9.2263203859329224e-01 9.9991518259048462e-01 1.2598838657140732e-02 -3.2959466334432364e-03 9.0303504467010498e-01 3.0960000000000000e+03 8.9644378662109375e+01
9.9996733665466309e-01 -7.6915556564927101e-03 -2.4984991177916527e-03 9.1007250547409058e-01 9.9992114305496216e-01 -1.2347973883152008e-02 -2.2593224421143532e-03 9.0675771236419678e-01 2.9150000000000000e+03 1.1356775665283203e+02
-9.9923628568649292e-01 -2.9521632939577103e-02 -2.5597419589757919e-02 1.6139588356018066e+00 -9.9968820810317993e-01 -1.1495510116219521e-02 -2.2166857495903969e-02 1.5508646965026855e+00 1.6560000000000000e+03 2.1844395446777344e+02
9.9989598989486694e-01 3.5468908026814461e-03 1.3973830267786980e-02 9.0826100111007690e-01 9.9995613098144531e-01 8.7051428854465485e-03 3.4532917197793722e-03 9.0931606292724609e-01 3.5840000000000000e+03 7.8246215820312500e+01
3.2269805669784546e-03 -5.3120441734790802e-03 -9.9998074769973755e-01 1.0164737701416016e+00 -1.1451967060565948e-02 -7.0127922296524048e-01 -7.1279478073120117e-01 1.0490537881851196e+00 8.9380000000000000e+03 1.7333071899414062e+02
9.9988961219787598e-01 4.7640050761401653e-03 1.4074493199586868e-02 9.0313309431076050e-01 9.9992531538009644e-01 1.5972031978890300e-03 -1.2117756530642509e-02 9.1533941030502319e-01 2.2700000000000000e+03 1.0008624267578125e+02
9.9984323978424072e-01 8.7145874276757240e-03 1.5410725027322769e-02 9.0001487731933594e-01 9.9990320205688477e-01 4.1200150735676289e-03 -1.3292847201228142e-02 9.1727840900421143e-01 2.2490000000000000e+03 9.9825340270996094e+01
9.9998027086257935e-01 -4.2913183569908142e-03 4.6001649461686611e-03 9.1569954156875610e-01 9.9991297721862793e-01 -9.4336150214076042e-03 -9.2277405783534050e-03 9.1111898422241211e-01 1.4500000000000000e+03 1.1498345184326172e+02
9.9973553419113159e-01 4.2906804010272026e-03 2.2593991830945015e-02 8.8359290361404419e-01 9.9991697072982788e-01 7.1904491633176804e-03 1.0699464008212090e-02 8.8762068748474121e-01 1.2040000000000000e+03 7.3100189208984375e+01
9.9992614984512329e-01 3.3034202642738819e-03 1.1691312305629253e-02 8.9082431793212891e-01 9.9997127056121826e-01 5.0335195846855640e-03 -5.6588943116366863e-03 9.0768682956695557e-01 3.5880000000000000e+03 8.1584381103515625e+01
9.9996125698089600e-01 4.0628579445183277e-03 7.8060547821223736e-03 9.1179835796356201e-01 9.9997007846832275e-01 7.4393223039805889e-03 2.1365797147154808e-03 8.9581727981567383e-01 2.7710000000000000e+03 1.0336701202392578e+02
-9.9944853782653809e-01 -3.0274407938122749e-02 -1.3640847057104111e-02 1.2274810075759888e+00 -9.9948614835739136e-01 -2.3909965530037880e-02 -2.1346401423215866e-02 1.2398247718811035e+00 1.1350000000000000e+03 2.2894448852539062e+02
9.9995166063308716e-01 1.8398901447653770e-03 9.6575627103447914e-03 9.0644663572311401e-01 9.9982672929763794e-01 1.5414764173328876e-02 1.0434199124574661e-02 8.7825453281402588e-01 1.6110000000000000e+03 8.7533393859863281e+01
-9.9938845634460449e-01 -2.4426938965916634e-02 -2.5019776076078415e-02 1.5717089176177979e+00 -9.9802112579345703e-01 -3.4622412174940109e-02 -5.2488483488559723e-02 1.6407805681228638e+00 1.8680000000000000e+03 2.0261958312988281e+02
9.9997085332870483e-01 2.5385790504515171e-03 7.2110467590391636e-03 9.0773928165435791e-01 9.9995702505111694e-01 8.8737094774842262e-03 -2.6757661253213882e-03 8.9825159311294556e-01 3.4660000000000000e+03 8.5238639831542969e+01
-9.9939060211181641e-01 -2.9938228428363800e-02 -1.7946276813745499e-02 1.5545219182968140e+00 -9.9949193000793457e-01 -2.6119058951735497e-02 -1.8267715349793434e-02 1.5436011552810669e+00 2.1670000000000000e+03 2.0126626586914062e+02
9.9997609853744507e-01 1.2188005348434672e-04 6.9110975600779057e-03 9.0857183933258057e-01 9.9997323751449585e-01 5.6264167651534081e-03 -4.6595046296715736e-03 9.0612590312957764e-01 4.3840000000000000e+03 8.4887680053710938e+01
-9.9929112195968628e-01 -2.8478339314460754e-02 -2.4622667580842972e-02 1.5780014991760254e+00 -9.9903386831283569e-01 -3.4256581217050552e-02 -2.7529120445251465e-02 1.5749664306640625e+00 2.8290000000000000e+03 1.9713740539550781e+02
9.9997967481613159e-01 2.3687167558819056e-03 5.9206420555710793e-03 9.1006112098693848e-01 9.9997437000274658e-01 4.3480200693011284e-03 -5.6907851248979568e-03 9.0707278251647949e-01 3.6300000000000000e+03 9.5577133178710938e+01
-9.9923449754714966e-01 -2.9857793822884560e-02 -2.5275943800806999e-02 1.5849134922027588e+00 -9.9918228387832642e-01 -3.6803860217332840e-02 -1.6739921644330025e-02 1.5486092567443848e+00 3.0400000000000000e+03 2.0079177856445312e+02
9.9996417760848999e-01 6.9017931818962097e-03 4.9209925346076488e-03 9.0804982185363770e-01 9.9991035461425781e-01 8.1175975501537323e-03 -1.0644253343343735e-02 9.0706932544708252e-01 4.4510000000000000e+03 8.6018295288085938e+01
-9.9930679798126221e-01 -3.3978115767240524e-02 -1.5208458527922630e-02 1.5570205450057983e+00 -9.9918937683105469e-01 -3.9382696151733398e-02 -8.3349216729402542e-03 1.5424736738204956e+00 2.6280000000000000e+03 2.0412785339355469e+02
9.9995851516723633e-01 3.7363425362855196e-03 8.3158500492572784e-03 9.0819048881530762e-01 9.9995172023773193e-01 9.0578598901629448e-03 -3.8132162299007177e-03 9.0477049350738525e-01 5.3090000000000000e+03 8.8523826599121094e+01
-9.9923932552337646e-01 -3.7907011806964874e-02 -9.1643631458282471e-03 1.5277924537658691e+00 -9.9901825189590454e-01 -3.2503250986337662e-02 -3.0103003606200218e-02 1.5911369323730469e+00 2.6110000000000000e+03 1.9743623352050781e+02
9.9996590614318848e-01 3.2399778719991446e-03 7.6008359901607037e-03 9.0176409482955933e-01 9.9992537498474121e-01 7.8629525378346443e-03 -9.3449074774980545e-03 9.0792119503021240e-01 5.3310000000000000e+03 8.6323143005371094e+01
-9.9907571077346802e-01 -3.7345536053180695e-02 -2.1281694993376732e-02 1.5803768634796143e+00 -9.9950593709945679e-01 -2.2225541993975639e-02 -2.2225549444556236e-02 1.5915439128875732e+00 3.1720000000000000e+03 1.9910214233398438e+02
9.9996924400329590e-01 6.0987072065472603e-03 4.9262545071542263e-03 9.0709418058395386e-01 9.9991881847381592e-01 9.1666635125875473e-03 -8.8437674567103386e-03 9.0629523992538452e-01 5.1590000000000000e+03 9.0535758972167969e+01
-9.9896168708801270e-01 -3.9154440164566040e-02 -2.3294588550925255e-02 1.5881929397583008e+00 -9.9938005208969116e-01 -3.4578431397676468e-02 -6.6324551589787006e-03 1.5358566045761108e+00 2.3780000000000000e+03 2.0132926940917969e+02
9.9997395277023315e-01 -1.7066719010472298e-04 7.2154961526393890e-03 9.0933871269226074e-01 9.9998623132705688e-01 4.3304599821567535e-03 -2.9592614155262709e-03 9.0599244832992554e-01 3.9970000000000000e+03 9.9958221435546875e+01
-9.9909996986389160e-01 -3.4806568175554276e-02 -2.4243086576461792e-02 1.5770596265792847e+00 -9.9892705678939819e-01 -4.2958892881870270e-02 -1.7299691215157509e-02 1.5597075223922729e+00 2.4350000000000000e+03 2.0703901672363281e+02
9.9997687339782715e-01 4.2737383046187460e-04 6.7807715386152267e-03 9.0249729156494141e-01 9.9999070167541504e-01 3.5447643604129553e-03 -2.4603886995464563e-03 9.0086227655410767e-01 5.1730000000000000e+03 8.9907737731933594e+01
-9.9916195869445801e-01 -2.8196334838867188e-02 -2.9672244563698769e-02 1.6193705797195435e+00 -9.9933099746704102e-01 -2.8862576931715012e-02 -2.2459626197814941e-02 1.5700896978378296e+00 2.9260000000000000e+03 1.9144049072265625e+02
9.9995815753936768e-01 4.8709348775446415e-03 7.7438824810087681e-03 9.0200209617614746e-01 9.9998700618743896e-01 1.9435518188402057e-03 -4.7153811901807785e-03 9.0155935287475586e-01 2.9770000000000000e+03 1.1440107727050781e+02
-9.9898982048034668e-01 -3.4492127597332001e-02 -2.8805131092667580e-02 1.6068532466888428e+00 -9.9848955869674683e-01 -5.0615727901458740e-02 -2.1370599046349525e-02 1.5853751897811890e+00 2.4560000000000000e+03 2.0860667419433594e+02
9.9997329711914062e-01 5.3911213763058186e-03 4.9504111520946026e-03 9.0608423948287964e-01 9.9990671873092651e-01 1.2795124202966690e-02 4.7748051583766937e-03 8.7697809934616089e-01 2.6080000000000000e+03 8.9048141479492188e+01
9.9990135431289673e-01 1.0511716827750206e-02 9.3180043622851372e-03 9.0683358907699585e-01 9.9943786859512329e-01 3.1124051660299301e-02 1.2457477860152721e-02 8.7980502843856812e-01 1.3380000000000000e+03 9.4826904296875000e+01
9.9995595216751099e-01 4.7191889025270939e-03 8.1177335232496262e-03 9.1593492031097412e-01 9.9998426437377930e-01 5.0399214960634708e-03 -2.4782507680356503e-03 9.0633499622344971e-01 3.1920000000000000e+03 8.3496223449707031e+01
9.9987232685089111e-01 5.1699504256248474e-03 1.5118987299501896e-02 8.9942920207977295e-01 9.9998211860656738e-01 4.8682056367397308e-03 -3.4693751949816942e-03 9.1176813840866089e-01 1.2620000000000000e+03 1.0275991058349609e+02
5.3866291418671608e-03 -7.2267696261405945e-02 -9.9737066030502319e-01 1.1357023715972900e+00 -2.3918354883790016e-02 -7.5191724300384521e-01 -6.5882343053817749e-01 1.1729781627655029e+00 6.8090000000000000e+03 1.8474224853515625e+02
-1.8059609457850456e-02 6.2747251987457275e-01 -7.7842926979064941e-01 8.3978211879730225e-01 9.9744327366352081e-02 -1.0211735963821411e-01 -9.8975914716720581e-01 6.6005349159240723e-01 1.0510000000000000e+03 1.2061750793457031e+02
9.9995744228363037e-01 -6.6897645592689514e-03 6.3548549078404903e-03 9.1476297378540039e-01 9.9997937679290771e-01 -6.2436251901090145e-03 1.4926020521670580e-03 9.1166883707046509e-01 1.9570000000000000e+03 9.4428718566894531e+01
9.9978613853454590e-01 9.0019209310412407e-03 1.8619317561388016e-02 9.0061211585998535e-01 9.9982905387878418e-01 1.7752747982740402e-02 -5.1591419614851475e-03 9.0670502185821533e-01 3.2880000000000000e+03 1.0183728790283203e+02
-2.1583041176199913e-02 3.3460706472396851e-02 -9.9920696020126343e-01 1.9350084066390991e+00 -4.0522042661905289e-02 -5.9741985797882080e-01 -8.0090421438217163e-01 1.9809807538986206e+00 2.9140000000000000e+03 1.8749942016601562e+02
9.9992376565933228e-01 9.1778282076120377e-03 8.2520870491862297e-03 9.0290230512619019e-01 9.9989432096481323e-01 5.6899548508226871e-03 -1.3376429677009583e-02 9.2635244131088257e-01 2.7030000000000000e+03 8.9511650085449219e+01
9.9945372343063354e-01 1.0234507732093334e-02 3.1425878405570984e-02 8.6812961101531982e-01 9.9994111061096191e-01 -6.9775088923051953e-04 1.0835099965333939e-02 8.9553517103195190e-01 1.4060000000000000e+03 1.1296799468994141e+02
-2.8358496725559235e-02 4.9846485257148743e-01 -8.6644589900970459e-01 1.3757179975509644e+00 -1.5581550076603889e-02 -2.1149422228336334e-01 -9.7725504636764526e-01 1.3246234655380249e+00 2.9400000000000000e+03 1.5269046020507812e+02
-5.7016364298760891e-03 1.3271787203848362e-02 -9.9989569187164307e-01 1.3118652105331421e+00 -4.1925039142370224e-02 -6.7901164293289185e-01 -7.3292940855026245e-01 1.3403615951538086e+00 2.2190000000000000e+03 2.1580982971191406e+02
9.9993824958801270e-01 2.0587623585015535e-03 1.0916383937001228e-02 9.0736067295074463e-01 9.9980622529983521e-01 1.5637807548046112e-02 1.1960775591433048e-02 8.9565867185592651e-01 2.3310000000000000e+03 6.9137283325195312e+01
-8.4736449643969536e-03 9.9925744533538818e-01 3.7587136030197144e-02 1.0744351148605347e+00 -1.4223976060748100e-02 7.1047580242156982e-01 -7.0357781648635864e-01 1.0165073871612549e+00 1.2410000000000000e+03 1.8423922729492188e+02
-9.9960714578628540e-01 -1.5392485074698925e-02 -2.3419661447405815e-02 1.6270265579223633e+00 -9.9927151203155518e-01 -2.9194429516792297e-02 -2.4579163640737534e-02 1.4332416057586670e+00 1.4370000000000000e+03 1.7740272521972656e+02
9.9995887279510498e-01 4.4926744885742664e-03 7.8824777156114578e-03 9.0645134449005127e-01 9.9998134374618530e-01 6.0432716272771358e-03 8.0465170321986079e-04 8.9896553754806519e-01 1.4860000000000000e+03 1.0693338012695312e+02
-1.4325580559670925e-02 9.9982154369354248e-01 -1.2315470725297928e-02 1.0501911640167236e+00 -8.0435266718268394e-03 6.8064630031585693e-01 -7.3256802558898926e-01 9.7774183750152588e-01 1.1610000000000000e+03 1.3582772827148438e+02
-1.7147688195109367e-02 9.9981343746185303e-01 -8.8958339765667915e-03 1.0026613473892212e+00 -1.1740135960280895e-02 6.7914265394210815e-01 -7.3391240835189819e-01 9.4841122627258301e-01 1.7480000000000000e+03 1.3421627807617188e+02
9.9990677833557129e-01 -4.0944870561361313e-03 1.3018839061260223e-02 9.1222029924392700e-01 9.9984353780746460e-01 1.1114984750747681e-02 1.3760872185230255e-02 8.9306515455245972e-01 2.9130000000000000e+03 8.3625595092773438e+01
-9.2185484245419502e-03 9.9995118379592896e-01 -3.5424453672021627e-03 1.0304306745529175e+00 -1.3638496166095138e-03 6.9567185640335083e-01 -7.1835839748382568e-01 9.0689915418624878e-01 1.1560000000000000e+03 1.7539147949218750e+02
-9.9973732233047485e-01 -1.4978990890085697e-02 -1.7348160967230797e-02 1.6024791002273560e+00 -9.9954795837402344e-01 -1.1634049937129021e-02 -2.7723461389541626e-02 1.4233813285827637e+00 1.3990000000000000e+03 1.8706648254394531e+02
9.9990022182464600e-01 1.7344702500849962e-03 1.4021740294992924e-02 9.0016996860504150e-01 9.9988180398941040e-01 1.4909282326698303e-02 3.7464536726474762e-03 8.8928711414337158e-01 1.4570000000000000e+03 1.0832532501220703e+02
-3.1727604568004608e-02 9.9945825338363647e-01 8.7479474022984505e-03 9.7300785779953003e-01 -3.5845928359776735e-03 6.8177181482315063e-01 -7.3155611753463745e-01 9.1208225488662720e-01 1.7640000000000000e+03 1.2420635223388672e+02
-2.1362280473113060e-02 9.7194409370422363e-01 -2.3424021899700165e-01 8.9041143655776978e-01 -4.8835943453013897e-03 4.8753622174263000e-01 -8.7308919429779053e-01 8.4666550159454346e-01 4.2660000000000000e+03 1.3317204284667969e+02
-1.3917986303567886e-02 9.2226260900497437e-01 -3.8631334900856018e-01 1.0387409925460815e+00 1.0686457972042263e-04 3.5116133093833923e-01 -9.3631505966186523e-01 9.8472434282302856e-01 7.8100000000000000e+03 1.5209098815917969e+02
-1.6345517709851265e-02 8.1706196069717407e-01 -5.7631814479827881e-01 1.3393245935440063e+00 1.0826042853295803e-03 1.9953267276287079e-01 -9.7989058494567871e-01 1.3406795263290405e+00 1.0325000000000000e+04 1.5098504638671875e+02
-2.7093702927231789e-02 8.1966143846511841e-01 -5.7220727205276489e-01 1.7548754215240479e+00 5.0999210216104984e-03 1.0730054974555969e-01 -9.9421352148056030e-01 1.6760686635971069e+00 6.2980000000000000e+03 1.4311273193359375e+02
-2.7093702927231789e-02 8.1966143846511841e-01 -5.7220727205276489e-01 1.7548754215240479e+00 -4.5106341131031513e-03 1.7002116143703461e-01 -9.8543012142181396e-01 1.7383481264114380e+00 4.1300000000000000e+03 1.8266464233398438e+02
9.9994641542434692e-01 -5.3428590763360262e-04 1.0340338572859764e-02 9.0695291757583618e-01 9.9998980760574341e-01 3.8774940185248852e-03 -2.3144944570958614e-03 9.1019141674041748e-01 1.9280000000000000e+03 8.8978286743164062e+01
-4.1302569210529327e-02 8.0975347757339478e-01 -5.8531498908996582e-01 2.1372349262237549e+00 -1.5579365193843842e-02 7.3470532894134521e-02 -9.9717575311660767e-01 2.0925931930541992e+00 4.2700000000000000e+03 1.7025819396972656e+02
9.9996167421340942e-01 2.0596096292138100e-03 8.5205901414155960e-03 9.0190309286117554e-01 9.9998199939727783e-01 5.6496476754546165e-03 2.0445012487471104e-03 8.9271718263626099e-01 3.2370000000000000e+03 8.8386589050292969e+01
9.9998319149017334e-01 1.9438609015196562e-03 5.4680332541465759e-03 9.0885806083679199e-01 9.9998456239700317e-01 4.8325778916478157e-03 -2.7510002255439758e-03 9.0391421318054199e-01 4.1070000000000000e+03 8.7151336669921875e+01
9.9998646974563599e-01 3.6311179865151644e-03 3.7280253600329161e-03 9.1421961784362793e-01 9.9996578693389893e-01 7.8409472480416298e-03 -2.6232297532260418e-03 8.9928376674652100e-01 4.7920000000000000e+03 8.6239959716796875e+01
9.9996876716613770e-01 2.1899819839745760e-03 7.5946464203298092e-03 9.0670806169509888e-01 9.9998599290847778e-01 5.3010322153568268e-03 6.1703185565420426e-06 8.9745783805847168e-01 4.6280000000000000e+03 8.6059379577636719e+01
-9.9951112270355225e-01 -1.7458019778132439e-02 -2.5935992598533630e-02 1.5860475301742554e+00 -9.9902564287185669e-01 -2.4265997111797333e-02 -3.6863293498754501e-02 1.5792603492736816e+00 1.8060000000000000e+03 1.9942137145996094e+02
9.9998605251312256e-01 2.2711679339408875e-03 4.7709830105304718e-03 9.0716212987899780e-01 9.9999547004699707e-01 2.9538292437791824e-03 -5.1803712267428637e-04 8.9919394254684448e-01 3.9460000000000000e+03 8.6181365966796875e+01
9.9997955560684204e-01 2.9477186035364866e-03 5.6805731728672981e-03 9.1136515140533447e-01 9.9998319149017334e-01 5.6077563203871250e-03 1.5212749131023884e-03 8.9646208286285400e-01 4.6520000000000000e+03 8.5959930419921875e+01
-9.9913638830184937e-01 -2.6509059593081474e-02 -3.1995646655559540e-02 1.5998524427413940e+00 -9.9937081336975098e-01 -3.3010758459568024e-02 -1.2972975149750710e-02 1.5190454721450806e+00 2.4360000000000000e+03 2.0152545166015625e+02
9.9996858835220337e-01 2.7383083943277597e-03 7.4452017433941364e-03 9.0698552131652832e-01 9.9998646974563599e-01 4.6822647564113140e-03 -2.2854239214211702e-03 9.0051674842834473e-01 5.1610000000000000e+03 8.6510559082031250e+01
-9.9939286708831787e-01 -2.4362236261367798e-02 -2.4907421320676804e-02 1.5841783285140991e+00 -9.9918180704116821e-01 -3.3787377178668976e-02 -2.2231729701161385e-02 1.5526895523071289e+00 2.6630000000000000e+03 2.0004092407226562e+02
9.9995315074920654e-01 1.1652896646410227e-03 9.6102729439735413e-03 9.0577876567840576e-01 9.9999028444290161e-01 4.3601347133517265e-03 6.6370813874527812e-04 9.0025401115417480e-01 4.8320000000000000e+03 9.0334854125976562e+01
-9.9929583072662354e-01 -2.4151761084794998e-02 -2.8715118765830994e-02 1.5923336744308472e+00 -9.9905610084533691e-01 -3.7511799484491348e-02 -2.1905496716499329e-02 1.5507570505142212e+00 2.6350000000000000e+03 1.9857078552246094e+02
9.9994975328445435e-01 3.2429699786007404e-03 9.4873495399951935e-03 9.0199702978134155e-01 9.9999922513961792e-01 7.6395337237045169e-04 -1.0430084075778723e-03 9.0082269906997681e-01 2.3680000000000000e+03 1.1776900482177734e+02
-9.9926233291625977e-01 -2.6078112423419952e-02 -2.8189076110720634e-02 1.5951198339462280e+00 -9.9869507551193237e-01 -4.8086430877447128e-02 -1.7198124900460243e-02 1.5485113859176636e+00 2.3710000000000000e+03 2.0982243347167969e+02
-9.9914622306823730e-01 -3.1624626368284225e-02 -2.6582149788737297e-02 1.5773049592971802e+00 -9.9854588508605957e-01 -3.7461459636688232e-02 -3.8765609264373779e-02 1.6063790321350098e+00 1.1400000000000000e+03 2.3006404113769531e+02
-7.3875756934285164e-03 8.1545859575271606e-01 -5.7876831293106079e-01 1.4324617385864258e+00 8.4950141608715057e-03 1.2215828150510788e-01 -9.9247431755065918e-01 1.3275492191314697e+00 6.1220000000000000e+03 1.3134793090820312e+02
9.9978798627853394e-01 1.6143042594194412e-03 2.0527085289359093e-02 8.7811225652694702e-01 9.9999660253524780e-01 1.2602936476469040e-03 2.2766019683331251e-03 8.9168167114257812e-01 2.3230000000000000e+03 1.0441718292236328e+02
9.9990826845169067e-01 6.7616663873195648e-03 1.1735855601727962e-02 9.0302109718322754e-01 9.9997276067733765e-01 7.3262713849544525e-03 8.9264713460579515e-04 8.9597922563552856e-01 2.7350000000000000e+03 8.3128181457519531e+01
9.9969041347503662e-01 1.3421547599136829e-02 2.0947556942701340e-02 8.8686126470565796e-01 9.9999582767486572e-01 2.3412655573338270e-03 -1.6941981157287955e-03 9.1868722438812256e-01 2.2200000000000000e+03 9.8164535522460938e+01
9.9994885921478271e-01 7.3462305590510368e-03 6.9560161791741848e-03 8.9646798372268677e-01 9.9993985891342163e-01 -1.0844566859304905e-02 1.6229542670771480e-03 8.9457023143768311e-01 1.9110000000000000e+03 1.1178179168701172e+02
-2.1745434030890465e-02 5.6889635324478149e-01 -8.2212167978286743e-01 1.4245365858078003e+00 8.6968025425449014e-04 -1.4610975980758667e-01 -9.8926806449890137e-01 1.3012409210205078e+00 3.0020000000000000e+03 1.7976148986816406e+02
-8.5140038281679153e-03 -9.5032416284084320e-02 -9.9543768167495728e-01 1.4508924484252930e+00 -2.2352546453475952e-02 -7.6384437084197998e-01 -6.4501333236694336e-01 1.4508781433105469e+00 2.0600000000000000e+03 2.1950485229492188e+02
9.9996978044509888e-01 -4.2126011103391647e-03 6.5264748409390450e-03 9.0148729085922241e-01 9.9986749887466431e-01 1.6053752973675728e-02 2.6891145389527082e-03 8.9816468954086304e-01 1.2410000000000000e+03 9.0239761352539062e+01
9.9995559453964233e-01 -2.5457024457864463e-04 9.4177648425102234e-03 8.9808690547943115e-01 9.9984800815582275e-01 3.7234283518046141e-03 -1.7030481249094009e-02 9.3370807170867920e-01 1.9190000000000000e+03 8.7527618408203125e+01
9.9990350008010864e-01 -4.0610162541270256e-03 1.3286906294524670e-02 8.8300204277038574e-01 9.9998331069946289e-01 -1.7154893139377236e-03 -5.5226339027285576e-03 9.1245430707931519e-01 1.9310000000000000e+03 1.0055463409423828e+02
9.9845063686370850e-01 -1.1846719309687614e-02 5.4370041936635971e-02 8.3199518918991089e-01 9.9990868568420410e-01 1.1658358387649059e-02 6.8338029086589813e-03 8.9592492580413818e-01 1.3910000000000000e+03 8.3678649902343750e+01
9.9982768297195435e-01 1.5250834403559566e-03 1.8501983955502510e-02 8.9002847671508789e-01 9.9973714351654053e-01 2.2738113999366760e-02 -2.9561489354819059e-03 8.9729303121566772e-01 1.2370000000000000e+03 1.1575424194335938e+02
9.9991726875305176e-01 1.2672329321503639e-03 1.2802393175661564e-02 8.9013856649398804e-01 9.9994140863418579e-01 9.1522717848420143e-03 -5.7856016792356968e-03 9.0501719713211060e-01 1.5370000000000000e+03 1.1324528503417969e+02
9.9993866682052612e-01 6.8069621920585632e-03 8.7427170947194099e-03 9.0495115518569946e-01 9.9994826316833496e-01 9.1566406190395355e-03 -4.4318074360489845e-03 9.0262430906295776e-01 2.6080000000000000e+03 1.0786004638671875e+02
-9.9926108121871948e-01 -3.0006082728505135e-02 -2.4021377786993980e-02 1.2581572532653809e+00 -9.9926304817199707e-01 -2.0823311060667038e-02 -3.2247353345155716e-02 1.2680213451385498e+00 1.1420000000000000e+03 2.3078897094726562e+02
9.9989628791809082e-01 1.7602356383576989e-03 1.4297143556177616e-02 8.9217627048492432e-01 9.9990236759185791e-01 1.1151063255965710e-02 8.4227481856942177e-03 8.8170951604843140e-01 1.9750000000000000e+03 8.5836891174316406e+01
-9.9921566247940063e-01 -2.4718092754483223e-02 -3.0937373638153076e-02 1.5944725275039673e+00 -9.9939262866973877e-01 -3.0745485797524452e-02 -1.6402298584580421e-02 1.5230479240417480e+00 1.8390000000000000e+03 2.0213975524902344e+02
9.9989879131317139e-01 3.9041587151587009e-03 1.3679522089660168e-02 8.9463752508163452e-01 9.9996095895767212e-01 7.7763595618307590e-03 -4.1964561678469181e-03 9.0755468606948853e-01 3.1830000000000000e+03 8.3203849792480469e+01
-9.9883347749710083e-01 -3.6461737006902695e-02 -3.1657829880714417e-02 1.5922652482986450e+00 -9.9869883060455322e-01 -4.8247385770082474e-02 -1.6517959535121918e-02 1.5400228500366211e+00 1.6830000000000000e+03 2.0848365783691406e+02
