9.9973613023757935e-01 -2.2766832262277603e-02 3.0802628025412560e-03 9.0034186840057373e-01 9.9997514486312866e-01 6.6401036456227303e-03 2.3647742345929146e-03 9.1598284244537354e-01 2.7780000000000000e+03 8.6180053710937500e+01
9.9972623586654663e-01 -2.3396460339426994e-02 -2.2891932167112827e-04 9.0225815773010254e-01 9.9998867511749268e-01 3.9564264006912708e-03 -2.6863918174058199e-03 9.2738848924636841e-01 3.1630000000000000e+03 8.7587730407714844e+01
9.9968653917312622e-01 -2.5029605254530907e-02 -5.7297485182061791e-04 8.9919233322143555e-01 9.9998581409454346e-01 5.3224219009280205e-03 -1.0923646186711267e-04 9.1504317522048950e-01 4.2810000000000000e+03 8.6039451599121094e+01
-9.9998950958251953e-01 2.4820929393172264e-03 3.8487135898321867e-03 1.5143381357192993e+00 -9.9896705150604248e-01 -4.2742412537336349e-02 -1.5428523533046246e-02 1.5038514137268066e+00 1.9130000000000000e+03 2.1357052612304688e+02
-9.9966746568679810e-01 2.5487139821052551e-02 -3.9148894138634205e-03 1.5372016429901123e+00 -9.9924051761627197e-01 -3.6767527461051941e-02 -1.2905692681670189e-02 1.4973872900009155e+00 1.0220000000000000e+03 2.0341432189941406e+02
9.9986118078231812e-01 -1.6066994518041611e-02 4.4168587774038315e-03 8.9821833372116089e-01 9.9996030330657959e-01 -1.7547602765262127e-03 8.7343454360961914e-03 8.8957536220550537e-01 1.6830000000000000e+03 8.9032577514648438e+01
9.9971044063568115e-01 -1.1361518874764442e-02 2.1208278834819794e-02 3.5141783952713013e-01 9.9995690584182739e-01 5.7158875279128551e-03 -7.3167630471289158e-03 3.7028491497039795e-01 1.5640000000000000e+03 8.9845268249511719e+01
9.9985551834106445e-01 -1.3745550997555256e-02 1.0001836344599724e-02 8.9667910337448120e-01 9.9999862909317017e-01 -4.4348899973556399e-04 -1.6372654354199767e-03 9.0391981601715088e-01 1.9350000000000000e+03 9.8300506591796875e+01
9.9920105934143066e-01 -3.6731425672769547e-02 1.5751427039504051e-02 8.8563668727874756e-01 9.9998277425765991e-01 1.1743912473320961e-03 -5.7508624158799648e-03 9.2020028829574585e-01 1.0960000000000000e+03 1.2517212677001953e+02
9.9955260753631592e-01 -2.9245397076010704e-02 6.2784217298030853e-03 8.9590460062026978e-01 9.9991583824157715e-01 1.2816978618502617e-02 -1.9960671197623014e-03 9.0932470560073853e-01 1.5540000000000000e+03 6.5996139526367188e+01
9.9984866380691528e-01 -1.2284084223210812e-02 1.2318231165409088e-02 8.9351904392242432e-01 9.9992483854293823e-01 1.1646890081465244e-02 -3.8360366597771645e-03 9.0661346912384033e-01 1.5940000000000000e+03 6.8107276916503906e+01
9.9967712163925171e-01 -2.4347735568881035e-02 7.2736120782792568e-03 8.8965165615081787e-01 9.9995845556259155e-01 8.9614279568195343e-03 -1.6818224685266614e-03 9.0312963724136353e-01 1.7380000000000000e+03 7.0208312988281250e+01
9.9976742267608643e-01 -1.5826663002371788e-02 1.4652060344815254e-02 8.8699251413345337e-01 9.9991518259048462e-01 1.2598838657140732e-02 -3.2959466334432364e-03 9.0303504467010498e-01 1.3720000000000000e+03 6.8102752685546875e+01
9.9946093559265137e-01 -3.0766872689127922e-02 1.1454770341515541e-02 8.8250374794006348e-01 9.9993729591369629e-01 1.1125478893518448e-02 -1.2714960612356663e-03 9.0446394681930542e-01 2.3960000000000000e+03 8.0013763427734375e+01
9.9988162517547607e-01 -1.5371257439255714e-02 -6.4499105792492628e-04 8.8965493440628052e-01 9.9992114305496216e-01 -1.2347973883152008e-02 -2.2593224421143532e-03 9.0675771236419678e-01 2.9150000000000000e+03 1.1356775665283203e+02
9.9875771999359131e-01 -4.8764262348413467e-02 1.0249164886772633e-02 8.8768231868743896e-01 9.9998390674591064e-01 5.0842394120991230e-03 2.5243028067052364e-03 9.0771013498306274e-01 1.4680000000000000e+03 1.1041484832763672e+02
2.3195398971438408e-02 9.3178129196166992e-01 -3.6227855086326599e-01 3.1048682332038879e-01 2.8459029272198677e-02 -9.2169874906539917e-01 -3.8686105608940125e-01 3.0579003691673279e-01 4.4910000000000000e+03 1.4719059753417969e+02
9.9968975782394409e-01 -2.4145552888512611e-02 6.1068492941558361e-03 8.9163815975189209e-01 9.9982672929763794e-01 1.5414764173328876e-02 1.0434199124574661e-02 8.7825453281402588e-01 1.6110000000000000e+03 8.4927467346191406e+01
-9.9909120798110962e-01 1.1574177071452141e-02 -4.1020225733518600e-02 1.6363444328308105e+00 -9.9802112579345703e-01 -3.4622412174940109e-02 -5.2488483488559723e-02 1.6407805681228638e+00 1.8560000000000000e+03 2.1523329162597656e+02
9.9975222349166870e-01 -2.1240452304482460e-02 6.6588502377271652e-03 8.9042437076568604e-01 9.9995702505111694e-01 8.8737094774842262e-03 -2.6757661253213882e-03 8.9825159311294556e-01 3.4660000000000000e+03 8.2878005981445312e+01
-9.9967241287231445e-01 7.0702453376725316e-04 -2.5583159178495407e-02 1.5846043825149536e+00 -9.9949193000793457e-01 -2.6119058951735497e-02 -1.8267715349793434e-02 1.5436011552810669e+00 2.1670000000000000e+03 2.0670953369140625e+02
9.9969536066055298e-01 -2.4390051141381264e-02 3.7954999133944511e-03 8.9121711254119873e-01 9.9997323751449585e-01 5.6264167651534081e-03 -4.6595046296715736e-03 9.0612590312957764e-01 4.3840000000000000e+03 8.2314262390136719e+01
-9.9995446205139160e-01 7.6625761575996876e-03 -5.6903585791587830e-03 1.5194089412689209e+00 -9.9903386831283569e-01 -3.4256581217050552e-02 -2.7529120445251465e-02 1.5749664306640625e+00 2.0980000000000000e+03 1.9738798522949219e+02
9.9970054626464844e-01 -2.4198146536946297e-02 3.6479982081800699e-03 8.9500606060028076e-01 9.9997437000274658e-01 4.3480200693011284e-03 -5.6907851248979568e-03 9.0707278251647949e-01 3.6300000000000000e+03 9.5577133178710938e+01
-9.9978107213973999e-01 1.0422294959425926e-02 -1.8140196800231934e-02 1.5494973659515381e+00 -9.9918228387832642e-01 -3.6803860217332840e-02 -1.6739921644330025e-02 1.5486092567443848e+00 2.2110000000000000e+03 2.0079177856445312e+02
9.9971109628677368e-01 -2.0805545151233673e-02 1.2035593390464783e-02 8.8676655292510986e-01 9.9991035461425781e-01 8.1175975501537323e-03 -1.0644253343343735e-02 9.0706932544708252e-01 3.8980000000000000e+03 8.4593124389648438e+01
-9.9966907501220703e-01 4.4279284775257111e-03 -2.5342296808958054e-02 1.5458805561065674e+00 -9.9918937683105469e-01 -3.9382696151733398e-02 -8.3349216729402542e-03 1.5424736738204956e+00 2.2620000000000000e+03 2.0412785339355469e+02
9.9957412481307983e-01 -2.5507021695375443e-02 1.4173631556332111e-02 8.7578117847442627e-01 9.9995172023773193e-01 9.0578598901629448e-03 -3.8132162299007177e-03 9.0477049350738525e-01 3.5140000000000000e+03 8.8523826599121094e+01
9.9934989213943481e-01 -2.2983154281973839e-02 2.7775285765528679e-02 8.5616838932037354e-01 9.9992537498474121e-01 7.8629525378346443e-03 -9.3449074774980545e-03 9.0792119503021240e-01 2.1340000000000000e+03 8.6323143005371094e+01
9.9929785728454590e-01 -1.0935416445136070e-02 3.5837221890687943e-02 8.4678304195404053e-01 9.9991881847381592e-01 9.1666635125875473e-03 -8.8437674567103386e-03 9.0629523992538452e-01 1.6370000000000000e+03 9.0535758972167969e+01
9.9982559680938721e-01 1.2857224792242050e-03 1.8630638718605042e-02 8.9722537994384766e-01 9.9943786859512329e-01 3.1124051660299301e-02 1.2457477860152721e-02 8.7980502843856812e-01 1.3380000000000000e+03 4.4764572143554688e+01
9.9899446964263916e-01 -4.0386680513620377e-02 1.9465515390038490e-02 8.8463395833969116e-01 9.9998211860656738e-01 4.8682056367397308e-03 -3.4693751949816942e-03 9.1176813840866089e-01 1.0700000000000000e+03 1.0674579620361328e+02
9.9987441301345825e-01 -1.4467995613813400e-02 6.4748115837574005e-03 9.0628653764724731e-01 9.9972754716873169e-01 2.1409032866358757e-02 -9.3074282631278038e-03 9.1878807544708252e-01 1.3910000000000000e+03 5.3695281982421875e+01
9.9955624341964722e-01 -2.9788987711071968e-02 -2.4186485097743571e-04 8.8764005899429321e-01 9.9984353780746460e-01 1.1114984750747681e-02 1.3760872185230255e-02 8.9306515455245972e-01 1.9640000000000000e+03 1.0212728881835938e+02
9.9970710277557373e-01 -2.4056768044829369e-02 2.6540001854300499e-03 8.9386844635009766e-01 9.9988180398941040e-01 1.4909282326698303e-02 3.7464536726474762e-03 8.8928711414337158e-01 1.4570000000000000e+03 1.0832532501220703e+02
9.9904787540435791e-01 -4.0362335741519928e-02 1.6560519114136696e-02 8.7476289272308350e-01 9.9998980760574341e-01 3.8774940185248852e-03 -2.3144944570958614e-03 9.1019141674041748e-01 1.0700000000000000e+03 9.3599067687988281e+01
9.9899905920028687e-01 -3.7883248180150986e-02 2.3787697777152061e-02 8.6050420999526978e-01 9.9998199939727783e-01 5.6496476754546165e-03 2.0445012487471104e-03 8.9271718263626099e-01 2.0530000000000000e+03 9.1198249816894531e+01
9.9969464540481567e-01 -2.3737911134958267e-02 6.8592745810747147e-03 8.8481515645980835e-01 9.9998456239700317e-01 4.8325778916478157e-03 -2.7510002255439758e-03 9.0391421318054199e-01 3.1250000000000000e+03 8.2026878356933594e+01
9.9969559907913208e-01 -2.4396646767854691e-02 3.6633608397096395e-03 8.9286303520202637e-01 9.9996578693389893e-01 7.8409472480416298e-03 -2.6232297532260418e-03 8.9928376674652100e-01 3.4580000000000000e+03 8.2278770446777344e+01
9.9968391656875610e-01 -2.5051737204194069e-02 2.1242010407149792e-03 8.8989257812500000e-01 9.9998599290847778e-01 5.3010322153568268e-03 6.1703185565420426e-06 8.9745783805847168e-01 3.8760000000000000e+03 8.8266510009765625e+01
-9.9974298477172852e-01 2.2466660011559725e-03 -2.2557873278856277e-02 1.6097917556762695e+00 -9.9902564287185669e-01 -2.4265997111797333e-02 -3.6863293498754501e-02 1.5792603492736816e+00 1.8060000000000000e+03 2.1118675231933594e+02
9.9972915649414062e-01 -2.3272108286619186e-02 -9.0412264398764819e-05 8.9594626426696777e-01 9.9999547004699707e-01 2.9538292437791824e-03 -5.1803712267428637e-04 8.9919394254684448e-01 3.9460000000000000e+03 8.3263984680175781e+01
-9.9959272146224976e-01 2.3237677291035652e-02 -1.6563115641474724e-02 1.5875385999679565e+00 -9.9913710355758667e-01 -3.6467257887125015e-02 -1.9876476377248764e-02 1.5330904722213745e+00 1.1810000000000000e+03 2.2158085632324219e+02
9.9966973066329956e-01 -2.5693757459521294e-02 4.8383953981101513e-04 8.9537626504898071e-01 9.9998319149017334e-01 5.6077563203871250e-03 1.5212749131023884e-03 8.9646208286285400e-01 4.1460000000000000e+03 8.6347084045410156e+01
-9.9989271163940430e-01 1.4139786362648010e-02 -3.8426788523793221e-03 1.5476255416870117e+00 -9.9937081336975098e-01 -3.3010758459568024e-02 -1.2972975149750710e-02 1.5190454721450806e+00 1.5110000000000000e+03 2.1498677062988281e+02
9.9976241588592529e-01 -2.1796511486172676e-02 -2.3171860448201187e-05 8.9784973859786987e-01 9.9998646974563599e-01 4.6822647564113140e-03 -2.2854239214211702e-03 9.0051674842834473e-01 3.3690000000000000e+03 8.2162605285644531e+01
-9.9992275238037109e-01 3.3448855392634869e-03 -1.1965810321271420e-02 1.5618293285369873e+00 -9.9918180704116821e-01 -3.3787377178668976e-02 -2.2231729701161385e-02 1.5526895523071289e+00 1.9590000000000000e+03 2.0530679321289062e+02
9.9990820884704590e-01 -9.8408600315451622e-03 9.3119274824857712e-03 8.7970095872879028e-01 9.9999028444290161e-01 4.3601347133517265e-03 6.6370813874527812e-04 9.0025401115417480e-01 1.3640000000000000e+03 9.0334854125976562e+01
-9.9998670816421509e-01 3.3200583420693874e-03 -3.9369678124785423e-03 1.5381752252578735e+00 -9.9905610084533691e-01 -3.7511799484491348e-02 -2.1905496716499329e-02 1.5507570505142212e+00 1.4820000000000000e+03 1.9857078552246094e+02
9.9915039539337158e-01 -3.4941483289003372e-02 2.1852424368262291e-02 8.7004876136779785e-01 9.9999135732650757e-01 2.9857577756047249e-03 -2.8813302051275969e-03 9.1143828630447388e-01 1.4040000000000000e+03 1.1665414428710938e+02
9.9949312210083008e-01 -3.0916260555386543e-02 7.5927362777292728e-03 8.8780993223190308e-01 9.9998992681503296e-01 -1.1079002870246768e-03 -4.3384656310081482e-03 9.0648710727691650e-01 2.3670000000000000e+03 1.0535023498535156e+02
9.9952721595764160e-01 -3.0060676857829094e-02 6.4655435271561146e-03 8.8189893960952759e-01 9.9990868568420410e-01 1.1658358387649059e-02 6.8338029086589813e-03 8.9592492580413818e-01 2.5170000000000000e+03 9.5717430114746094e+01
-9.9998986721038818e-01 -7.0626765955239534e-04 4.4428375549614429e-03 1.4178423881530762e+00 -9.9977934360504150e-01 -1.3216037303209305e-02 -1.6325635835528374e-02 1.4376657009124756e+00 1.1190000000000000e+03 2.0284361267089844e+02
9.9981039762496948e-01 -1.5484740026295185e-02 1.1800839565694332e-02 8.8223642110824585e-01 9.9973714351654053e-01 2.2738113999366760e-02 -2.9561489354819059e-03 8.9729303121566772e-01 1.2370000000000000e+03 1.1575424194335938e+02
9.9973720312118530e-01 -2.1996917203068733e-02 6.4545175991952419e-03 8.8977199792861938e-01 9.9990236759185791e-01 1.1151063255965710e-02 8.4227481856942177e-03 8.8170951604843140e-01 1.9750000000000000e+03 8.3928077697753906e+01
-9.9973046779632568e-01 -1.0412764968350530e-03 -2.3192433640360832e-02 1.5750224590301514e+00 -9.9939262866973877e-01 -3.0745485797524452e-02 -1.6402298584580421e-02 1.5230479240417480e+00 1.8390000000000000e+03 2.0363317871093750e+02
9.9965929985046387e-01 -2.4645764380693436e-02 8.6018210276961327e-03 8.7943959236145020e-01 9.9996095895767212e-01 7.7763595618307590e-03 -4.1964561678469181e-03 9.0755468606948853e-01 3.1830000000000000e+03 8.5485694885253906e+01
