9.9959599971771240e-01 -2.6590649504214525e-03 -2.8300659731030464e-02 8.9055919647216797e-01 9.9997514486312866e-01 6.6401036456227303e-03 2.3647742345929146e-03 9.1598284244537354e-01 2.7780000000000000e+03 8.4660385131835938e+01
9.9955797195434570e-01 6.8462023045867682e-04 -2.9721919447183609e-02 8.8818031549453735e-01 9.9998867511749268e-01 3.9564264006912708e-03 -2.6863918174058199e-03 9.2738848924636841e-01 3.1630000000000000e+03 8.7587730407714844e+01
9.9959063529968262e-01 -8.3025395870208740e-03 -2.7377413585782051e-02 8.7869888544082642e-01 9.9998766183853149e-01 4.9614524468779564e-03 1.1734447980416007e-05 9.1594779491424561e-01 2.1660000000000000e+03 1.1713204193115234e+02
9.9978792667388916e-01 1.1507455259561539e-02 -1.7076602205634117e-02 8.7280321121215820e-01 9.9992346763610840e-01 5.0316313281655312e-03 -1.1304653249680996e-02 9.1838306188583374e-01 1.3630000000000000e+03 6.9266387939453125e+01
9.9961835145950317e-01 -2.3469625040888786e-02 -1.4569940976798534e-02 8.8033509254455566e-01 9.9997222423553467e-01 4.0888134390115738e-03 -6.2401648610830307e-03 9.1562545299530029e-01 1.0110000000000000e+03 1.2356676483154297e+02
9.9982005357742310e-01 2.7860482805408537e-04 -1.8968587741255760e-02 3.5926982760429382e-01 9.9998700618743896e-01 4.4841268099844456e-03 2.4072655942291021e-03 3.6391100287437439e-01 1.9730000000000000e+03 1.0416725921630859e+02
9.9983161687850952e-01 6.3475850038230419e-03 -1.7216196283698082e-02 3.5851776599884033e-01 9.9996745586395264e-01 5.7341684587299824e-03 -5.6834085844457150e-03 3.6782953143119812e-01 2.0700000000000000e+03 7.7612564086914062e+01
9.9974393844604492e-01 -1.8352421000599861e-02 -1.3237540610134602e-02 8.9004647731781006e-01 9.9995291233062744e-01 4.8641180619597435e-03 -8.3933062851428986e-03 9.0392118692398071e-01 1.0730000000000000e+03 1.2230181884765625e+02
9.9957847595214844e-01 -3.9288639090955257e-03 -2.8767619282007217e-02 8.8901954889297485e-01 9.9998843669891357e-01 1.7555712256580591e-03 -4.4866618700325489e-03 9.2346465587615967e-01 2.7630000000000000e+03 1.0361846923828125e+02
9.9934542179107666e-01 -4.6984017826616764e-03 -3.5869546234607697e-02 9.0699398517608643e-01 9.9998277425765991e-01 1.1743912473320961e-03 -5.7508624158799648e-03 9.2020028829574585e-01 1.0310000000000000e+03 1.2517212677001953e+02
9.9954134225845337e-01 -1.5242640860378742e-02 -2.6169423013925552e-02 9.0872609615325928e-01 9.9997353553771973e-01 -3.6923214793205261e-03 -6.2669506296515465e-03 9.1625207662582397e-01 1.6530000000000000e+03 1.1445364379882812e+02
9.9971055984497070e-01 1.6150403767824173e-02 -1.7828283831477165e-02 8.7539821863174438e-01 9.9998247623443604e-01 -5.8356509543955326e-03 -9.3576009385287762e-04 9.0066105127334595e-01 2.2340000000000000e+03 1.1328595733642578e+02
9.9934512376785278e-01 -1.4517907984554768e-02 -3.3141281455755234e-02 8.9835977554321289e-01 9.9995613098144531e-01 8.7051428854465485e-03 3.4532917197793722e-03 9.0931606292724609e-01 2.4470000000000000e+03 1.1155986785888672e+02
9.9898964166641235e-01 -2.6389129925519228e-03 -4.4864479452371597e-02 9.1113364696502686e-01 9.9998390674591064e-01 5.0842394120991230e-03 2.5243028067052364e-03 9.0771013498306274e-01 1.0170000000000000e+03 1.0443145751953125e+02
9.9966663122177124e-01 -7.3333536274731159e-03 -2.4755718186497688e-02 9.0249860286712646e-01 9.9992531538009644e-01 1.5972031978890300e-03 -1.2117756530642509e-02 9.1533941030502319e-01 2.4930000000000000e+03 1.0008624267578125e+02
9.9966335296630859e-01 -8.2070603966712952e-03 -2.4614544585347176e-02 9.0388154983520508e-01 9.9990320205688477e-01 4.1200150735676289e-03 -1.3292847201228142e-02 9.1727840900421143e-01 2.5020000000000000e+03 9.9825340270996094e+01
9.9976050853729248e-01 -2.3151868954300880e-03 -2.1759131923317909e-02 9.0275192260742188e-01 9.9991297721862793e-01 -9.4336150214076042e-03 -9.2277405783534050e-03 9.1111898422241211e-01 1.4500000000000000e+03 1.1498345184326172e+02
9.9959015846252441e-01 -1.4091160148382187e-02 -2.4923508986830711e-02 8.7914890050888062e-01 9.9991697072982788e-01 7.1904491633176804e-03 1.0699464008212090e-02 8.8762068748474121e-01 1.4360000000000000e+03 1.2406198120117188e+02
9.9973601102828979e-01 -7.7553074806928635e-03 -2.1627038717269897e-02 8.8336759805679321e-01 9.9997127056121826e-01 5.0335195846855640e-03 -5.6588943116366863e-03 9.0768682956695557e-01 2.0350000000000000e+03 1.2360392761230469e+02
9.9963033199310303e-01 -6.8351873196661472e-03 -2.6313588023185730e-02 8.8673168420791626e-01 9.9997007846832275e-01 7.4393223039805889e-03 2.1365797147154808e-03 8.9581727981567383e-01 2.7710000000000000e+03 1.0778931427001953e+02
9.9958103895187378e-01 -6.1720632947981358e-04 -2.8937209397554398e-02 8.8814181089401245e-01 9.9982672929763794e-01 1.5414764173328876e-02 1.0434199124574661e-02 8.7825453281402588e-01 1.6110000000000000e+03 8.5097671508789062e+01
-9.9896407127380371e-01 -3.4554354846477509e-02 -2.9612464830279350e-02 1.5303722620010376e+00 -9.9802112579345703e-01 -3.4622412174940109e-02 -5.2488483488559723e-02 1.6407805681228638e+00 1.8680000000000000e+03 2.0108221435546875e+02
9.9958300590515137e-01 -1.4880925882607698e-03 -2.8840016573667526e-02 8.8749629259109497e-01 9.9995702505111694e-01 8.8737094774842262e-03 -2.6757661253213882e-03 8.9825159311294556e-01 3.4660000000000000e+03 8.5889396667480469e+01
-9.9864083528518677e-01 -3.8563266396522522e-02 -3.5063423216342926e-02 1.5462898015975952e+00 -9.9949193000793457e-01 -2.6119058951735497e-02 -1.8267715349793434e-02 1.5436011552810669e+00 2.1670000000000000e+03 2.0126626586914062e+02
9.9960708618164062e-01 -1.9451083790045232e-04 -2.8029564768075943e-02 8.8051372766494751e-01 9.9997323751449585e-01 5.6264167651534081e-03 -4.6595046296715736e-03 9.0612590312957764e-01 4.3840000000000000e+03 8.6898803710937500e+01
-9.9844735860824585e-01 -3.2578840851783752e-02 -4.5181561261415482e-02 1.5790363550186157e+00 -9.9903386831283569e-01 -3.4256581217050552e-02 -2.7529120445251465e-02 1.5749664306640625e+00 1.9790000000000000e+03 1.9911015319824219e+02
9.9969029426574707e-01 -4.8718662583269179e-04 -2.4880843237042427e-02 8.7814491987228394e-01 9.9997437000274658e-01 4.3480200693011284e-03 -5.6907851248979568e-03 9.0707278251647949e-01 3.6300000000000000e+03 9.5577133178710938e+01
-9.9904584884643555e-01 -4.0205847471952438e-02 1.7054846510291100e-02 1.3824949264526367e+00 -9.9918228387832642e-01 -3.6803860217332840e-02 -1.6739921644330025e-02 1.5486092567443848e+00 1.0460000000000000e+03 2.0374760437011719e+02
9.9979281425476074e-01 -3.6293242592364550e-03 -2.0031493157148361e-02 8.7987363338470459e-01 9.9991035461425781e-01 8.1175975501537323e-03 -1.0644253343343735e-02 9.0706932544708252e-01 4.4510000000000000e+03 8.4593124389648438e+01
9.9982351064682007e-01 -3.7382587324827909e-03 -1.8407747149467468e-02 8.6991685628890991e-01 9.9995172023773193e-01 9.0578598901629448e-03 -3.8132162299007177e-03 9.0477049350738525e-01 3.5620000000000000e+03 8.8523826599121094e+01
9.9993067979812622e-01 -1.0200137039646506e-03 -1.1730830185115337e-02 8.6594462394714355e-01 9.9992537498474121e-01 7.8629525378346443e-03 -9.3449074774980545e-03 9.0792119503021240e-01 2.8380000000000000e+03 8.6323143005371094e+01
9.9984252452850342e-01 -1.1973545886576176e-02 -1.3099119067192078e-02 8.7682837247848511e-01 9.9991881847381592e-01 9.1666635125875473e-03 -8.8437674567103386e-03 9.0629523992538452e-01 1.5420000000000000e+03 9.0535758972167969e+01
9.9970257282257080e-01 -1.6235522925853729e-02 -1.8201706930994987e-02 8.7706601619720459e-01 9.9999070167541504e-01 3.5447643604129553e-03 -2.4603886995464563e-03 9.0086227655410767e-01 1.3500000000000000e+03 1.1118444824218750e+02
9.9956989288330078e-01 -3.0783661641180515e-03 -2.9165454208850861e-02 8.9160168170928955e-01 9.9998700618743896e-01 1.9435518188402057e-03 -4.7153811901807785e-03 9.0155935287475586e-01 1.7460000000000000e+03 1.1456243133544922e+02
9.9978208541870117e-01 -5.0728796049952507e-03 -2.0251663401722908e-02 8.7659996747970581e-01 9.9990671873092651e-01 1.2795124202966690e-02 4.7748051583766937e-03 8.7697809934616089e-01 2.3110000000000000e+03 1.0974210357666016e+02
9.9969571828842163e-01 -1.7065988853573799e-02 -1.7809163779020309e-02 8.8516038656234741e-01 9.9998426437377930e-01 5.0399214960634708e-03 -2.4782507680356503e-03 9.0633499622344971e-01 2.4120000000000000e+03 1.0489469146728516e+02
9.9967563152313232e-01 -1.2965633533895016e-02 -2.1919816732406616e-02 8.9127552509307861e-01 9.9997937679290771e-01 -6.2436251901090145e-03 1.4926020521670580e-03 9.1166883707046509e-01 1.2830000000000000e+03 1.1402416229248047e+02
9.9941492080688477e-01 -1.2903695460408926e-03 -3.4177362918853760e-02 8.9217627048492432e-01 9.9995493888854980e-01 8.3471424877643585e-03 4.5246207155287266e-03 9.0565872192382812e-01 4.4530000000000000e+03 9.8082412719726562e+01
9.9937480688095093e-01 -2.1796815097332001e-02 -2.7834596112370491e-02 8.9060127735137939e-01 9.9982905387878418e-01 1.7752747982740402e-02 -5.1591419614851475e-03 9.0670502185821533e-01 1.9110000000000000e+03 1.1233542633056641e+02
9.9974936246871948e-01 -1.7056537792086601e-02 -1.4501149766147137e-02 8.7585794925689697e-01 9.9989432096481323e-01 5.6899548508226871e-03 -1.3376429677009583e-02 9.2635244131088257e-01 1.5770000000000000e+03 1.0917374420166016e+02
9.9968105554580688e-01 -3.9149303920567036e-03 -2.4949764832854271e-02 8.8013654947280884e-01 9.9998134374618530e-01 6.0432716272771358e-03 8.0465170321986079e-04 8.9896553754806519e-01 1.2620000000000000e+03 1.2882963562011719e+02
9.9930077791213989e-01 2.0802784711122513e-03 -3.7332192063331604e-02 8.8480329513549805e-01 9.9984353780746460e-01 1.1114984750747681e-02 1.3760872185230255e-02 8.9306515455245972e-01 2.9130000000000000e+03 8.5477546691894531e+01
-9.9753671884536743e-01 -6.9461561739444733e-02 -9.7812395542860031e-03 1.5384541749954224e+00 -9.9954795837402344e-01 -1.1634049937129021e-02 -2.7723461389541626e-02 1.4233813285827637e+00 1.4690000000000000e+03 2.0929408264160156e+02
9.9968606233596802e-01 -5.7969219051301479e-03 -2.4376280605792999e-02 8.8199371099472046e-01 9.9988180398941040e-01 1.4909282326698303e-02 3.7464536726474762e-03 8.8928711414337158e-01 1.4570000000000000e+03 1.0832532501220703e+02
9.9950259923934937e-01 -3.1547178514301777e-03 -3.1377814710140228e-02 8.8947761058807373e-01 9.9998980760574341e-01 3.8774940185248852e-03 -2.3144944570958614e-03 9.1019141674041748e-01 1.9280000000000000e+03 8.8916252136230469e+01
9.9957460165023804e-01 -4.7014464507810771e-04 -2.9163222759962082e-02 8.8931399583816528e-01 9.9998199939727783e-01 5.6496476754546165e-03 2.0445012487471104e-03 8.9271718263626099e-01 3.2370000000000000e+03 8.8349632263183594e+01
9.9957126379013062e-01 3.6665078368969262e-04 -2.9278300702571869e-02 8.8692247867584229e-01 9.9998456239700317e-01 4.8325778916478157e-03 -2.7510002255439758e-03 9.0391421318054199e-01 4.1070000000000000e+03 8.9216720581054688e+01
9.9960011243820190e-01 -5.5018090642988682e-04 -2.8271995484828949e-02 8.8670265674591064e-01 9.9996578693389893e-01 7.8409472480416298e-03 -2.6232297532260418e-03 8.9928376674652100e-01 4.7920000000000000e+03 8.6199256896972656e+01
9.9949783086776733e-01 2.0331833511590958e-03 -3.1620100140571594e-02 8.8786822557449341e-01 9.9998599290847778e-01 5.3010322153568268e-03 6.1703185565420426e-06 8.9745783805847168e-01 4.6280000000000000e+03 8.5923294067382812e+01
-9.9857509136199951e-01 -4.9519710242748260e-02 -1.9890591502189636e-02 1.5250122547149658e+00 -9.9902564287185669e-01 -2.4265997111797333e-02 -3.6863293498754501e-02 1.5792603492736816e+00 1.8060000000000000e+03 2.0360008239746094e+02
9.9957382678985596e-01 2.1687014959752560e-03 -2.9110280796885490e-02 8.8591974973678589e-01 9.9999547004699707e-01 2.9538292437791824e-03 -5.1803712267428637e-04 8.9919394254684448e-01 3.9460000000000000e+03 7.8179878234863281e+01
-9.9798977375030518e-01 -5.6049477308988571e-02 -2.9576346278190613e-02 1.5373107194900513e+00 -9.9913710355758667e-01 -3.6467257887125015e-02 -1.9876476377248764e-02 1.5330904722213745e+00 2.3900000000000000e+03 1.9758660888671875e+02
9.9951052665710449e-01 3.9056718815118074e-03 -3.1039949506521225e-02 8.8717484474182129e-01 9.9998319149017334e-01 5.6077563203871250e-03 1.5212749131023884e-03 8.9646208286285400e-01 3.2020000000000000e+03 8.0061477661132812e+01
-9.9940019845962524e-01 -3.4212283790111542e-02 -5.3620063699781895e-03 1.4773631095886230e+00 -9.9937081336975098e-01 -3.3010758459568024e-02 -1.2972975149750710e-02 1.5190454721450806e+00 1.8590000000000000e+03 2.0152545166015625e+02
9.9972218275070190e-01 -6.1373454518616199e-03 -2.2757340222597122e-02 8.7562596797943115e-01 9.9999922513961792e-01 7.6395337237045169e-04 -1.0430084075778723e-03 9.0082269906997681e-01 2.3680000000000000e+03 1.1776900482177734e+02
9.9977570772171021e-01 -7.0772529579699039e-03 -1.9959928467869759e-02 8.7302702665328979e-01 9.9999660253524780e-01 1.2602936476469040e-03 2.2766019683331251e-03 8.9168167114257812e-01 1.8140000000000000e+03 1.2327067565917969e+02
9.9960255622863770e-01 -1.5439625829458237e-02 -2.3586442694067955e-02 8.7791281938552856e-01 9.9997276067733765e-01 7.3262713849544525e-03 8.9264713460579515e-04 8.9597922563552856e-01 1.4910000000000000e+03 1.2469013977050781e+02
9.9947357177734375e-01 -3.9535909891128540e-03 -3.2202750444412231e-02 8.9241814613342285e-01 9.9999582767486572e-01 2.3412655573338270e-03 -1.6941981157287955e-03 9.1868722438812256e-01 2.5330000000000000e+03 9.8164535522460938e+01
9.9920290708541870e-01 -9.8977452144026756e-03 -3.8674011826515198e-02 9.0656775236129761e-01 9.9999135732650757e-01 2.9857577756047249e-03 -2.8813302051275969e-03 9.1143828630447388e-01 1.8890000000000000e+03 1.1665414428710938e+02
9.9955469369888306e-01 -1.1496954597532749e-02 -2.7537357062101364e-02 9.0012764930725098e-01 9.9984800815582275e-01 3.7234283518046141e-03 -1.7030481249094009e-02 9.3370807170867920e-01 1.5620000000000000e+03 1.2904930114746094e+02
9.9963450431823730e-01 -1.9533228129148483e-02 -1.8692849203944206e-02 8.9718401432037354e-01 9.9998331069946289e-01 -1.7154893139377236e-03 -5.5226339027285576e-03 9.1245430707931519e-01 1.4190000000000000e+03 1.2349330139160156e+02
9.9971157312393188e-01 -1.7132560024037957e-03 -2.3956350982189178e-02 8.8649648427963257e-01 9.9998992681503296e-01 -1.1079002870246768e-03 -4.3384656310081482e-03 9.0648710727691650e-01 3.3970000000000000e+03 9.5301445007324219e+01
9.9942874908447266e-01 -5.5778195383027196e-04 -3.3791966736316681e-02 8.9380568265914917e-01 9.9990868568420410e-01 1.1658358387649059e-02 6.8338029086589813e-03 8.9592492580413818e-01 2.3040000000000000e+03 7.2986892700195312e+01
9.9975287914276123e-01 -1.2388058006763458e-02 -1.8460651859641075e-02 8.7898975610733032e-01 9.9994140863418579e-01 9.1522717848420143e-03 -5.7856016792356968e-03 9.0501719713211060e-01 1.4980000000000000e+03 1.2702336120605469e+02
9.9973011016845703e-01 -4.9398350529372692e-03 -2.2702813148498535e-02 8.8541197776794434e-01 9.9994826316833496e-01 9.1566406190395355e-03 -4.4318074360489845e-03 9.0262430906295776e-01 2.6080000000000000e+03 1.0786004638671875e+02
9.9957185983657837e-01 -1.7665389459580183e-03 -2.9206193983554840e-02 8.9023005962371826e-01 9.9990236759185791e-01 1.1151063255965710e-02 8.4227481856942177e-03 8.8170951604843140e-01 1.9750000000000000e+03 8.5170631408691406e+01
-9.9932169914245605e-01 -2.8840454295277596e-02 -2.2900609299540520e-02 1.5163240432739258e+00 -9.9939262866973877e-01 -3.0745485797524452e-02 -1.6402298584580421e-02 1.5230479240417480e+00 1.8390000000000000e+03 2.0213975524902344e+02
9.9952298402786255e-01 -2.1278175991028547e-03 -3.0809536576271057e-02 8.8738352060317993e-01 9.9996095895767212e-01 7.7763595618307590e-03 -4.1964561678469181e-03 9.0755468606948853e-01 3.1830000000000000e+03 8.4514892578125000e+01
-9.9873125553131104e-01 -4.0765874087810516e-02 -2.9564600437879562e-02 1.5416327714920044e+00 -9.9869883060455322e-01 -4.8247385770082474e-02 -1.6517959535121918e-02 1.5400228500366211e+00 1.6830000000000000e+03 2.0848365783691406e+02
