-5.3159978240728378e-02 1.0834317654371262e-01 -9.9269115924835205e-01 1.9871677160263062e+00 -6.2052171677350998e-02 -5.8747744560241699e-01 -8.0685800313949585e-01 2.0426425933837891e+00 3.3230000000000000e+03 1.7116346740722656e+02
-7.7190868556499481e-02 4.6260278671979904e-02 -9.9594253301620483e-01 2.0651469230651855e+00 -6.2052171677350998e-02 -5.8747744560241699e-01 -8.0685800313949585e-01 2.0426425933837891e+00 5.8280000000000000e+03 1.8193875122070312e+02
9.9960553646087646e-01 1.8404165282845497e-02 2.1215319633483887e-02 8.7243282794952393e-01 9.9966347217559814e-01 -2.3303044959902763e-02 1.1392089538276196e-02 8.8263690471649170e-01 1.3260000000000000e+03 9.2855201721191406e+01
-3.3564720302820206e-02 5.1164310425519943e-03 -9.9942338466644287e-01 1.9344872236251831e+00 -3.3351559191942215e-02 -6.5408551692962646e-01 -7.5568491220474243e-01 1.9698238372802734e+00 5.5010000000000000e+03 1.8815650939941406e+02
-6.1227660626173019e-02 1.8689657747745514e-01 -9.8046970367431641e-01 2.2392113208770752e+00 -1.3980375230312347e-01 -4.7846543788909912e-01 -8.6690580844879150e-01 2.3414752483367920e+00 2.7800000000000000e+03 1.8790539550781250e+02
-5.0895579159259796e-02 3.7850311398506165e-01 -9.2419975996017456e-01 2.0511860847473145e+00 -4.7321286052465439e-02 -2.6562374830245972e-01 -9.6291464567184448e-01 2.0203833580017090e+00 1.7500000000000000e+03 1.5066400146484375e+02
-4.1642956435680389e-02 2.3962453007698059e-01 -9.6997213363647461e-01 1.6727401018142700e+00 -1.0775678791105747e-02 -4.3620344996452332e-01 -8.9978349208831787e-01 1.6803272962570190e+00 5.7510000000000000e+03 1.6827119445800781e+02
-5.9972195886075497e-03 1.7824286222457886e-01 -9.8396831750869751e-01 1.4737323522567749e+00 -2.9942806810140610e-02 -4.5308259129524231e-01 -8.9096552133560181e-01 1.6006615161895752e+00 2.8250000000000000e+03 1.4119992065429688e+02
9.9986964464187622e-01 1.6003653407096863e-02 2.1568173542618752e-03 8.8251835107803345e-01 9.9998807907104492e-01 -4.7225770540535450e-03 1.2059970758855343e-03 8.8775724172592163e-01 2.3810000000000000e+03 6.2817039489746094e+01
9.9985271692276001e-01 7.7698691748082638e-03 1.5303400345146656e-02 8.7212508916854858e-01 9.9965691566467285e-01 -1.9649788737297058e-02 1.7321931198239326e-02 8.7949568033218384e-01 1.2770000000000000e+03 1.2426937866210938e+02
-1.8992695957422256e-02 7.3662728071212769e-01 -6.7603224515914917e-01 1.1019492149353027e+00 -1.1628196807578206e-04 4.9726799130439758e-02 -9.9876278638839722e-01 1.0812829732894897e+00 5.8200000000000000e+03 1.7316065979003906e+02
-1.4853672124445438e-02 9.1423571109771729e-01 -4.0491023659706116e-01 5.1025211811065674e-01 4.3268147855997086e-03 2.7726924419403076e-01 -9.6078252792358398e-01 5.2449274063110352e-01 2.1460000000000000e+03 1.7438816833496094e+02
-1.4257029397413135e-03 -5.2574187517166138e-01 -8.5064291954040527e-01 9.9696737527847290e-01 -3.6939643323421478e-02 -9.7507792711257935e-01 -2.1876561641693115e-01 1.0233888626098633e+00 4.1010000000000000e+03 1.9864813232421875e+02
-9.3181673437356949e-03 -2.0603223145008087e-01 -9.7850084304809570e-01 1.8990895748138428e+00 -8.0355554819107056e-02 -8.1533896923065186e-01 -5.7338064908981323e-01 2.0080447196960449e+00 2.4450000000000000e+03 2.0880000305175781e+02
-3.5920232534408569e-02 4.9728792905807495e-01 -8.6684167385101318e-01 2.0607552528381348e+00 -4.3679110705852509e-02 -2.1767602860927582e-01 -9.7504323720932007e-01 2.0760784149169922e+00 7.7600000000000000e+03 1.6347088623046875e+02
9.9965906143188477e-01 8.9653851464390755e-03 2.4526242166757584e-02 8.4555166959762573e-01 9.9996685981750488e-01 2.6179680135101080e-03 -7.7033913694322109e-03 8.9727681875228882e-01 1.3880000000000000e+03 8.4816284179687500e+01
-2.0180026069283485e-02 7.7821922302246094e-01 -6.2766844034194946e-01 7.9347568750381470e-01 -2.0166558679193258e-03 1.0702630132436752e-01 -9.9425417184829712e-01 9.8952120542526245e-01 1.4870000000000000e+03 1.7595500183105469e+02
9.9990612268447876e-01 1.3659327290952206e-02 1.0506036924198270e-03 8.8517224788665771e-01 9.9909096956253052e-01 -1.7966574057936668e-02 -3.8657255470752716e-02 7.8447467088699341e-01 1.0890000000000000e+03 9.4360565185546875e+01
7.9221781343221664e-03 -7.4543333053588867e-01 -6.6653311252593994e-01 5.5870771408081055e-01 -8.7717380374670029e-03 -9.9807530641555786e-01 6.1390161514282227e-02 5.7531231641769409e-01 2.8940000000000000e+03 1.9873185729980469e+02
-3.9718532934784889e-03 -5.8942836523056030e-01 -8.0781084299087524e-01 1.0609831809997559e+00 -3.4883644431829453e-02 -9.8435926437377930e-01 -1.7268469929695129e-01 1.1388448476791382e+00 1.4910000000000000e+03 2.2488665771484375e+02
-1.3481256552040577e-02 -2.8374436497688293e-01 -9.5880520343780518e-01 1.3840279579162598e+00 -4.7337573021650314e-02 -8.7132853269577026e-01 -4.8841130733489990e-01 1.4593293666839600e+00 2.6950000000000000e+03 2.1031687927246094e+02
5.3506340831518173e-02 3.8051020354032516e-02 -9.9784231185913086e-01 1.5685150623321533e+00 -4.6998202800750732e-02 -6.5772551298141479e-01 -7.5179010629653931e-01 1.6002861261367798e+00 1.0910000000000000e+03 2.0429058837890625e+02
-4.7186851501464844e-02 1.8403302878141403e-02 -9.9871647357940674e-01 1.5454660654067993e+00 -4.6998202800750732e-02 -6.5772551298141479e-01 -7.5179010629653931e-01 1.6002861261367798e+00 3.1040000000000000e+03 2.0429058837890625e+02
-2.1906023845076561e-02 2.6778700947761536e-01 -9.6322906017303467e-01 1.2310959100723267e+00 5.3117308765649796e-02 -3.8679656386375427e-01 -9.2063409090042114e-01 1.0563360452651978e+00 3.1130000000000000e+03 1.6597094726562500e+02
-2.1906023845076561e-02 2.6778700947761536e-01 -9.6322906017303467e-01 1.2310959100723267e+00 8.8830599561333656e-03 -3.9768368005752563e-01 -9.1747957468032837e-01 1.2491201162338257e+00 2.7090000000000000e+03 1.6597094726562500e+02
6.0926791047677398e-04 -3.9512211084365845e-01 -9.1862833499908447e-01 1.1045730113983154e+00 -3.0808787792921066e-02 -9.2707687616348267e-01 -3.7360316514968872e-01 1.1654011011123657e+00 2.6590000000000000e+03 2.0666717529296875e+02
-5.6343827396631241e-02 -1.8003807961940765e-01 -9.8204457759857178e-01 1.8131059408187866e+00 -9.6044309437274933e-02 -8.0435186624526978e-01 -5.8633899688720703e-01 1.9054402112960815e+00 3.6110000000000000e+03 2.0177430725097656e+02
-1.7159502953290939e-02 7.5610464811325073e-01 -6.5422564744949341e-01 1.1756842136383057e+00 -6.1304266564548016e-03 2.5670586153864861e-02 -9.9965167045593262e-01 1.1888753175735474e+00 3.2390000000000000e+03 1.7482061767578125e+02
-3.0210071709007025e-03 5.5539858341217041e-01 -8.3157873153686523e-01 7.5117999315261841e-01 3.7066652439534664e-03 -1.2518270313739777e-01 -9.9212682247161865e-01 7.0877921581268311e-01 9.0550000000000000e+03 1.3994192504882812e+02
9.9964332580566406e-01 2.6191104203462601e-02 -5.2147074602544308e-03 9.0304559469223022e-01 9.9997490644454956e-01 -6.9762915372848511e-03 -1.3012946583330631e-03 8.8603526353836060e-01 2.2950000000000000e+03 8.9918098449707031e+01
-9.9927717447280884e-01 -3.7295386195182800e-02 -7.3493267409503460e-03 1.4931702613830566e+00 -9.9992072582244873e-01 -1.3870082329958677e-03 1.2519878335297108e-02 1.5012503862380981e+00 1.4720000000000000e+03 1.9594683837890625e+02
-3.1093480065464973e-02 9.9911427497863770e-01 2.8353178873658180e-02 4.5484745502471924e-01 -1.2254282832145691e-02 7.4136799573898315e-01 -6.7098677158355713e-01 3.9582502841949463e-01 2.3420000000000000e+03 1.5420848083496094e+02
3.3413823693990707e-02 -1.2274910695850849e-02 -9.9936616420745850e-01 7.5663995742797852e-01 1.1435615830123425e-02 -7.9292684793472290e-01 -6.0920953750610352e-01 6.8031108379364014e-01 1.2670000000000000e+03 1.7082238769531250e+02
-2.7143344050273299e-04 8.1893736496567726e-03 -9.9996638298034668e-01 1.1912683248519897e+00 -2.1197661757469177e-02 -6.6304582357406616e-01 -7.4827873706817627e-01 1.2426389455795288e+00 9.9440000000000000e+03 1.6791099548339844e+02
-6.4068734645843506e-02 6.8115758895874023e-01 -7.2932809591293335e-01 1.5806677341461182e+00 -2.1995579823851585e-02 3.4153277520090342e-03 -9.9975216388702393e-01 1.5454800128936768e+00 7.6040000000000000e+03 1.4940531921386719e+02
-1.6213970258831978e-02 4.8637098073959351e-01 -8.7360197305679321e-01 1.0790398120880127e+00 3.5711145028471947e-03 -1.5592989325523376e-01 -9.8776173591613770e-01 1.0612246990203857e+00 7.0720000000000000e+03 1.6734770202636719e+02
9.9957674741744995e-01 2.7560200542211533e-02 9.3118986114859581e-03 8.6515307426452637e-01 9.9995148181915283e-01 6.1564780771732330e-03 -7.6894727535545826e-03 8.9312690496444702e-01 2.6010000000000000e+03 8.7250961303710938e+01
-8.2505583763122559e-02 9.0981960296630859e-01 -4.0672001242637634e-01 2.2022943496704102e+00 -5.6907176971435547e-02 3.0081313848495483e-01 -9.5198374986648560e-01 2.1319720745086670e+00 2.9650000000000000e+03 1.4170776367187500e+02
-5.8467881754040718e-03 6.6911476850509644e-01 -7.4313604831695557e-01 1.4666566848754883e+00 1.5243149362504482e-02 3.0922109261155128e-02 -9.9940562248229980e-01 1.4360512495040894e+00 3.0540000000000000e+03 1.4620010375976562e+02
-3.5805180668830872e-02 6.7828869819641113e-01 -7.3392260074615479e-01 1.4585849046707153e+00 1.5243149362504482e-02 3.0922109261155128e-02 -9.9940562248229980e-01 1.4360512495040894e+00 2.6810000000000000e+03 2.0030511474609375e+02
3.1878814101219177e-02 6.1094683408737183e-01 -7.9102957248687744e-01 1.1500129699707031e+00 5.4494947195053101e-02 -4.0150858461856842e-02 -9.9770647287368774e-01 1.2016481161117554e+00 1.3410000000000000e+03 1.5383071899414062e+02
-9.9945753812789917e-01 -3.2112266868352890e-02 7.3096933774650097e-03 1.4680153131484985e+00 -9.9906057119369507e-01 1.4669409953057766e-02 4.0776632726192474e-02 1.4116941690444946e+00 1.0370000000000000e+03 2.1462480163574219e+02
9.9975651502609253e-01 2.2056309506297112e-02 -6.4792990451678634e-04 8.8710194826126099e-01 9.9995595216751099e-01 -8.5741346701979637e-03 -3.8226761389523745e-03 8.8717669248580933e-01 2.3100000000000000e+03 8.0267433166503906e+01
9.9985760450363159e-01 1.6567494720220566e-02 -3.1813215464353561e-03 8.9393979310989380e-01 9.9996578693389893e-01 -7.8249191865324974e-03 -2.6807079557329416e-03 8.8798052072525024e-01 3.6100000000000000e+03 7.2677032470703125e+01
9.9994629621505737e-01 9.0187378227710724e-03 -5.1112202927470207e-03 8.9815151691436768e-01 9.9998867511749268e-01 -4.7540538944303989e-03 -3.6266614915803075e-04 8.8547563552856445e-01 2.7640000000000000e+03 9.5731185913085938e+01
9.9959903955459595e-01 2.6303783059120178e-02 1.0482142679393291e-02 8.7651401758193970e-01 9.9998509883880615e-01 -5.4179960861802101e-03 -6.4781086985021830e-04 8.8836854696273804e-01 1.2350000000000000e+03 7.1569885253906250e+01
9.9988412857055664e-01 1.5105713158845901e-02 1.9011535914614797e-03 8.8465476036071777e-01 9.9999296665191650e-01 -3.7175531033426523e-03 5.2869395585730672e-04 8.8214558362960815e-01 2.6630000000000000e+03 8.0293281555175781e+01
9.9988532066345215e-01 7.8754760324954987e-03 1.2936943210661411e-02 8.4907341003417969e-01 9.9996614456176758e-01 -8.0406479537487030e-03 1.7771072452887893e-03 8.7514942884445190e-01 2.2460000000000000e+03 7.3045280456542969e+01
9.9987840652465820e-01 1.5372273512184620e-02 -2.6213063392788172e-03 8.9233261346817017e-01 9.9998331069946289e-01 -5.1761516369879246e-03 -2.5846385397017002e-03 8.8231825828552246e-01 3.0980000000000000e+03 8.8979019165039062e+01
9.9990582466125488e-01 -5.2403844892978668e-03 1.2680388987064362e-02 8.6836975812911987e-01 9.9999433755874634e-01 7.8274519182741642e-04 3.2702137250453234e-03 8.7787759304046631e-01 1.5320000000000000e+03 9.5541877746582031e+01
9.9981158971786499e-01 1.9405206665396690e-02 -3.3001697738654912e-04 8.8416087627410889e-01 9.9984616041183472e-01 -1.7392320558428764e-02 -2.2860430181026459e-03 8.8963031768798828e-01 1.5260000000000000e+03 7.1485542297363281e+01
9.9966818094253540e-01 2.5569390505552292e-02 3.1400134321302176e-03 8.9058494567871094e-01 9.9994170665740967e-01 -1.0696096345782280e-02 1.4510260662063956e-03 8.9069551229476929e-01 1.3140000000000000e+03 9.0471076965332031e+01
9.7588737844489515e-05 -9.1177083551883698e-02 -9.9583470821380615e-01 1.1811159849166870e+00 -4.9143269658088684e-02 -7.4283111095428467e-01 -6.6767287254333496e-01 1.2484474182128906e+00 6.9490000000000000e+03 1.8299539184570312e+02
-1.0899586603045464e-02 5.4802185297012329e-01 -8.3639305830001831e-01 9.0032243728637695e-01 -2.4081645533442497e-02 -1.0468108206987381e-01 -9.9421423673629761e-01 8.6071956157684326e-01 1.8090000000000000e+03 8.8522071838378906e+01
-2.4474350735545158e-02 6.3979625701904297e-01 -7.6815485954284668e-01 1.1183997392654419e+00 -5.4425983689725399e-03 -3.3263355493545532e-02 -9.9943190813064575e-01 1.0901741981506348e+00 1.4671000000000000e+04 1.4134846496582031e+02
6.4800181426107883e-03 2.4569509923458099e-01 -9.6932542324066162e-01 5.7059609889984131e-01 7.0199826732277870e-03 -4.2873597145080566e-01 -9.0340256690979004e-01 5.7852923870086670e-01 8.5190000000000000e+03 1.3262712097167969e+02
9.9914419651031494e-01 4.1020661592483521e-02 5.3062606602907181e-03 8.9803016185760498e-01 9.9983090162277222e-01 1.0295296087861061e-02 -1.5238032676279545e-02 9.0573370456695557e-01 2.8030000000000000e+03 8.4390785217285156e+01
-3.8802102208137512e-03 -3.3032593131065369e-01 -9.4385886192321777e-01 1.2582460641860962e+00 -3.4014344215393066e-02 -9.1359823942184448e-01 -4.0519294142723083e-01 1.2890726327896118e+00 2.7950000000000000e+03 2.0149021911621094e+02
9.9983686208724976e-01 1.7904194071888924e-02 -2.4197984021157026e-03 8.9663994312286377e-01 9.9985378980636597e-01 -1.6514800488948822e-02 4.4234050437808037e-03 8.8374859094619751e-01 1.7450000000000000e+03 1.0918402862548828e+02
-4.1480176150798798e-02 2.8094202280044556e-01 -9.5882797241210938e-01 1.4679380655288696e+00 -8.7277656421065331e-03 -3.8253414630889893e-01 -9.2390018701553345e-01 1.4945882558822632e+00 7.5500000000000000e+03 1.7859681701660156e+02
-4.3228387832641602e-02 2.8231427073478699e-01 -9.5834749937057495e-01 1.4688571691513062e+00 -1.1159669607877731e-02 -3.8650107383728027e-01 -9.2222142219543457e-01 1.4931650161743164e+00 7.4600000000000000e+03 1.7898136901855469e+02
-4.3427634984254837e-02 2.8238764405250549e-01 -9.5831686258316040e-01 1.4686588048934937e+00 -1.1197772808372974e-02 -3.8564461469650269e-01 -9.2257934808731079e-01 1.4931668043136597e+00 7.4700000000000000e+03 1.7896359252929688e+02
-4.3864782899618149e-02 2.8184732794761658e-01 -9.5845603942871094e-01 1.4686475992202759e+00 -1.1878726072609425e-02 -3.8212367892265320e-01 -9.2403471469879150e-01 1.4945183992385864e+00 7.6420000000000000e+03 1.7827230834960938e+02
-4.4752217829227448e-02 2.8349691629409790e-01 -9.5792829990386963e-01 1.4677952527999878e+00 -1.0925912298262119e-02 -3.8729736208915710e-01 -9.2189007997512817e-01 1.4916025400161743e+00 7.4550000000000000e+03 1.7857035827636719e+02
-4.5481864362955093e-02 2.9015877842903137e-01 -9.5589703321456909e-01 1.4696791172027588e+00 -1.1926621198654175e-02 -3.7639525532722473e-01 -9.2638236284255981e-01 1.4938293695449829e+00 7.8500000000000000e+03 1.7657400512695312e+02
-4.3556079268455505e-02 3.2972794771194458e-01 -9.4307070970535278e-01 1.5096749067306519e+00 -1.8603028729557991e-02 -3.4390926361083984e-01 -9.3881863355636597e-01 1.5249470472335815e+00 6.6070000000000000e+03 1.7106986999511719e+02
-3.8852289319038391e-02 3.0592471361160278e-01 -9.5126265287399292e-01 1.5674270391464233e+00 -2.6726830750703812e-02 -3.6339977383613586e-01 -9.3124991655349731e-01 1.5893541574478149e+00 5.5800000000000000e+03 1.6860041809082031e+02
-4.0707312524318695e-02 3.0333262681961060e-01 -9.5201480388641357e-01 1.5567624568939209e+00 -2.8362447395920753e-02 -3.6630389094352722e-01 -9.3006289005279541e-01 1.5773360729217529e+00 5.8350000000000000e+03 1.6933949279785156e+02
-1.9036911427974701e-02 -1.8440179526805878e-01 -9.8266661167144775e-01 1.4445346593856812e+00 -8.5030123591423035e-02 -8.0857902765274048e-01 -5.8221125602722168e-01 1.5503902435302734e+00 2.1060000000000000e+03 2.1923171997070312e+02
-2.4696243926882744e-02 6.3172501325607300e-01 -7.7479898929595947e-01 1.0303573608398438e+00 -1.6374642029404640e-02 -5.1989454776048660e-02 -9.9851328134536743e-01 9.9594396352767944e-01 1.2907000000000000e+04 1.3622453308105469e+02
1.9431989639997482e-02 -6.6399151086807251e-01 -7.4748754501342773e-01 6.1578446626663208e-01 -1.2475734110921621e-03 -9.9896472692489624e-01 -4.5475479215383530e-02 6.2797057628631592e-01 3.9400000000000000e+03 1.8454542541503906e+02
6.4404597505927086e-03 4.7726530581712723e-02 -9.9883967638015747e-01 9.6789848804473877e-01 -2.5762943550944328e-03 -6.4742851257324219e-01 -7.6212179660797119e-01 1.0001531839370728e+00 9.0670000000000000e+03 1.4782707214355469e+02
8.3794426172971725e-03 -1.8028635531663895e-03 -9.9996328353881836e-01 9.3183428049087524e-01 -2.0347690209746361e-02 -6.2554562091827393e-01 -7.7992218732833862e-01 1.0913244485855103e+00 1.6620000000000000e+03 1.3651469421386719e+02
8.3794426172971725e-03 -1.8028635531663895e-03 -9.9996328353881836e-01 9.3183428049087524e-01 1.8507423810660839e-03 -6.6599440574645996e-01 -7.4595445394515991e-01 9.7514349222183228e-01 5.8440000000000000e+03 1.6616838073730469e+02
-7.9923653975129128e-03 -7.5394436717033386e-02 -9.9712175130844116e-01 7.8553110361099243e-01 1.8507423810660839e-03 -6.6599440574645996e-01 -7.4595445394515991e-01 9.7514349222183228e-01 1.6760000000000000e+03 1.6616838073730469e+02
5.3891295101493597e-04 7.6737222261726856e-03 -9.9997037649154663e-01 9.0941029787063599e-01 -1.6696594655513763e-02 -6.8755936622619629e-01 -7.2593611478805542e-01 9.3172556161880493e-01 5.5360000000000000e+03 1.4970834350585938e+02
1.4161255210638046e-02 9.7087770700454712e-03 -9.9985253810882568e-01 8.8815003633499146e-01 7.8723003389313817e-04 -6.7508339881896973e-01 -7.3774105310440063e-01 9.1862303018569946e-01 1.4323000000000000e+04 1.3655085754394531e+02
7.1991477161645889e-03 1.1671137064695358e-02 -9.9990594387054443e-01 8.6681509017944336e-01 -1.4778009615838528e-02 -6.4377307891845703e-01 -7.6507371664047241e-01 1.0435172319412231e+00 3.2880000000000000e+03 1.3464309692382812e+02
7.1991477161645889e-03 1.1671137064695358e-02 -9.9990594387054443e-01 8.6681509017944336e-01 -2.0741700427606702e-04 -6.6809999942779541e-01 -7.4407142400741577e-01 9.0262365341186523e-01 1.1122000000000000e+04 1.5230894470214844e+02
1.3965357095003128e-02 -1.3072513043880463e-01 -9.9132025241851807e-01 9.6859121322631836e-01 -8.0101024359464645e-03 -8.6004948616027832e-01 -5.1014769077301025e-01 7.8402870893478394e-01 1.9240000000000000e+03 1.2828222656250000e+02
1.3965357095003128e-02 -1.3072513043880463e-01 -9.9132025241851807e-01 9.6859121322631836e-01 -8.6239847587421536e-04 -8.1070715188980103e-01 -5.8545112609863281e-01 9.8530358076095581e-01 3.0160000000000000e+03 1.6732658386230469e+02
6.0094920918345451e-03 -2.0607490837574005e-01 -9.7851777076721191e-01 8.2926428318023682e-01 -8.0101024359464645e-03 -8.6004948616027832e-01 -5.1014769077301025e-01 7.8402870893478394e-01 1.9240000000000000e+03 1.4440975952148438e+02
6.0094920918345451e-03 -2.0607490837574005e-01 -9.7851777076721191e-01 8.2926428318023682e-01 -8.6239847587421536e-04 -8.1070715188980103e-01 -5.8545112609863281e-01 9.8530358076095581e-01 6.6200000000000000e+03 1.6732658386230469e+02
9.9943894147872925e-01 2.3985128849744797e-02 2.3373857140541077e-02 8.6057019233703613e-01 9.9999564886093140e-01 -2.2677839733660221e-03 1.8538695294409990e-03 8.8763064146041870e-01 1.9050000000000000e+03 8.1080970764160156e+01
9.9974155426025391e-01 2.2017000243067741e-02 5.6557753123342991e-03 8.8344877958297729e-01 9.9999690055847168e-01 -2.2592497989535332e-03 -1.0721065336838365e-03 8.8308674097061157e-01 3.2750000000000000e+03 8.2545494079589844e+01
9.9985939264297485e-01 1.6368625685572624e-02 3.6373569164425135e-03 8.8495117425918579e-01 9.9997276067733765e-01 -7.3778391815721989e-03 -1.4564530283678323e-04 8.8523274660110474e-01 4.2320000000000000e+03 7.8246215820312500e+01
9.9987804889678955e-01 1.4604398049414158e-02 5.5342214182019234e-03 8.8314521312713623e-01 9.9997276067733765e-01 -7.3679992929100990e-03 2.0026545098517090e-04 8.8492858409881592e-01 3.8150000000000000e+03 8.5720314025878906e+01
-9.9917054176330566e-01 -2.9768129810690880e-02 -2.7788113802671432e-02 1.5416576862335205e+00 -9.9993592500686646e-01 -9.2195617035031319e-03 6.5719899721443653e-03 1.5110985040664673e+00 1.6180000000000000e+03 2.0036294555664062e+02
9.9986714124679565e-01 1.5342721715569496e-02 5.4980576969683170e-03 8.7742125988006592e-01 9.9998223781585693e-01 -5.9264712035655975e-03 -5.9996329946443439e-04 8.8364017009735107e-01 3.5460000000000000e+03 8.0391357421875000e+01
-9.9923574924468994e-01 -3.5741023719310760e-02 -1.5826014801859856e-02 1.5175771713256836e+00 -9.9997186660766602e-01 -6.7484215833246708e-03 3.2802952919155359e-03 1.5341471433639526e+00 1.3650000000000000e+03 2.0900659179687500e+02
9.9986588954925537e-01 1.4861993491649628e-02 6.8737161345779896e-03 8.8081568479537964e-01 9.9999129772186279e-01 -3.6558522842824459e-03 1.9794302061200142e-03 8.8064521551132202e-01 3.9020000000000000e+03 8.1461585998535156e+01
9.9989509582519531e-01 1.2545360252261162e-02 7.2348429821431637e-03 8.8157904148101807e-01 9.9991101026535034e-01 -6.4096716232597828e-03 1.1699422262609005e-02 8.6438590288162231e-01 2.7850000000000000e+03 7.9872673034667969e+01
-3.3486053347587585e-02 3.9119297266006470e-01 -9.1969925165176392e-01 2.1709203720092773e+00 -4.9065429717302322e-02 -2.6223018765449524e-01 -9.6375721693038940e-01 2.1963255405426025e+00 2.7900000000000000e+03 1.4639996337890625e+02
-6.8895034492015839e-03 3.8150924444198608e-01 -9.2433941364288330e-01 1.5081251859664917e+00 3.1167326960712671e-03 -2.5662651658058167e-01 -9.6650552749633789e-01 1.5093066692352295e+00 6.4180000000000000e+03 1.7009426879882812e+02
9.9988919496536255e-01 1.4767673797905445e-02 1.8559588352218270e-03 8.8250082731246948e-01 9.9995762109756470e-01 -8.8730156421661377e-03 2.4569185916334391e-03 8.7821179628372192e-01 2.7370000000000000e+03 7.7190719604492188e+01
3.2601458951830864e-04 -6.6518508829176426e-03 -9.9997776746749878e-01 1.3102837800979614e+00 -3.5409372299909592e-02 -6.6230553388595581e-01 -7.4839663505554199e-01 1.3898956775665283e+00 1.3140000000000000e+03 1.7651393127441406e+02
3.2601458951830864e-04 -6.6518508829176426e-03 -9.9997776746749878e-01 1.3102837800979614e+00 6.6201095469295979e-03 -6.7242312431335449e-01 -7.4013745784759521e-01 1.3520071506500244e+00 4.4730000000000000e+03 1.7651393127441406e+02
1.1316957883536816e-02 -7.2404134273529053e-01 -6.8966370820999146e-01 6.1735105514526367e-01 -2.5658035883679986e-04 -9.9958837032318115e-01 2.8687372803688049e-02 6.2380313873291016e-01 3.2600000000000000e+03 1.9405307006835938e+02
-2.9271910898387432e-03 -4.7623756527900696e-01 -8.7931180000305176e-01 1.0474792718887329e+00 -3.1517770141363144e-02 -9.5985299348831177e-01 -2.7872720360755920e-01 1.0798511505126953e+00 3.1980000000000000e+03 2.0895091247558594e+02
-6.7820502445101738e-03 -3.1316363811492920e-01 -9.4967490434646606e-01 1.3073579072952271e+00 -3.0081843957304955e-02 -8.8923132419586182e-01 -4.5646774768829346e-01 1.3869936466217041e+00 2.2560000000000000e+03 2.1284397888183594e+02
-2.8539946302771568e-02 -1.8857203423976898e-01 -9.8164457082748413e-01 1.4989649057388306e+00 -3.6093197762966156e-02 -7.4599587917327881e-01 -6.6497170925140381e-01 1.6532566547393799e+00 1.2290000000000000e+03 2.2809600830078125e+02
-5.9585615992546082e-02 6.2157946825027466e-01 -7.8108173608779907e-01 1.6906720399856567e+00 1.1512304190546274e-03 -5.8840092271566391e-02 -9.9826675653457642e-01 1.6061362028121948e+00 3.8070000000000000e+03 1.6858183288574219e+02
-5.9585615992546082e-02 6.2157946825027466e-01 -7.8108173608779907e-01 1.6906720399856567e+00 -4.1396867483854294e-02 -5.4704885929822922e-02 -9.9764406681060791e-01 1.6551169157028198e+00 2.8880000000000000e+03 1.4379957580566406e+02
3.3397559076547623e-02 -1.1258110404014587e-01 -9.9308109283447266e-01 1.2184026241302490e+00 7.4941202998161316e-02 -7.4760276079177856e-01 -6.5990459918975830e-01 1.3121522665023804e+00 1.1800000000000000e+03 1.2788558959960938e+02
4.7705892473459244e-02 -1.3198505342006683e-01 -9.9010300636291504e-01 1.4274026155471802e+00 -3.4292768687009811e-02 -7.7645599842071533e-01 -6.2923771142959595e-01 1.4766110181808472e+00 2.6090000000000000e+03 1.8990034484863281e+02
4.7705892473459244e-02 -1.3198505342006683e-01 -9.9010300636291504e-01 1.4274026155471802e+00 7.4941202998161316e-02 -7.4760276079177856e-01 -6.5990459918975830e-01 1.3121522665023804e+00 1.1800000000000000e+03 1.2788558959960938e+02
-2.7444472536444664e-02 -1.2788209319114685e-01 -9.9140954017639160e-01 1.4966990947723389e+00 -3.4292768687009811e-02 -7.7645599842071533e-01 -6.2923771142959595e-01 1.4766110181808472e+00 2.6090000000000000e+03 1.8990034484863281e+02
-2.7444472536444664e-02 -1.2788209319114685e-01 -9.9140954017639160e-01 1.4966990947723389e+00 7.4941202998161316e-02 -7.4760276079177856e-01 -6.5990459918975830e-01 1.3121522665023804e+00 1.1800000000000000e+03 1.7914154052734375e+02
1.2541259825229645e-01 1.3938096351921558e-02 -9.9200677871704102e-01 1.1772669553756714e+00 7.4941202998161316e-02 -7.4760276079177856e-01 -6.5990459918975830e-01 1.3121522665023804e+00 1.1800000000000000e+03 1.4081095886230469e+02
-5.3886089473962784e-02 -1.4061121642589569e-01 -9.8859733343124390e-01 1.8113137483596802e+00 -7.4969679117202759e-02 -7.7847951650619507e-01 -6.2317687273025513e-01 1.8850848674774170e+00 4.3120000000000000e+03 1.9652180480957031e+02
-6.2887512147426605e-02 -3.4884685277938843e-01 -9.3506741523742676e-01 1.9740803241729736e+00 -7.8638553619384766e-02 -8.9041662216186523e-01 -4.4830143451690674e-01 2.1067843437194824e+00 1.3800000000000000e+03 2.0959057617187500e+02
9.9965029954910278e-01 2.5485023856163025e-02 7.0470273494720459e-03 8.8959258794784546e-01 9.9988013505935669e-01 -5.0543500110507011e-03 1.4631768688559532e-02 8.6718332767486572e-01 1.3090000000000000e+03 7.3144256591796875e+01
-2.5635052472352982e-02 8.4627479314804077e-01 -5.3212946653366089e-01 1.2795963287353516e+00 -7.1046263910830021e-03 2.0487460494041443e-01 -9.7876244783401489e-01 1.2651785612106323e+00 4.6720000000000000e+03 1.6892930603027344e+02
-1.0941293090581894e-02 1.2568332254886627e-01 -9.9201011657714844e-01 8.2224744558334351e-01 3.1085897237062454e-02 -5.6456261873245239e-01 -8.2480466365814209e-01 8.6585503816604614e-01 1.8160000000000000e+03 1.4498733520507812e+02
-9.9793410301208496e-01 -6.0623224824666977e-02 -2.1270386874675751e-02 1.5254818201065063e+00 -9.9842548370361328e-01 4.2479523108340800e-04 5.6092571467161179e-02 1.3531298637390137e+00 1.1050000000000000e+03 2.0779280090332031e+02
9.9966138601303101e-01 2.5718992576003075e-02 3.9563747122883797e-03 8.8693761825561523e-01 9.9997329711914062e-01 -6.8199029192328453e-03 2.6486555580049753e-03 8.8242489099502563e-01 2.1810000000000000e+03 8.0424270629882812e+01
9.9985194206237793e-01 1.5948433429002762e-02 6.4692595042288303e-03 8.7713706493377686e-01 9.9997252225875854e-01 6.5038106404244900e-03 3.5539332311600447e-03 8.8575345277786255e-01 1.7830000000000000e+03 7.0110725402832031e+01
9.9951672554016113e-01 3.0657190829515457e-02 5.1348200067877769e-03 8.8875031471252441e-01 9.9999541044235229e-01 -2.5602618698030710e-03 -1.6036701854318380e-03 8.9091700315475464e-01 1.3350000000000000e+03 7.6499588012695312e+01
