9.9985492229461670e-01 -1.2841040268540382e-02 -1.1191567406058311e-02 9.0841245651245117e-01 9.9966347217559814e-01 -2.3303044959902763e-02 1.1392089538276196e-02 8.8263690471649170e-01 1.3260000000000000e+03 9.2855201721191406e+01
9.9988770484924316e-01 -8.3725638687610626e-03 -1.2424829415977001e-02 9.1448265314102173e-01 9.9999958276748657e-01 7.4550270801410079e-04 4.9034354742616415e-04 8.9942902326583862e-01 1.6250000000000000e+03 8.9879142761230469e+01
-9.9989432096481323e-01 -1.3423547148704529e-02 -5.5887675844132900e-03 1.5262086391448975e+00 -9.9996173381805420e-01 8.3818575367331505e-03 -2.5194853078573942e-03 1.4994347095489502e+00 1.4270000000000000e+03 2.0015376281738281e+02
9.9985367059707642e-01 -9.4838943332433701e-03 -1.4238403178751469e-02 9.1291797161102295e-01 9.9999970197677612e-01 -7.6381937833502889e-04 1.4364004891831428e-04 9.0470910072326660e-01 3.4280000000000000e+03 8.8728065490722656e+01
-9.9964821338653564e-01 -1.6403101384639740e-02 -2.0843528211116791e-02 1.5953555107116699e+00 -9.9999517202377319e-01 -2.8087254031561315e-04 -3.0843650456517935e-03 1.4886199235916138e+00 1.4120000000000000e+03 1.9878153991699219e+02
9.9984490871429443e-01 -1.2330717407166958e-02 -1.2578443624079227e-02 9.0785568952560425e-01 9.9997586011886597e-01 6.0549764893949032e-03 3.3878460526466370e-03 9.0119200944900513e-01 1.7460000000000000e+03 8.3352966308593750e+01
9.9981611967086792e-01 -1.5875322744250298e-02 -1.0752687230706215e-02 9.0512073040008545e-01 9.9996286630630493e-01 7.6115550473332405e-03 4.0631154552102089e-03 8.8925909996032715e-01 1.4660000000000000e+03 8.7605400085449219e+01
9.9988609552383423e-01 -1.0699612088501453e-02 -1.0645938105881214e-02 9.0398561954498291e-01 9.9999183416366577e-01 -9.1926631284877658e-04 -3.9368551224470139e-03 9.0058475732803345e-01 2.3550000000000000e+03 8.4856307983398438e+01
9.9992156028747559e-01 -1.0904819704592228e-02 -6.1551905237138271e-03 9.0101844072341919e-01 9.9996024370193481e-01 -3.8014596793800592e-03 -8.0676516517996788e-03 8.9503657817840576e-01 3.3110000000000000e+03 8.1550712585449219e+01
9.9974167346954346e-01 -2.0210362970829010e-02 -1.0403325781226158e-02 8.8733285665512085e-01 9.9965691566467285e-01 -1.9649788737297058e-02 1.7321931198239326e-02 8.7949568033218384e-01 1.2770000000000000e+03 1.2426937866210938e+02
9.9978041648864746e-01 -2.0004814490675926e-02 -6.2314262613654137e-03 9.0075236558914185e-01 9.9988907575607300e-01 -6.5551442094147205e-03 -1.3366528786718845e-02 9.1142344474792480e-01 1.0010000000000000e+03 6.9428840637207031e+01
9.9988168478012085e-01 -1.4294661581516266e-02 -5.6804195046424866e-03 3.6086696386337280e-01 9.9994641542434692e-01 8.9080547913908958e-03 -5.2664470858871937e-03 3.6061200499534607e-01 1.0880000000000000e+03 1.2175000000000000e+02
9.9998587369918823e-01 -4.2196498252451420e-03 3.2191977370530367e-03 8.8579052686691284e-01 9.9996685981750488e-01 2.6179680135101080e-03 -7.7033913694322109e-03 8.9727681875228882e-01 1.3220000000000000e+03 5.3015575408935547e+01
9.9985504150390625e-01 5.4420209489762783e-03 -1.6130143776535988e-02 3.6405783891677856e-01 9.9997758865356445e-01 3.9930562488734722e-03 5.3673721849918365e-03 2.8496485948562622e-01 1.1630000000000000e+03 9.6622528076171875e+01
9.9990695714950562e-01 -1.2580154463648796e-02 5.2762366831302643e-03 8.8271230459213257e-01 9.9909096956253052e-01 -1.7966574057936668e-02 -3.8657255470752716e-02 7.8447467088699341e-01 1.0890000000000000e+03 8.9437095642089844e+01
9.9979043006896973e-01 1.6415568825323135e-04 -2.0473632961511612e-02 9.1194224357604980e-01 9.9994802474975586e-01 -7.6247886754572392e-03 6.7496863193809986e-03 9.0053385496139526e-01 1.8970000000000000e+03 8.2555183410644531e+01
-9.9922180175781250e-01 -3.9178576320409775e-02 4.5607914216816425e-03 1.5384584665298462e+00 -9.9949067831039429e-01 3.1758669763803482e-02 3.1364385504275560e-03 1.4191168546676636e+00 1.3170000000000000e+03 2.0163349914550781e+02
9.9983799457550049e-01 -1.7929248511791229e-02 1.6299232374876738e-03 8.8997316360473633e-01 9.9997413158416748e-01 -6.7386101000010967e-03 -2.5332337245345116e-03 8.8491648435592651e-01 1.6020000000000000e+03 8.7372657775878906e+01
9.9982863664627075e-01 -1.2971342541277409e-02 -1.3207340613007545e-02 9.0463823080062866e-01 9.9999570846557617e-01 2.9276355635374784e-03 -2.6085903300554492e-05 8.9602786302566528e-01 2.5090000000000000e+03 7.2813873291015625e+01
9.9982190132141113e-01 -1.8821131438016891e-02 1.3776372652500868e-03 9.0480673313140869e-01 9.9990731477737427e-01 9.9501674994826317e-03 -9.2902798205614090e-03 8.9348554611206055e-01 1.5820000000000000e+03 8.1153076171875000e+01
9.9961286783218384e-01 -7.4028605595231056e-03 -2.6819853112101555e-02 9.0414863824844360e-01 9.9989843368530273e-01 -1.2730374000966549e-03 1.4193648472428322e-02 9.0704727172851562e-01 2.7720000000000000e+03 8.4976509094238281e+01
9.9990451335906982e-01 -1.3548935763537884e-02 -2.7355707716196775e-03 8.8767915964126587e-01 9.9995148181915283e-01 6.1564780771732330e-03 -7.6894727535545826e-03 8.9312690496444702e-01 3.7040000000000000e+03 8.7250961303710938e+01
9.9998927116394043e-01 -4.1421907953917980e-03 -2.0591649226844311e-03 8.9090389013290405e-01 9.9998521804809570e-01 -3.2827989198267460e-03 -4.3523567728698254e-03 8.9025443792343140e-01 1.4870000000000000e+03 6.6667114257812500e+01
9.9984449148178101e-01 -1.6882665455341339e-02 5.0996509380638599e-03 8.7040412425994873e-01 9.9996578693389893e-01 -7.8249191865324974e-03 -2.6807079557329416e-03 8.8798052072525024e-01 1.9250000000000000e+03 7.9806755065917969e+01
9.9991536140441895e-01 -9.0202074497938156e-03 -9.3761887401342392e-03 8.9467400312423706e-01 9.9998867511749268e-01 -4.7540538944303989e-03 -3.6266614915803075e-04 8.8547563552856445e-01 3.9020000000000000e+03 8.7419860839843750e+01
9.9986499547958374e-01 -1.1516122147440910e-02 -1.1722284369170666e-02 8.9733040332794189e-01 9.9998509883880615e-01 -5.4179960861802101e-03 -6.4781086985021830e-04 8.8836854696273804e-01 4.0710000000000000e+03 8.9143692016601562e+01
9.9989122152328491e-01 -8.4823118522763252e-03 -1.2061541900038719e-02 9.0021157264709473e-01 9.9999296665191650e-01 -3.7175531033426523e-03 5.2869395585730672e-04 8.8214558362960815e-01 4.0620000000000000e+03 8.8154998779296875e+01
9.9991971254348755e-01 -4.9533783458173275e-03 -1.1663336306810379e-02 9.0451234579086304e-01 9.9996614456176758e-01 -8.0406479537487030e-03 1.7771072452887893e-03 8.7514942884445190e-01 4.4170000000000000e+03 8.6608703613281250e+01
9.9993216991424561e-01 -8.3126612007617950e-03 -8.1654991954565048e-03 8.9400178194046021e-01 9.9998331069946289e-01 -5.1761516369879246e-03 -2.5846385397017002e-03 8.8231825828552246e-01 3.2370000000000000e+03 8.2933242797851562e+01
9.9994200468063354e-01 -4.0154922753572464e-03 -9.9967084825038910e-03 8.9820116758346558e-01 9.9999433755874634e-01 7.8274519182741642e-04 3.2702137250453234e-03 8.7787759304046631e-01 1.5320000000000000e+03 8.4275566101074219e+01
9.9993646144866943e-01 -2.6448520366102457e-03 -1.0959240607917309e-02 9.0143299102783203e-01 9.9995261430740356e-01 -1.2362721608951688e-03 9.6633676439523697e-03 8.6755180358886719e-01 2.6050000000000000e+03 8.2865097045898438e+01
9.9987459182739258e-01 -1.0387687012553215e-02 -1.1948386207222939e-02 9.0148836374282837e-01 9.9998241662979126e-01 -3.1541448552161455e-03 -5.0242911092936993e-03 8.9621496200561523e-01 3.2310000000000000e+03 7.7990150451660156e+01
9.9993455410003662e-01 8.9538109023123980e-04 -1.1404703371226788e-02 8.9909642934799194e-01 9.9995595216751099e-01 -8.9960955083370209e-03 2.7120823506265879e-03 8.8210070133209229e-01 1.4060000000000000e+03 8.1350357055664062e+01
9.9997287988662720e-01 8.2832307089120150e-04 -7.3203989304602146e-03 8.9845877885818481e-01 9.9984616041183472e-01 -1.7392320558428764e-02 -2.2860430181026459e-03 8.8963031768798828e-01 1.4810000000000000e+03 6.5436431884765625e+01
9.9991130828857422e-01 -4.8330539721064270e-04 -1.3308916240930557e-02 9.0092009305953979e-01 9.9994170665740967e-01 -1.0696096345782280e-02 1.4510260662063956e-03 8.9069551229476929e-01 4.8060000000000000e+03 9.0471076965332031e+01
-9.9923175573348999e-01 -3.7088748067617416e-02 -1.2661295011639595e-02 1.5868756771087646e+00 -9.9991500377655029e-01 5.2268835715949535e-03 1.1945118196308613e-02 1.5382717847824097e+00 1.3270000000000000e+03 2.0451620483398438e+02
9.9975454807281494e-01 -2.2106060758233070e-02 1.5055759577080607e-03 9.0271639823913574e-01 9.9983090162277222e-01 1.0295296087861061e-02 -1.5238032676279545e-02 9.0573370456695557e-01 3.5940000000000000e+03 8.4390785217285156e+01
9.9982476234436035e-01 -6.5362295135855675e-03 -1.7541982233524323e-02 9.0703123807907104e-01 9.9993515014648438e-01 7.0167747326195240e-03 8.9748548343777657e-03 8.7864828109741211e-01 1.7920000000000000e+03 6.7522994995117188e+01
9.9986547231674194e-01 -8.3729755133390427e-03 -1.4101306907832623e-02 9.0241801738739014e-01 9.9985378980636597e-01 -1.6514800488948822e-02 4.4234050437808037e-03 8.8374859094619751e-01 3.2930000000000000e+03 1.0918402862548828e+02
9.9982666969299316e-01 -1.8257290124893188e-02 -3.6456703674048185e-03 9.0701276063919067e-01 9.9993401765823364e-01 -4.0390617214143276e-03 -1.0754385031759739e-02 9.0674591064453125e-01 2.3830000000000000e+03 8.3638595581054688e+01
-2.0698223263025284e-02 9.9925339221954346e-01 3.2622057944536209e-02 5.7556092739105225e-01 -1.2475734110921621e-03 -9.9896472692489624e-01 -4.5475479215383530e-02 6.2797057628631592e-01 1.8500000000000000e+03 1.8454542541503906e+02
9.9990493059158325e-01 -1.1596826836466789e-02 -7.4590244330465794e-03 9.0176260471343994e-01 9.9994069337844849e-01 7.7939126640558243e-04 -1.0861170478165150e-02 9.0995419025421143e-01 4.3240000000000000e+03 1.0003861999511719e+02
-9.9960666894912720e-01 -2.7951870113611221e-02 -2.2956593893468380e-03 1.5739926099777222e+00 -9.9983054399490356e-01 6.7785433493554592e-03 1.7114594578742981e-02 1.5103368759155273e+00 1.1310000000000000e+03 1.9548983764648438e+02
9.9988734722137451e-01 -1.2949205003678799e-02 -7.5855148024857044e-03 9.0137529373168945e-01 9.9984830617904663e-01 1.6821039840579033e-02 4.5237569138407707e-03 8.8089054822921753e-01 1.5470000000000000e+03 7.5000000000000000e+01
9.9983906745910645e-01 -8.1630190834403038e-03 -1.5976902097463608e-02 9.0495085716247559e-01 9.9999004602432251e-01 -2.8961261268705130e-03 3.4019118174910545e-03 8.8237220048904419e-01 3.0130000000000000e+03 7.7750625610351562e+01
9.9986183643341064e-01 -7.8319162130355835e-03 -1.4662890695035458e-02 9.0667891502380371e-01 9.9998468160629272e-01 -5.5169523693621159e-03 -5.8964453637599945e-04 8.8660502433776855e-01 4.1000000000000000e+03 7.7453674316406250e+01
9.9979174137115479e-01 -1.4888702891767025e-02 -1.3950305059552193e-02 8.9271056652069092e-01 9.9999564886093140e-01 -2.2677839733660221e-03 1.8538695294409990e-03 8.8763064146041870e-01 3.5320000000000000e+03 8.1080970764160156e+01
9.9988275766372681e-01 -1.2313637882471085e-02 -9.1072591021656990e-03 8.9394420385360718e-01 9.9999690055847168e-01 -2.2592497989535332e-03 -1.0721065336838365e-03 8.8308674097061157e-01 2.2210000000000000e+03 8.2545494079589844e+01
9.9983531236648560e-01 -9.7719347104430199e-03 -1.5291636809706688e-02 9.0226805210113525e-01 9.9997276067733765e-01 -7.3778391815721989e-03 -1.4564530283678323e-04 8.8523274660110474e-01 3.5990000000000000e+03 7.6392738342285156e+01
9.9990385770797729e-01 -8.8665531948208809e-03 -1.0659567080438137e-02 8.9476048946380615e-01 9.9997276067733765e-01 -7.3679992929100990e-03 2.0026545098517090e-04 8.8492858409881592e-01 3.5380000000000000e+03 8.0625564575195312e+01
9.9992746114730835e-01 -9.0356934815645218e-03 -7.9738479107618332e-03 8.9266383647918701e-01 9.9998223781585693e-01 -5.9264712035655975e-03 -5.9996329946443439e-04 8.8364017009735107e-01 3.8230000000000000e+03 8.0391357421875000e+01
9.9987035989761353e-01 -1.1007697321474552e-02 -1.1749145574867725e-02 8.9571386575698853e-01 9.9999129772186279e-01 -3.6558522842824459e-03 1.9794302061200142e-03 8.8064521551132202e-01 4.4460000000000000e+03 8.1461585998535156e+01
9.9987506866455078e-01 -9.0901441872119904e-03 -1.2934627011418343e-02 8.9595627784729004e-01 9.9991101026535034e-01 -6.4096716232597828e-03 1.1699422262609005e-02 8.6438590288162231e-01 2.7850000000000000e+03 8.6587661743164062e+01
9.9983948469161987e-01 -1.3643145561218262e-02 -1.1610251851379871e-02 8.9431095123291016e-01 9.9985349178314209e-01 9.5733301714062691e-03 1.4192260801792145e-02 8.6747419834136963e-01 1.1110000000000000e+03 8.6680450439453125e+01
9.9986046552658081e-01 -1.1667263694107533e-02 -1.1954499408602715e-02 8.9529806375503540e-01 9.9999672174453735e-01 9.3829695833846927e-04 -2.3755605798214674e-03 8.9363932609558105e-01 2.2530000000000000e+03 8.0882415771484375e+01
9.9990040063858032e-01 -1.0489494539797306e-02 -9.4440225511789322e-03 8.9939165115356445e-01 9.9999862909317017e-01 -2.3573395446874201e-04 1.6544382087886333e-03 8.7126111984252930e-01 2.1370000000000000e+03 6.2201946258544922e+01
9.9993258714675903e-01 -5.2488222718238831e-03 -1.0365510359406471e-02 8.9350229501724243e-01 9.9995762109756470e-01 -8.8730156421661377e-03 2.4569185916334391e-03 8.7821179628372192e-01 2.7800000000000000e+03 6.7744117736816406e+01
9.9972778558731079e-01 4.1246796026825905e-03 -2.2961715236306190e-02 9.0214002132415771e-01 9.9987196922302246e-01 -1.3281188905239105e-02 8.9199030771851540e-03 8.9568197727203369e-01 3.4260000000000000e+03 8.7605453491210938e+01
-9.9948424100875854e-01 -3.2084207981824875e-02 1.3808095827698708e-03 1.5743604898452759e+00 -9.9990975856781006e-01 1.1485600844025612e-02 -6.9630499929189682e-03 1.4461004734039307e+00 1.8560000000000000e+03 2.1726724243164062e+02
9.9980020523071289e-01 -1.9904358312487602e-02 -1.8692319281399250e-03 8.9285570383071899e-01 9.9999713897705078e-01 -2.5451969122514129e-04 -2.3694264236837626e-03 8.8423818349838257e-01 1.7140000000000000e+03 8.8028007507324219e+01
9.9979621171951294e-01 -6.3998373225331306e-03 -1.9143003970384598e-02 9.1558063030242920e-01 9.9979346990585327e-01 1.3089734129607677e-02 1.5554229728877544e-02 8.6962372064590454e-01 1.1870000000000000e+03 4.7105842590332031e+01
9.9986016750335693e-01 -1.6151126474142075e-02 -4.3309731408953667e-03 8.8838893175125122e-01 9.9995958805084229e-01 8.7851854041218758e-03 1.8963066395372152e-03 8.8873958587646484e-01 1.8100000000000000e+03 6.4328178405761719e+01
9.9992442131042480e-01 -6.6661499440670013e-03 -1.0329190641641617e-02 8.9314562082290649e-01 9.9988013505935669e-01 -5.0543500110507011e-03 1.4631768688559532e-02 8.6718332767486572e-01 1.7330000000000000e+03 7.3144256591796875e+01
9.9957406520843506e-01 -2.7444416657090187e-02 -9.9218804389238358e-03 9.1071677207946777e-01 9.9991106986999512e-01 1.2629587203264236e-02 -4.2912862263619900e-03 8.9508086442947388e-01 3.3380000000000000e+03 8.4682235717773438e+01
-9.9980890750885010e-01 -5.7694446295499802e-03 -1.8675155937671661e-02 1.4953037500381470e+00 -9.9955636262893677e-01 -2.7427252382040024e-02 1.1611400172114372e-02 1.4911855459213257e+00 2.1620000000000000e+03 2.1074560546875000e+02
9.9985641241073608e-01 -1.3494379818439484e-02 -1.0249887593090534e-02 8.9935672283172607e-01 9.9998420476913452e-01 4.8246514052152634e-03 -2.9084929265081882e-03 9.0249633789062500e-01 2.6190000000000000e+03 7.2689308166503906e+01
9.9984836578369141e-01 -6.7507517524063587e-03 -1.6052199527621269e-02 9.0793591737747192e-01 9.9996435642242432e-01 -7.9310666769742966e-03 -2.9077478684484959e-03 9.0423756837844849e-01 2.8740000000000000e+03 7.0688247680664062e+01
9.9999356269836426e-01 -1.5346292639151216e-03 3.2483842223882675e-03 8.8228595256805420e-01 9.9994969367980957e-01 -9.9277496337890625e-03 -1.4295510482043028e-03 8.9067071676254272e-01 1.0940000000000000e+03 7.4808517456054688e+01
9.9989485740661621e-01 -9.4325253739953041e-03 -1.1019887402653694e-02 8.9821708202362061e-01 9.9997252225875854e-01 6.5038106404244900e-03 3.5539332311600447e-03 8.8575345277786255e-01 1.7830000000000000e+03 8.7366386413574219e+01
9.9983316659927368e-01 -1.3925900682806969e-02 -1.1816183105111122e-02 8.9946252107620239e-01 9.9999541044235229e-01 -2.5602618698030710e-03 -1.6036701854318380e-03 8.9091700315475464e-01 4.7750000000000000e+03 8.0361885070800781e+01
