9.9950015544891357e-01 1.4227021893020719e-05 -3.1611461192369461e-02 8.9515608549118042e-01 9.9985003471374512e-01 -1.2058613821864128e-02 -1.2427012436091900e-02 9.1443026065826416e-01 5.5260000000000000e+03 8.9703582763671875e+01
-9.9930864572525024e-01 -3.4261539578437805e-02 -1.4431255869567394e-02 1.4790263175964355e+00 -9.9992883205413818e-01 -6.5394644625484943e-03 -9.9783604964613914e-03 1.5338777303695679e+00 1.9810000000000000e+03 2.0975265502929688e+02
9.9939310550689697e-01 -9.0843369252979755e-04 -3.4822668880224228e-02 8.9807701110839844e-01 9.9985492229461670e-01 -1.2841040268540382e-02 -1.1191567406058311e-02 9.0841245651245117e-01 5.3840000000000000e+03 8.8432579040527344e+01
-9.9910438060760498e-01 -4.0137652307748795e-02 -1.3392464257776737e-02 1.4910018444061279e+00 -9.9989759922027588e-01 -4.2811660096049309e-03 -1.3656294904649258e-02 1.5681065320968628e+00 2.7470000000000000e+03 2.0270440673828125e+02
9.9959599971771240e-01 -2.6590649504214525e-03 -2.8300659731030464e-02 8.9055919647216797e-01 9.9988770484924316e-01 -8.3725638687610626e-03 -1.2424829415977001e-02 9.1448265314102173e-01 4.9150000000000000e+03 8.9879142761230469e+01
-9.9928629398345947e-01 -3.7123505026102066e-02 -6.9736503064632416e-03 1.4679746627807617e+00 -9.9989432096481323e-01 -1.3423547148704529e-02 -5.5887675844132900e-03 1.5262086391448975e+00 2.3890000000000000e+03 2.0226956176757812e+02
9.9955797195434570e-01 6.8462023045867682e-04 -2.9721919447183609e-02 8.8818031549453735e-01 9.9985367059707642e-01 -9.4838943332433701e-03 -1.4238403178751469e-02 9.1291797161102295e-01 4.7550000000000000e+03 8.8728065490722656e+01
-9.9916946887969971e-01 -4.0615830570459366e-02 3.2787986565381289e-03 1.4434226751327515e+00 -9.9964821338653564e-01 -1.6403101384639740e-02 -2.0843528211116791e-02 1.5953555107116699e+00 1.5770000000000000e+03 1.9878153991699219e+02
9.9959063529968262e-01 -8.3025395870208740e-03 -2.7377413585782051e-02 8.7869888544082642e-01 9.9981611967086792e-01 -1.5875322744250298e-02 -1.0752687230706215e-02 9.0512073040008545e-01 2.1660000000000000e+03 1.1713204193115234e+02
9.9981087446212769e-01 -4.2156898416578770e-03 -1.8987057730555534e-02 8.6981141567230225e-01 9.9988609552383423e-01 -1.0699612088501453e-02 -1.0645938105881214e-02 9.0398561954498291e-01 1.9750000000000000e+03 1.1157518768310547e+02
9.9961835145950317e-01 2.2775806428398937e-04 -2.7624037116765976e-02 8.7836718559265137e-01 9.9992156028747559e-01 -1.0904819704592228e-02 -6.1551905237138271e-03 9.0101844072341919e-01 2.1310000000000000e+03 1.0868090057373047e+02
9.9989503622055054e-01 1.2907514348626137e-02 -6.5708574838936329e-03 7.0734274387359619e-01 9.9974167346954346e-01 -2.0210362970829010e-02 -1.0403325781226158e-02 8.8733285665512085e-01 1.0730000000000000e+03 1.2132460021972656e+02
9.9961835145950317e-01 -2.3469625040888786e-02 -1.4569940976798534e-02 8.8033509254455566e-01 9.9992227554321289e-01 -3.1642804387956858e-03 -1.2056643143296242e-02 9.0975439548492432e-01 1.0110000000000000e+03 1.2356676483154297e+02
9.9972414970397949e-01 -7.5402101501822472e-03 -2.2246250882744789e-02 8.8383626937866211e-01 9.9978041648864746e-01 -2.0004814490675926e-02 -6.2314262613654137e-03 9.0075236558914185e-01 1.0010000000000000e+03 8.4779205322265625e+01
-8.3678234368562698e-03 9.9062854051589966e-01 -1.3632677495479584e-01 7.4985498189926147e-01 3.4121342003345490e-02 -5.0137937068939209e-02 -9.9815928936004639e-01 9.1363030672073364e-01 1.2280000000000000e+03 2.3185911560058594e+02
9.9989384412765503e-01 -1.5730653103673831e-05 -1.4574612490832806e-02 8.6018526554107666e-01 9.9990683794021606e-01 -9.3507124111056328e-03 -9.9498778581619263e-03 9.0452343225479126e-01 1.2570000000000000e+03 6.3860183715820312e+01
-9.7206356003880501e-03 4.5456326007843018e-01 -8.9066141843795776e-01 1.8394691944122314e+00 -4.9779880791902542e-02 -8.4920388460159302e-01 -5.2571350336074829e-01 1.8734393119812012e+00 1.3110000000000000e+03 2.0670787048339844e+02
-1.0662738233804703e-01 4.7525200247764587e-01 -8.7336474657058716e-01 1.9347368478775024e+00 -4.9779880791902542e-02 -8.4920388460159302e-01 -5.2571350336074829e-01 1.8734393119812012e+00 2.2540000000000000e+03 2.0670787048339844e+02
-1.4427149668335915e-02 5.9048678725957870e-02 -9.9815082550048828e-01 1.0655046701431274e+00 -3.0127178877592087e-02 -9.9799120426177979e-01 -5.5729832500219345e-02 1.1504727602005005e+00 1.2580000000000000e+03 2.1974403381347656e+02
9.9974119663238525e-01 -2.7665204834192991e-03 -2.2580064833164215e-02 8.8507366180419922e-01 9.9990695714950562e-01 -1.2580154463648796e-02 5.2762366831302643e-03 8.8271230459213257e-01 2.5130000000000000e+03 8.0413749694824219e+01
9.9956065416336060e-01 -5.7807145640254021e-03 -2.9071344062685966e-02 8.9284300804138184e-01 9.9977648258209229e-01 -1.2365728616714478e-02 -1.7145767807960510e-02 9.1394507884979248e-01 2.2330000000000000e+03 1.0766213226318359e+02
-1.4661142602562904e-02 1.3136807084083557e-01 -9.9122524261474609e-01 7.7527874708175659e-01 -6.7960233427584171e-03 -9.9245542287826538e-01 -1.2241728603839874e-01 8.3777981996536255e-01 3.2910000000000000e+03 2.0036280822753906e+02
9.9954134225845337e-01 -1.5242640860378742e-02 -2.6169423013925552e-02 9.0872609615325928e-01 9.9984383583068848e-01 -2.9514627531170845e-03 -1.7425071448087692e-02 9.1773390769958496e-01 2.0170000000000000e+03 1.1445364379882812e+02
9.9878156185150146e-01 -2.1999953314661980e-02 -4.4175170361995697e-02 8.9069068431854248e-01 9.9982190132141113e-01 -1.8821131438016891e-02 1.3776372652500868e-03 9.0480673313140869e-01 1.5820000000000000e+03 1.0160198211669922e+02
9.9965792894363403e-01 -1.0065763257443905e-02 -2.4137325584888458e-02 8.8478356599807739e-01 9.9991506338119507e-01 -1.1527694761753082e-02 -6.0887662693858147e-03 9.0393018722534180e-01 1.7350000000000000e+03 7.8377525329589844e+01
9.9966663122177124e-01 -7.3333536274731159e-03 -2.4755718186497688e-02 9.0249860286712646e-01 9.9998170137405396e-01 -5.1322658546268940e-03 3.2054793555289507e-03 8.8740074634552002e-01 1.9580000000000000e+03 9.5417243957519531e+01
9.9966335296630859e-01 -8.2070603966712952e-03 -2.4614544585347176e-02 9.0388154983520508e-01 9.9994683265686035e-01 -3.9647482335567474e-03 9.5164803788065910e-03 8.7589526176452637e-01 1.9300000000000000e+03 9.5561988830566406e+01
9.9976050853729248e-01 -2.3151868954300880e-03 -2.1759131923317909e-02 9.0275192260742188e-01 9.9994564056396484e-01 -4.5184055343270302e-03 -9.3924039974808693e-03 9.0046322345733643e-01 2.7360000000000000e+03 1.0016947937011719e+02
-9.9895048141479492e-01 -4.2752552777528763e-02 -1.6435844823718071e-02 1.5058097839355469e+00 -9.9953842163085938e-01 -1.8484348431229591e-02 -2.4111559614539146e-02 1.5519273281097412e+00 2.1650000000000000e+03 2.1208558654785156e+02
9.9936664104461670e-01 -1.2952961027622223e-02 -3.3143762499094009e-02 8.9287698268890381e-01 9.9990451335906982e-01 -1.3548935763537884e-02 -2.7355707716196775e-03 8.8767915964126587e-01 3.0160000000000000e+03 1.1594097900390625e+02
-9.9860185384750366e-01 -3.4062370657920837e-02 -4.0421355515718460e-02 1.5723000764846802e+00 -9.9971938133239746e-01 -2.3642016574740410e-02 -1.4611713122576475e-03 1.4645594358444214e+00 1.0450000000000000e+03 2.2150535583496094e+02
9.9959015846252441e-01 -1.4091160148382187e-02 -2.4923508986830711e-02 8.7914890050888062e-01 9.9988579750061035e-01 -1.2125013396143913e-02 -9.0240556746721268e-03 8.9668750762939453e-01 1.4360000000000000e+03 1.2406198120117188e+02
9.9973601102828979e-01 -7.7553074806928635e-03 -2.1627038717269897e-02 8.8336759805679321e-01 9.9989777803421021e-01 -8.9456420391798019e-03 -1.1157093569636345e-02 8.8858133554458618e-01 1.2780000000000000e+03 1.2360392761230469e+02
9.9963033199310303e-01 -6.8351873196661472e-03 -2.6313588023185730e-02 8.8673168420791626e-01 9.9998927116394043e-01 -4.1421907953917980e-03 -2.0591649226844311e-03 8.9090389013290405e-01 1.4870000000000000e+03 1.0778931427001953e+02
9.9958103895187378e-01 -6.1720632947981358e-04 -2.8937209397554398e-02 8.8814181089401245e-01 9.9984449148178101e-01 -1.6882665455341339e-02 5.0996509380638599e-03 8.7040412425994873e-01 1.9250000000000000e+03 8.5097671508789062e+01
9.9958300590515137e-01 -1.4880925882607698e-03 -2.8840016573667526e-02 8.8749629259109497e-01 9.9991536140441895e-01 -9.0202074497938156e-03 -9.3761887401342392e-03 8.9467400312423706e-01 4.0180000000000000e+03 8.7419860839843750e+01
-9.9864083528518677e-01 -3.8563266396522522e-02 -3.5063423216342926e-02 1.5462898015975952e+00 -9.9949437379837036e-01 -3.1794842332601547e-02 2.9144709696993232e-04 1.5447181463241577e+00 1.1000000000000000e+03 2.0081675720214844e+02
9.9960708618164062e-01 -1.9451083790045232e-04 -2.8029564768075943e-02 8.8051372766494751e-01 9.9986499547958374e-01 -1.1516122147440910e-02 -1.1722284369170666e-02 8.9733040332794189e-01 4.9410000000000000e+03 8.9143692016601562e+01
-9.9844735860824585e-01 -3.2578840851783752e-02 -4.5181561261415482e-02 1.5790363550186157e+00 -9.9988692998886108e-01 -1.2648667208850384e-02 8.1306202337145805e-03 1.5260274410247803e+00 1.7470000000000000e+03 2.0397940063476562e+02
9.9969029426574707e-01 -4.8718662583269179e-04 -2.4880843237042427e-02 8.7814491987228394e-01 9.9989122152328491e-01 -8.4823118522763252e-03 -1.2061541900038719e-02 9.0021157264709473e-01 5.2880000000000000e+03 8.8154998779296875e+01
9.9979281425476074e-01 -3.6293242592364550e-03 -2.0031493157148361e-02 8.7987363338470459e-01 9.9991971254348755e-01 -4.9533783458173275e-03 -1.1663336306810379e-02 9.0451234579086304e-01 4.4970000000000000e+03 8.6608703613281250e+01
9.9982351064682007e-01 -3.7382587324827909e-03 -1.8407747149467468e-02 8.6991685628890991e-01 9.9993216991424561e-01 -8.3126612007617950e-03 -8.1654991954565048e-03 8.9400178194046021e-01 3.5620000000000000e+03 8.2933242797851562e+01
9.9993067979812622e-01 -1.0200137039646506e-03 -1.1730830185115337e-02 8.6594462394714355e-01 9.9994200468063354e-01 -4.0154922753572464e-03 -9.9967084825038910e-03 8.9820116758346558e-01 2.8380000000000000e+03 8.4275566101074219e+01
9.9984252452850342e-01 -1.1973545886576176e-02 -1.3099119067192078e-02 8.7682837247848511e-01 9.9993646144866943e-01 -2.6448520366102457e-03 -1.0959240607917309e-02 9.0143299102783203e-01 1.5420000000000000e+03 8.5066795349121094e+01
-1.8029030412435532e-02 6.4712327718734741e-01 -7.6217216253280640e-01 1.1537288427352905e+00 7.7128331176936626e-03 -7.0130640268325806e-01 -7.1281820535659790e-01 1.2054542303085327e+00 7.4590000000000000e+03 1.6270022583007812e+02
9.9970257282257080e-01 -1.6235522925853729e-02 -1.8201706930994987e-02 8.7706601619720459e-01 9.9993455410003662e-01 8.9538109023123980e-04 -1.1404703371226788e-02 8.9909642934799194e-01 1.3500000000000000e+03 1.1118444824218750e+02
-9.1102765873074532e-03 6.4046937227249146e-01 -7.6792973279953003e-01 1.1491209268569946e+00 -6.4217357430607080e-04 -7.4582529067993164e-01 -6.6614115238189697e-01 1.1149611473083496e+00 1.7830000000000000e+03 1.2488671112060547e+02
-9.1102765873074532e-03 6.4046937227249146e-01 -7.6792973279953003e-01 1.1491209268569946e+00 1.2158536352217197e-02 -7.0139408111572266e-01 -7.1266996860504150e-01 1.2929427623748779e+00 6.0300000000000000e+03 1.5530546569824219e+02
9.9956989288330078e-01 -3.0783661641180515e-03 -2.9165454208850861e-02 8.9160168170928955e-01 9.9997287988662720e-01 8.2832307089120150e-04 -7.3203989304602146e-03 8.9845877885818481e-01 1.4810000000000000e+03 1.1456243133544922e+02
-4.2056781239807606e-03 4.6775108575820923e-01 -8.8385015726089478e-01 1.1576399803161621e+00 7.3664439842104912e-03 -8.2944434881210327e-01 -5.5854082107543945e-01 1.2136801481246948e+00 8.6790000000000000e+03 1.6960630798339844e+02
9.9978208541870117e-01 -5.0728796049952507e-03 -2.0251663401722908e-02 8.7659996747970581e-01 9.9996554851531982e-01 -2.1411047782748938e-04 -8.2957763224840164e-03 8.9818215370178223e-01 2.3110000000000000e+03 1.0974210357666016e+02
9.9980580806732178e-01 -1.7220826819539070e-02 -9.5838941633701324e-03 8.6436855792999268e-01 9.9997162818908691e-01 -6.7968969233334064e-03 -3.2521057873964310e-03 9.0331536531448364e-01 1.7290000000000000e+03 8.7679008483886719e+01
9.9967563152313232e-01 -1.2965633533895016e-02 -2.1919816732406616e-02 8.9127552509307861e-01 9.9982535839080811e-01 -1.8224146217107773e-02 4.1275531984865665e-03 8.6833441257476807e-01 1.2830000000000000e+03 1.1402416229248047e+02
9.9903762340545654e-01 -9.8674716427922249e-03 -4.2737882584333420e-02 8.9606815576553345e-01 9.9975454807281494e-01 -2.2106060758233070e-02 1.5055759577080607e-03 9.0271639823913574e-01 3.5940000000000000e+03 7.7785537719726562e+01
9.9941492080688477e-01 -1.2903695460408926e-03 -3.4177362918853760e-02 8.9217627048492432e-01 9.9987095594406128e-01 -1.4190991409122944e-02 -7.5311958789825439e-03 8.8896000385284424e-01 3.5520000000000000e+03 1.0092510986328125e+02
9.9937480688095093e-01 -2.1796815097332001e-02 -2.7834596112370491e-02 8.9060127735137939e-01 9.9990105628967285e-01 -1.3612593524158001e-02 3.5467841662466526e-03 8.8102996349334717e-01 1.4480000000000000e+03 1.1233542633056641e+02
-2.1268405544105917e-04 5.4975962638854980e-01 -8.3532279729843140e-01 1.0655806064605713e+00 -5.0483453087508678e-03 -7.9109883308410645e-01 -6.1166751384735107e-01 1.0765918493270874e+00 3.4930000000000000e+03 1.1792929077148438e+02
-2.1268405544105917e-04 5.4975962638854980e-01 -8.3532279729843140e-01 1.0655806064605713e+00 1.8714938312768936e-02 -7.7258056402206421e-01 -6.3464081287384033e-01 1.1046183109283447e+00 5.0000000000000000e+03 1.7533940124511719e+02
9.9970030784606934e-01 -1.4144511893391609e-02 -1.9982390105724335e-02 8.7796401977539062e-01 9.9993991851806641e-01 -9.8827108740806580e-03 -4.7364295460283756e-03 8.9502632617950439e-01 1.8450000000000000e+03 1.1023577117919922e+02
9.9978309869766235e-01 8.0495030852034688e-04 -2.0809983834624290e-02 8.7507331371307373e-01 9.9982476234436035e-01 -6.5362295135855675e-03 -1.7541982233524323e-02 9.0703123807907104e-01 3.2130000000000000e+03 9.6976348876953125e+01
-6.4382307231426239e-02 9.8080587387084961e-01 -1.8405055999755859e-01 1.0034259557723999e+00 -1.9751759245991707e-03 -1.2318023294210434e-01 -9.9238240718841553e-01 9.1354900598526001e-01 2.0520000000000000e+03 1.5897555541992188e+02
-6.6166944801807404e-02 8.7709116935729980e-01 -4.7574463486671448e-01 1.2190130949020386e+00 9.7389321308583021e-04 -3.9445877075195312e-01 -9.1891312599182129e-01 1.1806735992431641e+00 3.8460000000000000e+03 1.6941116333007812e+02
-6.9043390452861786e-02 8.7921541929244995e-01 -4.7139501571655273e-01 1.2168567180633545e+00 2.2623389959335327e-03 -3.9529016613960266e-01 -9.1855341196060181e-01 1.1785498857498169e+00 3.8000000000000000e+03 1.6898863220214844e+02
-6.8650923669338226e-02 8.7931787967681885e-01 -4.7126123309135437e-01 1.2172524929046631e+00 2.9100608080625534e-03 -3.8711053133010864e-01 -9.2202866077423096e-01 1.1812849044799805e+00 3.7810000000000000e+03 1.6916703796386719e+02
-6.9183558225631714e-02 8.7995392084121704e-01 -4.6999439597129822e-01 1.2157403230667114e+00 2.7597991283982992e-03 -3.8656604290008545e-01 -9.2225760221481323e-01 1.1814582347869873e+00 3.7840000000000000e+03 1.6921571350097656e+02
-6.5095685422420502e-02 8.7920880317687988e-01 -4.7196891903877258e-01 1.2174818515777588e+00 6.7793880589306355e-03 -4.0977382659912109e-01 -9.1216188669204712e-01 1.1765437126159668e+00 3.8170000000000000e+03 1.6849301147460938e+02
-6.3444189727306366e-02 8.8276547193527222e-01 -4.6551060676574707e-01 1.2152327299118042e+00 2.3903094697743654e-03 -3.9194238185882568e-01 -9.1998666524887085e-01 1.1769754886627197e+00 3.7570000000000000e+03 1.6849974060058594e+02
-6.4414933323860168e-02 9.0510684251785278e-01 -4.2027637362480164e-01 1.1857527494430542e+00 9.6785958157852292e-04 -3.4946548938751221e-01 -9.3694871664047241e-01 1.1362099647521973e+00 3.5010000000000000e+03 1.7203782653808594e+02
9.9971401691436768e-01 -9.7079174593091011e-03 -2.1855833008885384e-02 8.8519209623336792e-01 9.9967658519744873e-01 -1.2296773493289948e-02 -2.2258218377828598e-02 9.2019337415695190e-01 1.4090000000000000e+03 1.2138253784179688e+02
9.9924069643020630e-01 -7.4404813349246979e-03 -3.8242399692535400e-02 8.9705163240432739e-01 9.9982666969299316e-01 -1.8257290124893188e-02 -3.6456703674048185e-03 9.0701276063919067e-01 2.3830000000000000e+03 7.5098030090332031e+01
9.9964362382888794e-01 -1.3979905284941196e-02 -2.2742666304111481e-02 8.7968838214874268e-01 9.9988734722137451e-01 -1.2949205003678799e-02 -7.5855148024857044e-03 9.0137529373168945e-01 3.5120000000000000e+03 1.0960056304931641e+02
9.9973911046981812e-01 -2.5668153539299965e-03 -2.2696422412991524e-02 8.8317120075225830e-01 9.9983906745910645e-01 -8.1630190834403038e-03 -1.5976902097463608e-02 9.0495085716247559e-01 4.2480000000000000e+03 1.0044138336181641e+02
9.9966412782669067e-01 -3.8462057709693909e-03 -2.5631433352828026e-02 8.8642990589141846e-01 9.9986183643341064e-01 -7.8319162130355835e-03 -1.4662890695035458e-02 9.0667891502380371e-01 4.1000000000000000e+03 9.7064674377441406e+01
9.9950039386749268e-01 1.1533421929925680e-03 -3.1587064266204834e-02 8.8837015628814697e-01 9.9979174137115479e-01 -1.4888702891767025e-02 -1.3950305059552193e-02 8.9271056652069092e-01 3.5320000000000000e+03 9.1138641357421875e+01
9.9950259923934937e-01 -3.1547178514301777e-03 -3.1377814710140228e-02 8.8947761058807373e-01 9.9988275766372681e-01 -1.2313637882471085e-02 -9.1072591021656990e-03 8.9394420385360718e-01 2.2210000000000000e+03 8.8916252136230469e+01
9.9957460165023804e-01 -4.7014464507810771e-04 -2.9163222759962082e-02 8.8931399583816528e-01 9.9983531236648560e-01 -9.7719347104430199e-03 -1.5291636809706688e-02 9.0226805210113525e-01 3.5990000000000000e+03 8.8349632263183594e+01
9.9957126379013062e-01 3.6665078368969262e-04 -2.9278300702571869e-02 8.8692247867584229e-01 9.9990385770797729e-01 -8.8665531948208809e-03 -1.0659567080438137e-02 8.9476048946380615e-01 3.5380000000000000e+03 8.9216720581054688e+01
9.9960011243820190e-01 -5.5018090642988682e-04 -2.8271995484828949e-02 8.8670265674591064e-01 9.9992746114730835e-01 -9.0356934815645218e-03 -7.9738479107618332e-03 8.9266383647918701e-01 3.8230000000000000e+03 8.6199256896972656e+01
9.9949783086776733e-01 2.0331833511590958e-03 -3.1620100140571594e-02 8.8786822557449341e-01 9.9987035989761353e-01 -1.1007697321474552e-02 -1.1749145574867725e-02 8.9571386575698853e-01 4.4460000000000000e+03 8.5281501770019531e+01
9.9957382678985596e-01 2.1687014959752560e-03 -2.9110280796885490e-02 8.8591974973678589e-01 9.9987506866455078e-01 -9.0901441872119904e-03 -1.2934627011418343e-02 8.9595627784729004e-01 4.6920000000000000e+03 8.6587661743164062e+01
-9.9798977375030518e-01 -5.6049477308988571e-02 -2.9576346278190613e-02 1.5373107194900513e+00 -9.9991977214813232e-01 -1.2234018184244633e-02 3.2706928905099630e-03 1.5534688234329224e+00 1.4220000000000000e+03 1.9758660888671875e+02
9.9951052665710449e-01 3.9056718815118074e-03 -3.1039949506521225e-02 8.8717484474182129e-01 9.9987715482711792e-01 -1.0647901333868504e-02 -1.1503771878778934e-02 8.9628070592880249e-01 3.2020000000000000e+03 8.6500541687011719e+01
-9.9940019845962524e-01 -3.4212283790111542e-02 -5.3620063699781895e-03 1.4773631095886230e+00 -9.9976134300231934e-01 -1.5672774985432625e-02 -1.5221896581351757e-02 1.6085371971130371e+00 1.7790000000000000e+03 2.0067185974121094e+02
9.9972218275070190e-01 -6.1373454518616199e-03 -2.2757340222597122e-02 8.7562596797943115e-01 9.9986046552658081e-01 -1.1667263694107533e-02 -1.1954499408602715e-02 8.9529806375503540e-01 2.5240000000000000e+03 1.0915808105468750e+02
9.9953478574752808e-01 -4.8654335550963879e-03 -3.0111782252788544e-02 8.8494014739990234e-01 9.9990040063858032e-01 -1.0489494539797306e-02 -9.4440225511789322e-03 8.9939165115356445e-01 2.4660000000000000e+03 9.5375488281250000e+01
9.9973553419113159e-01 7.5715738348662853e-03 -2.1714175119996071e-02 8.7525629997253418e-01 9.9993258714675903e-01 -5.2488222718238831e-03 -1.0365510359406471e-02 8.9350229501724243e-01 2.3030000000000000e+03 1.0797047424316406e+02
-9.9834340810775757e-01 -5.5221345275640488e-02 -1.6154855489730835e-02 1.4394307136535645e+00 -9.9954038858413696e-01 -2.6833588257431984e-02 -1.4106525108218193e-02 1.5946314334869385e+00 1.0920000000000000e+03 2.0880128479003906e+02
9.9977570772171021e-01 -7.0772529579699039e-03 -1.9959928467869759e-02 8.7302702665328979e-01 9.9987745285034180e-01 -8.7761776521801949e-03 -1.2960232794284821e-02 8.9619535207748413e-01 1.8140000000000000e+03 1.2327067565917969e+02
9.9960255622863770e-01 -1.5439625829458237e-02 -2.3586442694067955e-02 8.7791281938552856e-01 9.9987804889678955e-01 -1.3074959628283978e-02 -8.5518751293420792e-03 8.9734923839569092e-01 1.4910000000000000e+03 1.2469013977050781e+02
-9.9959209561347961e-02 5.0905203819274902e-01 -8.5491174459457397e-01 2.0851483345031738e+00 -7.1785628795623779e-02 -8.1288856267929077e-01 -5.7797831296920776e-01 2.1394913196563721e+00 1.8780000000000000e+03 2.1683120727539062e+02
9.9964314699172974e-01 -1.9135886803269386e-02 -1.8640346825122833e-02 8.6964231729507446e-01 9.9986016750335693e-01 -1.6151126474142075e-02 -4.3309731408953667e-03 8.8838893175125122e-01 1.2050000000000000e+03 1.1165061950683594e+02
-1.6920167952775955e-02 2.4359320104122162e-01 -9.6972990036010742e-01 8.8903236389160156e-01 -2.2170566022396088e-02 -9.6425342559814453e-01 -2.6405230164527893e-01 9.3780159950256348e-01 3.5150000000000000e+03 2.0970327758789062e+02
9.9955469369888306e-01 -1.1496954597532749e-02 -2.7537357062101364e-02 9.0012764930725098e-01 9.9990355968475342e-01 -8.4457919001579285e-03 -1.1019438505172729e-02 8.9974254369735718e-01 1.5620000000000000e+03 1.2904930114746094e+02
9.9963450431823730e-01 -1.9533228129148483e-02 -1.8692849203944206e-02 8.9718401432037354e-01 9.9975383281707764e-01 -3.7025732453912497e-03 -2.1874815225601196e-02 9.2026406526565552e-01 1.4190000000000000e+03 1.2349330139160156e+02
9.9893200397491455e-01 -1.7901474609971046e-02 -4.2596176266670227e-02 8.8811743259429932e-01 9.9957406520843506e-01 -2.7444416657090187e-02 -9.9218804389238358e-03 9.1071677207946777e-01 1.7650000000000000e+03 1.0712634277343750e+02
-3.6347195506095886e-02 7.3955965042114258e-01 -6.7210894823074341e-01 1.5726433992385864e+00 -2.5266518816351891e-02 -5.8972764015197754e-01 -8.0720686912536621e-01 1.5929244756698608e+00 1.4110000000000000e+03 1.5201629638671875e+02
9.9942874908447266e-01 -5.5778195383027196e-04 -3.3791966736316681e-02 8.9380568265914917e-01 9.9976539611816406e-01 -2.0192012190818787e-02 -7.8378990292549133e-03 8.9288938045501709e-01 2.3040000000000000e+03 8.5378433227539062e+01
4.7097768634557724e-02 7.2181951999664307e-01 -6.9047707319259644e-01 1.6774302721023560e+00 -1.3195916544646025e-03 -5.9244900941848755e-01 -8.0560690164566040e-01 1.6654262542724609e+00 1.8080000000000000e+03 1.6031158447265625e+02
-8.0341257154941559e-02 7.2692507505416870e-01 -6.8200087547302246e-01 1.6702136993408203e+00 -2.1243786439299583e-02 -5.9337007999420166e-01 -8.0464941263198853e-01 1.7124390602111816e+00 1.0480000000000000e+03 1.5806921386718750e+02
9.9975287914276123e-01 -1.2388058006763458e-02 -1.8460651859641075e-02 8.7898975610733032e-01 9.9984836578369141e-01 -6.7507517524063587e-03 -1.6052199527621269e-02 9.0793591737747192e-01 1.4980000000000000e+03 1.2702336120605469e+02
9.9973011016845703e-01 -4.9398350529372692e-03 -2.2702813148498535e-02 8.8541197776794434e-01 9.9999356269836426e-01 -1.5346292639151216e-03 3.2483842223882675e-03 8.8228595256805420e-01 1.0940000000000000e+03 9.2828849792480469e+01
9.9957185983657837e-01 -1.7665389459580183e-03 -2.9206193983554840e-02 8.9023005962371826e-01 9.9989485740661621e-01 -9.4325253739953041e-03 -1.1019887402653694e-02 8.9821708202362061e-01 3.6000000000000000e+03 8.7366386413574219e+01
9.9952298402786255e-01 -2.1278175991028547e-03 -3.0809536576271057e-02 8.8738352060317993e-01 9.9983316659927368e-01 -1.3925900682806969e-02 -1.1816183105111122e-02 8.9946252107620239e-01 4.7750000000000000e+03 8.4514892578125000e+01
-9.9873125553131104e-01 -4.0765874087810516e-02 -2.9564600437879562e-02 1.5416327714920044e+00 -9.9993938207626343e-01 -1.0119923390448093e-02 -4.3365517631173134e-03 1.5461235046386719e+00 2.1870000000000000e+03 2.0062551879882812e+02
