9.9972349405288696e-01 -2.3243483155965805e-02 3.5791276022791862e-03 8.9979004859924316e-01 9.9947714805603027e-01 2.0434694364666939e-02 -2.5058377534151077e-02 9.4825446605682373e-01 4.5970000000000000e+03 8.6094757080078125e+01
-9.9980169534683228e-01 1.4148013666272163e-02 -1.4015560969710350e-02 1.5539451837539673e+00 -9.9843090772628784e-01 -2.7179934084415436e-02 -4.8960313200950623e-02 1.6132136583328247e+00 1.5430000000000000e+03 2.1434802246093750e+02
9.9967044591903687e-01 -2.5296906009316444e-02 4.3928371742367744e-03 8.9079648256301880e-01 9.9933791160583496e-01 2.3734942078590393e-02 -2.7575271204113960e-02 9.5161312818527222e-01 4.2490000000000000e+03 8.5426368713378906e+01
-9.9980664253234863e-01 1.9467975944280624e-02 -2.7504123281687498e-03 1.5364115238189697e+00 -9.9861890077590942e-01 -3.2081220299005508e-02 -4.1606161743402481e-02 1.5869861841201782e+00 2.3210000000000000e+03 2.0067599487304688e+02
9.9973613023757935e-01 -2.2766832262277603e-02 3.0802628025412560e-03 9.0034186840057373e-01 9.9954915046691895e-01 1.8119389191269875e-02 -2.3941509425640106e-02 9.4242286682128906e-01 4.6010000000000000e+03 8.6180053710937500e+01
-9.9968743324279785e-01 2.2705407813191414e-02 -1.0461421683430672e-02 1.5458619594573975e+00 -9.9828428030014038e-01 -3.3497277647256851e-02 -4.8025354743003845e-02 1.6065552234649658e+00 2.3850000000000000e+03 1.9571194458007812e+02
9.9972623586654663e-01 -2.3396460339426994e-02 -2.2891932167112827e-04 9.0225815773010254e-01 9.9933731555938721e-01 2.5007810443639755e-02 -2.6447778567671776e-02 9.4882887601852417e-01 3.3340000000000000e+03 8.4834136962890625e+01
-9.9973887205123901e-01 2.2696323692798615e-02 2.6736350264400244e-03 1.5150358676910400e+00 -9.9879914522171021e-01 -3.4556217491626740e-02 -3.4730255603790283e-02 1.5737736225128174e+00 1.8470000000000000e+03 1.9911152648925781e+02
9.9968653917312622e-01 -2.5029605254530907e-02 -5.7297485182061791e-04 8.9919233322143555e-01 9.9940919876098633e-01 2.0074550062417984e-02 -2.7898263186216354e-02 9.4583833217620850e-01 4.2810000000000000e+03 9.5352531433105469e+01
9.9986118078231812e-01 -1.6066994518041611e-02 4.4168587774038315e-03 8.9821833372116089e-01 9.9921816587448120e-01 2.2607127204537392e-02 -3.2433833926916122e-02 9.3531036376953125e-01 1.6830000000000000e+03 6.7342277526855469e+01
-8.3741046488285065e-02 -8.3971863985061646e-01 -5.3652608394622803e-01 1.9921973943710327e+00 -2.5012169033288956e-02 4.6255254745483398e-01 -8.8623887300491333e-01 2.0445945262908936e+00 2.4290000000000000e+03 2.0544374084472656e+02
9.9924689531326294e-01 -3.6416679620742798e-02 1.3398063369095325e-02 8.8816004991531372e-01 9.9944525957107544e-01 1.3203138485550880e-02 -3.0576497316360474e-02 9.3991333246231079e-01 1.8940000000000000e+03 1.0133685302734375e+02
9.9957454204559326e-01 -2.7200641110539436e-02 1.0523786768317223e-02 9.0149366855621338e-01 9.9961894750595093e-01 8.1569775938987732e-03 -2.6370242238044739e-02 9.2219841480255127e-01 2.8220000000000000e+03 1.1230261993408203e+02
9.9985551834106445e-01 -1.3745550997555256e-02 1.0001836344599724e-02 8.9667910337448120e-01 9.9953395128250122e-01 1.6005843877792358e-02 -2.5997165590524673e-02 9.2609763145446777e-01 1.9350000000000000e+03 8.4277664184570312e+01
-9.9941712617874146e-01 -5.9546669945120811e-03 -3.3613502979278564e-02 1.5773732662200928e+00 -9.9914455413818359e-01 -2.8535732999444008e-02 -2.9928965494036674e-02 1.5215492248535156e+00 1.0370000000000000e+03 2.0801982116699219e+02
9.9920105934143066e-01 -3.6731425672769547e-02 1.5751427039504051e-02 8.8563668727874756e-01 9.9943745136260986e-01 1.5681182965636253e-02 -2.9646029695868492e-02 9.2788070440292358e-01 1.0960000000000000e+03 9.8024635314941406e+01
9.9964910745620728e-01 -2.6489512994885445e-02 2.7257480542175472e-04 9.0900516510009766e-01 9.9970811605453491e-01 1.3293685391545296e-02 -2.0178304985165596e-02 9.2272055149078369e-01 1.8770000000000000e+03 1.0824315643310547e+02
9.9960964918136597e-01 -2.7928508818149567e-02 7.7904062345623970e-04 9.1055381298065186e-01 9.9955141544342041e-01 1.7917407676577568e-02 -2.3997435346245766e-02 9.3866443634033203e-01 1.4500000000000000e+03 1.2347241210937500e+02
9.9972927570343018e-01 -2.3125128820538521e-02 2.5592939928174019e-03 8.8925540447235107e-01 9.9924814701080322e-01 2.6101341471076012e-02 -2.8669431805610657e-02 9.2320352792739868e-01 1.0260000000000000e+03 7.6145553588867188e+01
-1.7821718007326126e-02 -6.5984040498733521e-01 -7.5119429826736450e-01 1.1402252912521362e+00 -1.1155219748616219e-02 6.6458648443222046e-01 -7.4712806940078735e-01 1.0852501392364502e+00 1.6050000000000000e+03 1.6669383239746094e+02
9.9947834014892578e-01 -3.0427303165197372e-02 1.0834519751369953e-02 8.9203137159347534e-01 9.9975275993347168e-01 1.2201866135001183e-02 -1.8588302657008171e-02 9.0424454212188721e-01 2.5840000000000000e+03 1.0476036834716797e+02
9.9955260753631592e-01 -2.9245397076010704e-02 6.2784217298030853e-03 8.9590460062026978e-01 9.9928432703018188e-01 2.1671636030077934e-02 -3.1003884971141815e-02 9.3006294965744019e-01 1.5540000000000000e+03 6.6428657531738281e+01
9.9984866380691528e-01 -1.2284084223210812e-02 1.2318231165409088e-02 8.9351904392242432e-01 9.9939882755279541e-01 2.1911742165684700e-02 -2.6866797357797623e-02 9.2908334732055664e-01 1.5940000000000000e+03 6.8107276916503906e+01
9.9967712163925171e-01 -2.4347735568881035e-02 7.2736120782792568e-03 8.8965165615081787e-01 9.9944460391998291e-01 2.1303351968526840e-02 -2.5626339018344879e-02 9.3020474910736084e-01 1.7380000000000000e+03 7.4877944946289062e+01
9.9976742267608643e-01 -1.5826663002371788e-02 1.4652060344815254e-02 8.8699251413345337e-01 9.9945086240768433e-01 1.8323581665754318e-02 -2.7609154582023621e-02 9.2845964431762695e-01 1.3720000000000000e+03 7.6409011840820312e+01
9.9946093559265137e-01 -3.0766872689127922e-02 1.1454770341515541e-02 8.8250374794006348e-01 9.9935561418533325e-01 1.9026774913072586e-02 -3.0436970293521881e-02 9.3163037300109863e-01 2.3960000000000000e+03 8.7255348205566406e+01
9.9988162517547607e-01 -1.5371257439255714e-02 -6.4499105792492628e-04 8.8965493440628052e-01 9.9948894977569580e-01 2.6108810678124428e-02 -1.8439086154103279e-02 9.4380307197570801e-01 2.3390000000000000e+03 1.0447200012207031e+02
9.9875771999359131e-01 -4.8764262348413467e-02 1.0249164886772633e-02 8.8768231868743896e-01 9.9903196096420288e-01 3.0190305784344673e-02 -3.1994953751564026e-02 9.3118315935134888e-01 1.4360000000000000e+03 1.1041484832763672e+02
9.9961578845977783e-01 -2.6801342144608498e-02 7.0764613337814808e-03 8.9544528722763062e-01 9.9952834844589233e-01 1.5930822119116783e-02 -2.6256095618009567e-02 9.3051141500473022e-01 3.2080000000000000e+03 1.0467581176757812e+02
-9.9780547618865967e-01 3.2361306250095367e-02 -5.7765867561101913e-02 1.6714295148849487e+00 -9.9906301498413086e-01 -3.7212979514151812e-03 -4.3118271976709366e-02 1.6629781723022461e+00 1.0700000000000000e+03 2.2839532470703125e+02
9.9968975782394409e-01 -2.4145552888512611e-02 6.1068492941558361e-03 8.9163815975189209e-01 9.9949407577514648e-01 1.8306208774447441e-02 -2.6011560112237930e-02 9.2945659160614014e-01 4.9220000000000000e+03 8.6460166931152344e+01
-9.9909120798110962e-01 1.1574177071452141e-02 -4.1020225733518600e-02 1.6363444328308105e+00 -9.9932092428207397e-01 -2.2175841033458710e-02 -2.9426405206322670e-02 1.6073549985885620e+00 1.8560000000000000e+03 2.1523329162597656e+02
9.9975222349166870e-01 -2.1240452304482460e-02 6.6588502377271652e-03 8.9042437076568604e-01 9.9949252605438232e-01 1.8537055701017380e-02 -2.5908509269356728e-02 9.2992603778839111e-01 4.8610000000000000e+03 8.6440071105957031e+01
-9.9967241287231445e-01 7.0702453376725316e-04 -2.5583159178495407e-02 1.5846043825149536e+00 -9.9957132339477539e-01 -2.9156588017940521e-02 -2.6319203898310661e-03 1.5143034458160400e+00 1.5970000000000000e+03 2.0670953369140625e+02
9.9969536066055298e-01 -2.4390051141381264e-02 3.7954999133944511e-03 8.9121711254119873e-01 9.9943947792053223e-01 2.1315738558769226e-02 -2.5811536237597466e-02 9.2875653505325317e-01 4.6840000000000000e+03 8.5839035034179688e+01
-9.9995446205139160e-01 7.6625761575996876e-03 -5.6903585791587830e-03 1.5194089412689209e+00 -9.9995934963226318e-01 1.0234591318294406e-03 8.9586768299341202e-03 1.4816268682479858e+00 1.6340000000000000e+03 2.0153610229492188e+02
9.9970054626464844e-01 -2.4198146536946297e-02 3.6479982081800699e-03 8.9500606060028076e-01 9.9950975179672241e-01 1.7841106280684471e-02 -2.5731524452567101e-02 9.2767339944839478e-01 4.0810000000000000e+03 8.6114936828613281e+01
-9.9978107213973999e-01 1.0422294959425926e-02 -1.8140196800231934e-02 1.5494973659515381e+00 -9.9876284599304199e-01 -2.7323013171553612e-02 -4.1548155248165131e-02 1.6980366706848145e+00 1.0830000000000000e+03 2.2505816650390625e+02
9.9971109628677368e-01 -2.0805545151233673e-02 1.2035593390464783e-02 8.8676655292510986e-01 9.9971824884414673e-01 1.2000571936368942e-02 -2.0479500293731689e-02 9.2178642749786377e-01 3.8980000000000000e+03 8.6330924987792969e+01
9.9957412481307983e-01 -2.5507021695375443e-02 1.4173631556332111e-02 8.7578117847442627e-01 9.9959069490432739e-01 1.4537478797137737e-02 -2.4637019261717796e-02 9.2269229888916016e-01 3.5140000000000000e+03 8.7424674987792969e+01
9.9934989213943481e-01 -2.2983154281973839e-02 2.7775285765528679e-02 8.5616838932037354e-01 9.9968206882476807e-01 1.3246128335595131e-02 -2.1450750529766083e-02 9.2639857530593872e-01 2.1340000000000000e+03 8.7668197631835938e+01
9.9929785728454590e-01 -1.0935416445136070e-02 3.5837221890687943e-02 8.4678304195404053e-01 9.9964809417724609e-01 1.1310693807899952e-02 -2.3995190858840942e-02 9.3531233072280884e-01 1.6370000000000000e+03 8.9961174011230469e+01
6.9602937437593937e-03 -2.1475341171026230e-02 -9.9974524974822998e-01 1.2281575202941895e+00 -2.3142049089074135e-02 9.9791270494461060e-01 -6.0288000851869583e-02 1.2299776077270508e+00 1.8680000000000000e+03 1.3519242858886719e+02
1.0490880347788334e-02 -2.9006216675043106e-02 -9.9952411651611328e-01 1.1310786008834839e+00 -2.0130636170506477e-02 9.9722635746002197e-01 -7.1654796600341797e-02 1.2194761037826538e+00 2.2640000000000000e+03 1.3503030395507812e+02
6.8161473609507084e-03 -1.8918374180793762e-01 -9.8191803693771362e-01 1.1448569297790527e+00 -1.1025178246200085e-02 9.6197652816772461e-01 -2.7290952205657959e-01 1.2538959980010986e+00 5.4420000000000000e+03 1.3507698059082031e+02
9.9982559680938721e-01 1.2857224792242050e-03 1.8630638718605042e-02 8.9722537994384766e-01 9.9963700771331787e-01 1.2207845225930214e-02 -2.4017095565795898e-02 9.2157202959060669e-01 1.4170000000000000e+03 8.3124473571777344e+01
9.9967980384826660e-01 -2.2698953747749329e-02 1.1182878166437149e-02 8.9490550756454468e-01 9.9947059154510498e-01 1.4042377471923828e-02 -2.9349306598305702e-02 9.4203090667724609e-01 1.4680000000000000e+03 8.2199645996093750e+01
9.9878072738647461e-01 -4.8867948353290558e-02 6.9917906075716019e-03 8.9787268638610840e-01 9.9920016527175903e-01 1.1214317753911018e-02 -3.8382921367883682e-02 9.2059862613677979e-01 1.3250000000000000e+03 1.2688603973388672e+02
1.0196454823017120e-02 -1.2029157578945160e-01 -9.9268627166748047e-01 1.0414597988128662e+00 -7.7258110977709293e-03 9.8273342847824097e-01 -1.8486569821834564e-01 1.1533141136169434e+00 4.2140000000000000e+03 1.3809017944335938e+02
2.3011364100966603e-04 -3.5726171731948853e-01 -9.3400430679321289e-01 1.0037660598754883e+00 -2.0279314368963242e-02 8.9002597332000732e-01 -4.5545864105224609e-01 1.0665122270584106e+00 7.0910000000000000e+03 1.4746212768554688e+02
9.9995857477188110e-01 -4.6156165190041065e-03 7.8428722918033600e-03 9.0429246425628662e-01 9.9972927570343018e-01 2.0441394299268723e-02 -1.1114273220300674e-02 9.0950065851211548e-01 1.9060000000000000e+03 5.7803604125976562e+01
9.9987441301345825e-01 -1.4467995613813400e-02 6.4748115837574005e-03 9.0628653764724731e-01 9.9942332506179810e-01 1.8560124561190605e-02 -2.8434894979000092e-02 9.3248331546783447e-01 2.4580000000000000e+03 8.9361991882324219e+01
-9.9948567152023315e-01 2.9934351332485676e-03 -3.1928252428770065e-02 1.6268310546875000e+00 -9.9909180402755737e-01 -3.4141309559345245e-02 -2.5494107976555824e-02 1.5107312202453613e+00 1.1960000000000000e+03 2.0543759155273438e+02
-9.1972416266798973e-03 -1.4745658636093140e-01 -9.8902583122253418e-01 1.1743507385253906e+00 -2.5638593360781670e-02 9.6688675880432129e-01 -2.5391474366188049e-01 1.2980604171752930e+00 1.9010000000000000e+03 1.6077592468261719e+02
9.9955624341964722e-01 -2.9788987711071968e-02 -2.4186485097743571e-04 8.8764005899429321e-01 9.9905484914779663e-01 3.1167089939117432e-02 -3.0298978090286255e-02 9.3169564008712769e-01 1.9640000000000000e+03 1.0212728881835938e+02
9.9970710277557373e-01 -2.4056768044829369e-02 2.6540001854300499e-03 8.9386844635009766e-01 9.9933183193206787e-01 2.2506788372993469e-02 -2.8801444917917252e-02 9.3374586105346680e-01 2.7340000000000000e+03 9.1158012390136719e+01
9.9965536594390869e-01 -2.4196250364184380e-02 1.0187923908233643e-02 8.9021718502044678e-01 9.9955976009368896e-01 1.3615386560559273e-02 -2.6360221207141876e-02 9.2179048061370850e-01 2.6450000000000000e+03 8.5309951782226562e+01
9.9904787540435791e-01 -4.0362335741519928e-02 1.6560519114136696e-02 8.7476289272308350e-01 9.9949485063552856e-01 1.7820764333009720e-02 -2.6315417140722275e-02 9.2531305551528931e-01 1.0700000000000000e+03 9.3599067687988281e+01
9.9899905920028687e-01 -3.7883248180150986e-02 2.3787697777152061e-02 8.6050420999526978e-01 9.9952697753906250e-01 1.7967497929930687e-02 -2.4958930909633636e-02 9.2948526144027710e-01 2.0530000000000000e+03 9.1198249816894531e+01
9.9969464540481567e-01 -2.3737911134958267e-02 6.8592745810747147e-03 8.8481515645980835e-01 9.9953180551528931e-01 1.6978897154331207e-02 -2.5454452261328697e-02 9.2744821310043335e-01 3.1250000000000000e+03 8.5690521240234375e+01
9.9969559907913208e-01 -2.4396646767854691e-02 3.6633608397096395e-03 8.9286303520202637e-01 9.9953013658523560e-01 1.6983438283205032e-02 -2.5515329092741013e-02 9.2629218101501465e-01 3.4580000000000000e+03 8.3042114257812500e+01
-9.9938917160034180e-01 6.3545508310198784e-03 -3.4365061670541763e-02 1.6401282548904419e+00 -9.9943518638610840e-01 -2.1830458194017410e-02 -2.5548933073878288e-02 1.5964214801788330e+00 1.5860000000000000e+03 2.2110844421386719e+02
9.9968391656875610e-01 -2.5051737204194069e-02 2.1242010407149792e-03 8.8989257812500000e-01 9.9952346086502075e-01 2.0642558112740517e-02 -2.2948289290070534e-02 9.1964828968048096e-01 3.8760000000000000e+03 8.8266510009765625e+01
-9.9974298477172852e-01 2.2466660011559725e-03 -2.2557873278856277e-02 1.6097917556762695e+00 -9.9931567907333374e-01 -1.8899913877248764e-02 -3.1795583665370941e-02 1.6206624507904053e+00 2.0830000000000000e+03 2.1118675231933594e+02
9.9972915649414062e-01 -2.3272108286619186e-02 -9.0412264398764819e-05 8.9594626426696777e-01 9.9958240985870361e-01 1.9386246800422668e-02 -2.1426370367407799e-02 9.2269921302795410e-01 4.2010000000000000e+03 8.5673782348632812e+01
-9.9959272146224976e-01 2.3237677291035652e-02 -1.6563115641474724e-02 1.5875385999679565e+00 -9.9837774038314819e-01 -2.8461275622248650e-02 -4.9313988536596298e-02 1.6676919460296631e+00 1.1810000000000000e+03 2.2158085632324219e+02
9.9966973066329956e-01 -2.5693757459521294e-02 4.8383953981101513e-04 8.9537626504898071e-01 9.9951487779617310e-01 2.0516173914074898e-02 -2.3432403802871704e-02 9.2482316493988037e-01 4.1460000000000000e+03 9.1770179748535156e+01
-9.9989271163940430e-01 1.4139786362648010e-02 -3.8426788523793221e-03 1.5476255416870117e+00 -9.9872887134552002e-01 -3.6756426095962524e-02 -3.4491162747144699e-02 1.6116319894790649e+00 1.5110000000000000e+03 2.1498677062988281e+02
9.9976241588592529e-01 -2.1796511486172676e-02 -2.3171860448201187e-05 8.9784973859786987e-01 9.9955731630325317e-01 1.9186142832040787e-02 -2.2737065330147743e-02 9.2750370502471924e-01 3.3690000000000000e+03 8.6173423767089844e+01
-9.9992275238037109e-01 3.3448855392634869e-03 -1.1965810321271420e-02 1.5618293285369873e+00 -9.9799603223800659e-01 -1.9636588171124458e-02 -6.0152523219585419e-02 1.6762160062789917e+00 1.1010000000000000e+03 2.1881925964355469e+02
9.9990820884704590e-01 -9.8408600315451622e-03 9.3119274824857712e-03 8.7970095872879028e-01 9.9934560060501099e-01 2.2304721176624298e-02 -2.8477400541305542e-02 9.3479532003402710e-01 1.3640000000000000e+03 8.2547912597656250e+01
4.9342673271894455e-02 4.3335482478141785e-02 -9.9784141778945923e-01 1.0423536300659180e+00 -2.6783255860209465e-02 9.9953496456146240e-01 -1.4583009295165539e-02 1.1293936967849731e+00 2.1070000000000000e+03 1.3903739929199219e+02
9.9915039539337158e-01 -3.4941483289003372e-02 2.1852424368262291e-02 8.7004876136779785e-01 9.9935501813888550e-01 1.0907389223575592e-02 -3.4212343394756317e-02 9.3701642751693726e-01 1.4040000000000000e+03 9.6518569946289062e+01
9.9949312210083008e-01 -3.0916260555386543e-02 7.5927362777292728e-03 8.8780993223190308e-01 9.9957144260406494e-01 2.2248934954404831e-02 -1.9022217020392418e-02 9.3029785156250000e-01 2.3670000000000000e+03 1.0535023498535156e+02
9.9952721595764160e-01 -3.0060676857829094e-02 6.4655435271561146e-03 8.8189893960952759e-01 9.9927395582199097e-01 2.4233089759945869e-02 -2.9397409409284592e-02 9.3052381277084351e-01 2.8630000000000000e+03 9.5717430114746094e+01
-9.9998986721038818e-01 -7.0626765955239534e-04 4.4428375549614429e-03 1.4178423881530762e+00 -9.9928134679794312e-01 -3.0584990978240967e-02 -2.2391127422451973e-02 1.5820692777633667e+00 1.1190000000000000e+03 2.0284361267089844e+02
9.9981039762496948e-01 -1.5484740026295185e-02 1.1800839565694332e-02 8.8223642110824585e-01 9.9943417310714722e-01 1.9158979877829552e-02 -2.7644092217087746e-02 9.2809885740280151e-01 1.8000000000000000e+03 9.3718582153320312e+01
-9.9892711639404297e-01 1.3126843608915806e-02 -4.4410310685634613e-02 1.6392686367034912e+00 -9.9960428476333618e-01 -1.2752898037433624e-02 -2.5073060765862465e-02 1.5868105888366699e+00 1.4880000000000000e+03 2.2235215759277344e+02
9.9956697225570679e-01 -2.8533035889267921e-02 7.1826968342065811e-03 8.9481699466705322e-01 9.9954783916473389e-01 1.6922086477279663e-02 -2.4855855852365494e-02 9.3101233243942261e-01 2.8830000000000000e+03 1.1099479675292969e+02
9.9969613552093506e-01 -2.3554125800728798e-02 7.2726970538496971e-03 8.9170664548873901e-01 9.9954414367675781e-01 1.7998673021793365e-02 -2.4235388264060020e-02 9.2914503812789917e-01 4.8900000000000000e+03 8.7471984863281250e+01
-9.9960833787918091e-01 -8.0177671043202281e-04 -2.7973743155598640e-02 1.5904165506362915e+00 -9.9962049722671509e-01 -9.7070364281535149e-03 -2.5779128074645996e-02 1.5970435142517090e+00 2.0420000000000000e+03 2.0968266296386719e+02
9.9973720312118530e-01 -2.1996917203068733e-02 6.4545175991952419e-03 8.8977199792861938e-01 9.9952346086502075e-01 1.8005648627877235e-02 -2.5075821205973625e-02 9.2864781618118286e-01 5.0890000000000000e+03 8.5540145874023438e+01
-9.9973046779632568e-01 -1.0412764968350530e-03 -2.3192433640360832e-02 1.5750224590301514e+00 -9.9933409690856934e-01 -1.7207726836204529e-02 -3.2175529748201370e-02 1.6158239841461182e+00 1.8950000000000000e+03 2.0363317871093750e+02
9.9965929985046387e-01 -2.4645764380693436e-02 8.6018210276961327e-03 8.7943959236145020e-01 9.9935847520828247e-01 2.1824399009346962e-02 -2.8396768495440483e-02 9.2970049381256104e-01 5.2070000000000000e+03 8.5485694885253906e+01
