9.9997514486312866e-01 6.6401036456227303e-03 2.3647742345929146e-03 9.1598284244537354e-01 9.9954915046691895e-01 1.8119389191269875e-02 -2.3941509425640106e-02 9.4242286682128906e-01 2.7780000000000000e+03 8.3086067199707031e+01
9.9998867511749268e-01 3.9564264006912708e-03 -2.6863918174058199e-03 9.2738848924636841e-01 9.9933731555938721e-01 2.5007810443639755e-02 -2.6447778567671776e-02 9.4882887601852417e-01 3.1630000000000000e+03 8.7587730407714844e+01
9.9998581409454346e-01 5.3224219009280205e-03 -1.0923646186711267e-04 9.1504317522048950e-01 9.9940919876098633e-01 2.0074550062417984e-02 -2.7898263186216354e-02 9.4583833217620850e-01 4.6350000000000000e+03 9.5352531433105469e+01
9.9998766183853149e-01 4.9614524468779564e-03 1.1734447980416007e-05 9.1594779491424561e-01 9.9933987855911255e-01 2.0715622231364250e-02 -2.9846802353858948e-02 9.3977808952331543e-01 4.0420000000000000e+03 9.9214744567871094e+01
9.9992346763610840e-01 5.0316313281655312e-03 -1.1304653249680996e-02 9.1838306188583374e-01 9.9975270032882690e-01 1.1895467527210712e-02 -1.8787639215588570e-02 9.2813163995742798e-01 1.3630000000000000e+03 7.4202774047851562e+01
9.9999964237213135e-01 7.9848518362268806e-04 -2.7263545780442655e-04 9.1589343547821045e-01 9.9934875965118408e-01 2.5262782350182533e-02 -2.5766657665371895e-02 9.3748015165328979e-01 2.5850000000000000e+03 1.1256169891357422e+02
-9.9933844804763794e-01 -2.8958629816770554e-02 -2.2003455087542534e-02 1.5291923284530640e+00 -9.9852025508880615e-01 -2.9860187321901321e-02 -4.5449655503034592e-02 1.5614790916442871e+00 1.2730000000000000e+03 2.2036763000488281e+02
9.9997729063034058e-01 1.7591908108443022e-03 -6.5046767704188824e-03 9.1569697856903076e-01 9.9955278635025024e-01 2.1633826196193695e-02 -2.0645113661885262e-02 9.3535733222961426e-01 3.6250000000000000e+03 8.4418983459472656e+01
-9.9964916706085205e-01 -2.3671088740229607e-02 -1.1887272819876671e-02 1.5182017087936401e+00 -9.9882107973098755e-01 -2.8689026832580566e-02 -3.9158295840024948e-02 1.5174672603607178e+00 2.3430000000000000e+03 1.9726344299316406e+02
9.9997222423553467e-01 4.0888134390115738e-03 -6.2401648610830307e-03 9.1562545299530029e-01 9.9949890375137329e-01 1.8180431798100471e-02 -2.5910284370183945e-02 9.3972343206405640e-01 3.7220000000000000e+03 1.0208544158935547e+02
-9.9906033277511597e-01 -4.2330760508775711e-02 -9.3016251921653748e-03 1.5140435695648193e+00 -9.9846804141998291e-01 -2.6026880368590355e-02 -4.8828322440385818e-02 1.5597903728485107e+00 2.2110000000000000e+03 2.0880686950683594e+02
9.9996030330657959e-01 -1.7547602765262127e-03 8.7343454360961914e-03 8.8957536220550537e-01 9.9921816587448120e-01 2.2607127204537392e-02 -3.2433833926916122e-02 9.3531036376953125e-01 2.7960000000000000e+03 8.9032577514648438e+01
9.9966168403625488e-01 2.4963196367025375e-02 7.3180911131203175e-03 8.9323037862777710e-01 9.9948817491531372e-01 1.1383075267076492e-02 -2.9898039996623993e-02 9.3269854784011841e-01 1.2380000000000000e+03 9.2172973632812500e+01
9.9993926286697388e-01 1.0196669958531857e-02 4.1822651401162148e-03 8.9342707395553589e-01 9.9952393770217896e-01 2.0701222121715546e-02 -2.2876536473631859e-02 9.3047457933425903e-01 2.3930000000000000e+03 9.1384056091308594e+01
9.9999487400054932e-01 1.8732403405010700e-03 2.5909140240401030e-03 9.0915632247924805e-01 9.9947601556777954e-01 1.8874179571866989e-02 -2.6294119656085968e-02 9.2898017168045044e-01 2.8530000000000000e+03 1.0318527984619141e+02
9.9995291233062744e-01 4.8641180619597435e-03 -8.3933062851428986e-03 9.0392118692398071e-01 9.9970328807830811e-01 6.0958778485655785e-03 -2.3586533963680267e-02 9.3380743265151978e-01 1.0730000000000000e+03 1.1890307617187500e+02
9.9999862909317017e-01 -4.4348899973556399e-04 -1.6372654354199767e-03 9.0391981601715088e-01 9.9953395128250122e-01 1.6005843877792358e-02 -2.5997165590524673e-02 9.2609763145446777e-01 2.5690000000000000e+03 9.8300506591796875e+01
9.9981600046157837e-01 -1.6353286802768707e-02 -1.0030686855316162e-02 9.0279102325439453e-01 9.9984163045883179e-01 1.4694777317345142e-02 -1.0035882703959942e-02 9.3435680866241455e-01 2.5520000000000000e+03 1.0350352478027344e+02
9.9998843669891357e-01 1.7555712256580591e-03 -4.4866618700325489e-03 9.2346465587615967e-01 9.9926853179931641e-01 1.5394261106848717e-02 -3.5006754100322723e-02 9.4028544425964355e-01 2.7940000000000000e+03 1.0361846923828125e+02
9.9998277425765991e-01 1.1743912473320961e-03 -5.7508624158799648e-03 9.2020028829574585e-01 9.9943745136260986e-01 1.5681182965636253e-02 -2.9646029695868492e-02 9.2788070440292358e-01 1.3130000000000000e+03 1.2517212677001953e+02
9.9999958276748657e-01 8.9619611389935017e-04 -3.8368147215805948e-04 8.9777243137359619e-01 9.9955874681472778e-01 1.3694139197468758e-02 -2.6358908042311668e-02 9.2513817548751831e-01 2.0470000000000000e+03 1.1889252471923828e+02
9.9991697072982788e-01 4.8925462178885937e-03 -1.1918222531676292e-02 9.1598790884017944e-01 9.9931907653808594e-01 2.5797354057431221e-02 -2.6378097012639046e-02 9.3264645338058472e-01 2.2800000000000000e+03 9.1620246887207031e+01
9.9983274936676025e-01 -1.2088845251128078e-03 -1.8248045817017555e-02 9.3799412250518799e-01 9.9966388940811157e-01 1.4812936075031757e-02 -2.1278236061334610e-02 9.2192256450653076e-01 1.1830000000000000e+03 7.7785552978515625e+01
9.9988120794296265e-01 1.0763823986053467e-02 -1.1031216941773891e-02 9.2017638683319092e-01 9.9953085184097290e-01 2.3169482126832008e-02 -2.0032767206430435e-02 9.2932766675949097e-01 1.5980000000000000e+03 9.9982475280761719e+01
9.9997353553771973e-01 -3.6923214793205261e-03 -6.2669506296515465e-03 9.1625207662582397e-01 9.9959576129913330e-01 1.8723435699939728e-02 -2.1398479118943214e-02 9.3444073200225830e-01 1.6530000000000000e+03 1.0550877380371094e+02
9.9998247623443604e-01 -5.8356509543955326e-03 -9.3576009385287762e-04 9.0066105127334595e-01 9.9953389167785645e-01 2.6920674368739128e-02 -1.4397333376109600e-02 9.1928493976593018e-01 2.3360000000000000e+03 1.1328595733642578e+02
9.9991583824157715e-01 1.2816978618502617e-02 -1.9960671197623014e-03 9.0932470560073853e-01 9.9928432703018188e-01 2.1671636030077934e-02 -3.1003884971141815e-02 9.3006294965744019e-01 3.1470000000000000e+03 6.6428657531738281e+01
9.9992483854293823e-01 1.1646890081465244e-02 -3.8360366597771645e-03 9.0661346912384033e-01 9.9939882755279541e-01 2.1911742165684700e-02 -2.6866797357797623e-02 9.2908334732055664e-01 3.2950000000000000e+03 6.6389526367187500e+01
9.9995845556259155e-01 8.9614279568195343e-03 -1.6818224685266614e-03 9.0312963724136353e-01 9.9944460391998291e-01 2.1303351968526840e-02 -2.5626339018344879e-02 9.3020474910736084e-01 3.7780000000000000e+03 7.4877944946289062e+01
-9.9983966350555420e-01 -1.2586907483637333e-02 -1.2739021331071854e-02 1.5265997648239136e+00 -9.9891006946563721e-01 -2.4672869592905045e-02 -3.9622478187084198e-02 1.5503493547439575e+00 2.2520000000000000e+03 1.9360523986816406e+02
9.9991518259048462e-01 1.2598838657140732e-02 -3.2959466334432364e-03 9.0303504467010498e-01 9.9945086240768433e-01 1.8323581665754318e-02 -2.7609154582023621e-02 9.2845964431762695e-01 3.6300000000000000e+03 7.6409011840820312e+01
-9.9979120492935181e-01 -1.6748126596212387e-02 -1.1704422533512115e-02 1.5287530422210693e+00 -9.9892508983612061e-01 -2.7784897014498711e-02 -3.7101767957210541e-02 1.5513995885848999e+00 2.2370000000000000e+03 1.9670719909667969e+02
9.9993729591369629e-01 1.1125478893518448e-02 -1.2714960612356663e-03 9.0446394681930542e-01 9.9935561418533325e-01 1.9026774913072586e-02 -3.0436970293521881e-02 9.3163037300109863e-01 4.3000000000000000e+03 8.7255348205566406e+01
-9.9932533502578735e-01 -2.5024825707077980e-02 -2.6884971186518669e-02 1.5641129016876221e+00 -9.9892610311508179e-01 -3.2924879342317581e-02 -3.2599307596683502e-02 1.5401765108108521e+00 2.0780000000000000e+03 2.0621029663085938e+02
9.9992114305496216e-01 -1.2347973883152008e-02 -2.2593224421143532e-03 9.0675771236419678e-01 9.9948894977569580e-01 2.6108810678124428e-02 -1.8439086154103279e-02 9.4380307197570801e-01 2.3390000000000000e+03 1.1356775665283203e+02
-9.9968820810317993e-01 -1.1495510116219521e-02 -2.2166857495903969e-02 1.5508646965026855e+00 -9.9695068597793579e-01 -3.4866992384195328e-02 -6.9811843335628510e-02 1.5977730751037598e+00 1.2270000000000000e+03 2.3034718322753906e+02
9.9995613098144531e-01 8.7051428854465485e-03 3.4532917197793722e-03 9.0931606292724609e-01 9.9941515922546387e-01 2.1420817822217941e-02 -2.6654066517949104e-02 9.3081229925155640e-01 2.1280000000000000e+03 9.8760810852050781e+01
-9.9945461750030518e-01 -2.6105338707566261e-02 -2.0224053412675858e-02 1.5256652832031250e+00 -9.9838244915008545e-01 -4.4630102813243866e-02 -3.5224210470914841e-02 1.5442229509353638e+00 1.5210000000000000e+03 2.0041485595703125e+02
9.9998390674591064e-01 5.0842394120991230e-03 2.5243028067052364e-03 9.0771013498306274e-01 9.9903196096420288e-01 3.0190305784344673e-02 -3.1994953751564026e-02 9.3118315935134888e-01 1.4360000000000000e+03 1.0443145751953125e+02
9.9994575977325439e-01 5.7196272537112236e-03 -8.7106283754110336e-03 9.0569114685058594e-01 9.9969947338104248e-01 1.6705229878425598e-02 -1.7941847443580627e-02 9.2830491065979004e-01 2.5960000000000000e+03 7.1353622436523438e+01
9.9992531538009644e-01 1.5972031978890300e-03 -1.2117756530642509e-02 9.1533941030502319e-01 9.9970829486846924e-01 1.5254170633852482e-02 -1.8727218732237816e-02 9.2973679304122925e-01 2.4930000000000000e+03 1.0008624267578125e+02
9.9990320205688477e-01 4.1200150735676289e-03 -1.3292847201228142e-02 9.1727840900421143e-01 9.9969226121902466e-01 1.2907766737043858e-02 -2.1185882389545441e-02 9.2942202091217041e-01 2.5020000000000000e+03 9.9825340270996094e+01
9.9991297721862793e-01 -9.4336150214076042e-03 -9.2277405783534050e-03 9.1111898422241211e-01 9.9974507093429565e-01 1.4784522354602814e-02 -1.7064930871129036e-02 9.3404632806777954e-01 1.4500000000000000e+03 1.1498345184326172e+02
9.9991697072982788e-01 7.1904491633176804e-03 1.0699464008212090e-02 8.8762068748474121e-01 9.9943041801452637e-01 2.1096903830766678e-02 -2.6336656883358955e-02 9.2456322908401489e-01 3.1740000000000000e+03 8.2736602783203125e+01
9.9997127056121826e-01 5.0335195846855640e-03 -5.6588943116366863e-03 9.0768682956695557e-01 9.9963235855102539e-01 1.8435465171933174e-02 -1.9882809370756149e-02 9.2719060182571411e-01 4.1360000000000000e+03 8.5777839660644531e+01
9.9997007846832275e-01 7.4393223039805889e-03 2.1365797147154808e-03 8.9581727981567383e-01 9.9953591823577881e-01 1.7343344166874886e-02 -2.5043740868568420e-02 9.2772966623306274e-01 2.7710000000000000e+03 1.0336701202392578e+02
9.9982672929763794e-01 1.5414764173328876e-02 1.0434199124574661e-02 8.7825453281402588e-01 9.9949407577514648e-01 1.8306208774447441e-02 -2.6011560112237930e-02 9.2945659160614014e-01 1.6110000000000000e+03 8.6460166931152344e+01
-9.9802112579345703e-01 -3.4622412174940109e-02 -5.2488483488559723e-02 1.6407805681228638e+00 -9.9932092428207397e-01 -2.2175841033458710e-02 -2.9426405206322670e-02 1.6073549985885620e+00 1.8680000000000000e+03 1.9920021057128906e+02
9.9995702505111694e-01 8.8737094774842262e-03 -2.6757661253213882e-03 8.9825159311294556e-01 9.9949252605438232e-01 1.8537055701017380e-02 -2.5908509269356728e-02 9.2992603778839111e-01 3.4660000000000000e+03 8.6440071105957031e+01
-9.9949193000793457e-01 -2.6119058951735497e-02 -1.8267715349793434e-02 1.5436011552810669e+00 -9.9957132339477539e-01 -2.9156588017940521e-02 -2.6319203898310661e-03 1.5143034458160400e+00 1.5970000000000000e+03 2.0360614013671875e+02
9.9997323751449585e-01 5.6264167651534081e-03 -4.6595046296715736e-03 9.0612590312957764e-01 9.9943947792053223e-01 2.1315738558769226e-02 -2.5811536237597466e-02 9.2875653505325317e-01 4.3840000000000000e+03 8.5839035034179688e+01
-9.9903386831283569e-01 -3.4256581217050552e-02 -2.7529120445251465e-02 1.5749664306640625e+00 -9.9995934963226318e-01 1.0234591318294406e-03 8.9586768299341202e-03 1.4816268682479858e+00 1.6340000000000000e+03 2.0153610229492188e+02
-9.9918228387832642e-01 -3.6803860217332840e-02 -1.6739921644330025e-02 1.5486092567443848e+00 -9.9876284599304199e-01 -2.7323013171553612e-02 -4.1548155248165131e-02 1.6980366706848145e+00 1.0830000000000000e+03 2.2505816650390625e+02
9.9997437000274658e-01 4.3480200693011284e-03 -5.6907851248979568e-03 9.0707278251647949e-01 9.9950975179672241e-01 1.7841106280684471e-02 -2.5731524452567101e-02 9.2767339944839478e-01 3.6300000000000000e+03 9.5577133178710938e+01
9.9991035461425781e-01 8.1175975501537323e-03 -1.0644253343343735e-02 9.0706932544708252e-01 9.9971824884414673e-01 1.2000571936368942e-02 -2.0479500293731689e-02 9.2178642749786377e-01 4.4510000000000000e+03 8.6330924987792969e+01
9.9995172023773193e-01 9.0578598901629448e-03 -3.8132162299007177e-03 9.0477049350738525e-01 9.9959069490432739e-01 1.4537478797137737e-02 -2.4637019261717796e-02 9.2269229888916016e-01 5.3300000000000000e+03 8.8523826599121094e+01
-9.9901825189590454e-01 -3.2503250986337662e-02 -3.0103003606200218e-02 1.5911369323730469e+00 -9.9886077642440796e-01 -4.3784890323877335e-02 -1.8972577527165413e-02 1.6325836181640625e+00 1.4780000000000000e+03 2.1007374572753906e+02
9.9992537498474121e-01 7.8629525378346443e-03 -9.3449074774980545e-03 9.0792119503021240e-01 9.9968206882476807e-01 1.3246128335595131e-02 -2.1450750529766083e-02 9.2639857530593872e-01 5.2290000000000000e+03 8.7668197631835938e+01
-9.9950593709945679e-01 -2.2225541993975639e-02 -2.2225549444556236e-02 1.5915439128875732e+00 -9.9893045425415039e-01 -4.0223225951194763e-02 -2.2806169465184212e-02 1.6359857320785522e+00 1.6370000000000000e+03 2.0929443359375000e+02
9.9991881847381592e-01 9.1666635125875473e-03 -8.8437674567103386e-03 9.0629523992538452e-01 9.9964809417724609e-01 1.1310693807899952e-02 -2.3995190858840942e-02 9.3531233072280884e-01 4.5850000000000000e+03 9.0535758972167969e+01
-9.9938005208969116e-01 -3.4578431397676468e-02 -6.6324551589787006e-03 1.5358566045761108e+00 -9.9855309724807739e-01 -1.2323585338890553e-02 -5.2343975752592087e-02 1.7194477319717407e+00 1.4490000000000000e+03 2.2551069641113281e+02
9.9998623132705688e-01 4.3304599821567535e-03 -2.9592614155262709e-03 9.0599244832992554e-01 9.9942868947982788e-01 1.7789464443922043e-02 -2.8737463057041168e-02 9.3482458591461182e-01 3.9970000000000000e+03 9.9958221435546875e+01
-9.9892705678939819e-01 -4.2958892881870270e-02 -1.7299691215157509e-02 1.5597075223922729e+00 -9.9872374534606934e-01 -1.1437206529080868e-02 -4.9195382744073868e-02 1.7172002792358398e+00 1.2350000000000000e+03 2.2822186279296875e+02
9.9999070167541504e-01 3.5447643604129553e-03 -2.4603886995464563e-03 9.0086227655410767e-01 9.9953496456146240e-01 2.1886315196752548e-02 -2.1233888342976570e-02 9.2484468221664429e-01 4.9690000000000000e+03 8.9907737731933594e+01
-9.9933099746704102e-01 -2.8862576931715012e-02 -2.2459626197814941e-02 1.5700896978378296e+00 -9.9905467033386230e-01 -2.5783544406294823e-02 -3.4997921437025070e-02 1.6773447990417480e+00 1.4180000000000000e+03 1.8793472290039062e+02
-9.9848955869674683e-01 -5.0615727901458740e-02 -2.1370599046349525e-02 1.5853751897811890e+00 -9.9932116270065308e-01 -1.9890846684575081e-02 -3.1009715050458908e-02 1.6664569377899170e+00 1.4120000000000000e+03 2.0860667419433594e+02
9.9998700618743896e-01 1.9435518188402057e-03 -4.7153811901807785e-03 9.0155935287475586e-01 9.9965876340866089e-01 1.7921162769198418e-02 -1.9005889073014259e-02 9.2094582319259644e-01 2.9770000000000000e+03 1.1440107727050781e+02
9.9990671873092651e-01 1.2795124202966690e-02 4.7748051583766937e-03 8.7697809934616089e-01 9.9960112571716309e-01 1.6857160255312920e-02 -2.2657718509435654e-02 9.3213999271392822e-01 2.6080000000000000e+03 9.0692481994628906e+01
9.9943786859512329e-01 3.1124051660299301e-02 1.2457477860152721e-02 8.7980502843856812e-01 9.9963700771331787e-01 1.2207845225930214e-02 -2.4017095565795898e-02 9.2157202959060669e-01 1.3380000000000000e+03 8.3124473571777344e+01
9.9998426437377930e-01 5.0399214960634708e-03 -2.4782507680356503e-03 9.0633499622344971e-01 9.9961960315704346e-01 1.5048289671540260e-02 -2.3113878443837166e-02 9.2979776859283447e-01 3.1920000000000000e+03 8.8567771911621094e+01
9.9997937679290771e-01 -6.2436251901090145e-03 1.4926020521670580e-03 9.1166883707046509e-01 9.9943315982818604e-01 2.6314370334148407e-02 -2.0999517291784286e-02 9.3720042705535889e-01 1.9570000000000000e+03 9.4428718566894531e+01
9.9995493888854980e-01 8.3471424877643585e-03 4.5246207155287266e-03 9.0565872192382812e-01 9.9918919801712036e-01 3.0378311872482300e-02 -2.6422042399644852e-02 9.3003642559051514e-01 2.5690000000000000e+03 8.1947380065917969e+01
9.9982905387878418e-01 1.7752747982740402e-02 -5.1591419614851475e-03 9.0670502185821533e-01 9.9937295913696289e-01 1.7183858901262283e-02 -3.0958395451307297e-02 9.2913043498992920e-01 3.2880000000000000e+03 1.0183728790283203e+02
9.9972754716873169e-01 2.1409032866358757e-02 -9.3074282631278038e-03 9.1878807544708252e-01 9.9942332506179810e-01 1.8560124561190605e-02 -2.8434894979000092e-02 9.3248331546783447e-01 1.3910000000000000e+03 8.9361991882324219e+01
9.9989432096481323e-01 5.6899548508226871e-03 -1.3376429677009583e-02 9.2635244131088257e-01 9.9950593709945679e-01 1.6833446919918060e-02 -2.6542739942669868e-02 9.3744689226150513e-01 1.8750000000000000e+03 1.0551893615722656e+02
6.2773185782134533e-03 9.9692606925964355e-01 -7.8095175325870514e-02 6.5897548198699951e-01 7.5632655061781406e-03 -8.0208307504653931e-01 -5.9716451168060303e-01 7.0269012451171875e-01 1.0510000000000000e+03 1.5265203857421875e+02
9.9993056058883667e-01 9.7214728593826294e-03 6.6662067547440529e-03 8.9847624301910400e-01 9.9979490041732788e-01 8.6990268900990486e-03 -1.8284898251295090e-02 9.1396617889404297e-01 1.8360000000000000e+03 1.0532207489013672e+02
9.9980622529983521e-01 1.5637807548046112e-02 1.1960775591433048e-02 8.9565867185592651e-01 9.9933415651321411e-01 2.5134911760687828e-02 -2.6449538767337799e-02 9.2551839351654053e-01 2.3310000000000000e+03 8.1706092834472656e+01
-1.4223976060748100e-02 7.1047580242156982e-01 -7.0357781648635864e-01 1.0165073871612549e+00 4.9861124716699123e-03 -9.9738734960556030e-01 -7.2066746652126312e-02 1.0456638336181641e+00 3.0670000000000000e+03 1.9083207702636719e+02
-8.0435266718268394e-03 6.8064630031585693e-01 -7.3256802558898926e-01 9.7774183750152588e-01 -2.2417681757360697e-03 -9.9948096275329590e-01 -3.2139413058757782e-02 1.0189969539642334e+00 2.8590000000000000e+03 1.9608988952636719e+02
9.9998134374618530e-01 6.0432716272771358e-03 8.0465170321986079e-04 8.9896553754806519e-01 9.9959212541580200e-01 1.9002219662070274e-02 -2.1320847794413567e-02 9.2150557041168213e-01 1.4860000000000000e+03 1.0693338012695312e+02
-1.1740135960280895e-02 6.7914265394210815e-01 -7.3391240835189819e-01 9.4841122627258301e-01 8.6472332477569580e-03 -9.9951404333114624e-01 -2.9952676966786385e-02 9.8999297618865967e-01 1.4880000000000000e+03 2.2118145751953125e+02
9.9984353780746460e-01 1.1114984750747681e-02 1.3760872185230255e-02 8.9306515455245972e-01 9.9905484914779663e-01 3.1167089939117432e-02 -3.0298978090286255e-02 9.3169564008712769e-01 2.9130000000000000e+03 8.1485488891601562e+01
-1.3638496166095138e-03 6.9567185640335083e-01 -7.1835839748382568e-01 9.0689915418624878e-01 1.4232378453016281e-02 -9.9906450510025024e-01 -4.0835659950971603e-02 9.9002325534820557e-01 1.0490000000000000e+03 2.0154147338867188e+02
9.9988180398941040e-01 1.4909282326698303e-02 3.7464536726474762e-03 8.8928711414337158e-01 9.9933183193206787e-01 2.2506788372993469e-02 -2.8801444917917252e-02 9.3374586105346680e-01 1.4570000000000000e+03 1.0832532501220703e+02
9.9998980760574341e-01 3.8774940185248852e-03 -2.3144944570958614e-03 9.1019141674041748e-01 9.9949485063552856e-01 1.7820764333009720e-02 -2.6315417140722275e-02 9.2531305551528931e-01 1.9280000000000000e+03 8.5708930969238281e+01
9.9998199939727783e-01 5.6496476754546165e-03 2.0445012487471104e-03 8.9271718263626099e-01 9.9952697753906250e-01 1.7967497929930687e-02 -2.4958930909633636e-02 9.2948526144027710e-01 3.2370000000000000e+03 8.5636222839355469e+01
9.9998456239700317e-01 4.8325778916478157e-03 -2.7510002255439758e-03 9.0391421318054199e-01 9.9953180551528931e-01 1.6978897154331207e-02 -2.5454452261328697e-02 9.2744821310043335e-01 4.1070000000000000e+03 8.5690521240234375e+01
9.9996578693389893e-01 7.8409472480416298e-03 -2.6232297532260418e-03 8.9928376674652100e-01 9.9953013658523560e-01 1.6983438283205032e-02 -2.5515329092741013e-02 9.2629218101501465e-01 4.7920000000000000e+03 8.3042114257812500e+01
9.9998599290847778e-01 5.3010322153568268e-03 6.1703185565420426e-06 8.9745783805847168e-01 9.9952346086502075e-01 2.0642558112740517e-02 -2.2948289290070534e-02 9.1964828968048096e-01 4.5260000000000000e+03 8.5923294067382812e+01
-9.9902564287185669e-01 -2.4265997111797333e-02 -3.6863293498754501e-02 1.5792603492736816e+00 -9.9931567907333374e-01 -1.8899913877248764e-02 -3.1795583665370941e-02 1.6206624507904053e+00 1.8060000000000000e+03 1.9942137145996094e+02
9.9999547004699707e-01 2.9538292437791824e-03 -5.1803712267428637e-04 8.9919394254684448e-01 9.9958240985870361e-01 1.9386246800422668e-02 -2.1426370367407799e-02 9.2269921302795410e-01 3.9460000000000000e+03 8.5673782348632812e+01
-9.9913710355758667e-01 -3.6467257887125015e-02 -1.9876476377248764e-02 1.5330904722213745e+00 -9.9837774038314819e-01 -2.8461275622248650e-02 -4.9313988536596298e-02 1.6676919460296631e+00 2.2560000000000000e+03 2.0141711425781250e+02
9.9998319149017334e-01 5.6077563203871250e-03 1.5212749131023884e-03 8.9646208286285400e-01 9.9951487779617310e-01 2.0516173914074898e-02 -2.3432403802871704e-02 9.2482316493988037e-01 4.6080000000000000e+03 9.1770179748535156e+01
-9.9937081336975098e-01 -3.3010758459568024e-02 -1.2972975149750710e-02 1.5190454721450806e+00 -9.9872887134552002e-01 -3.6756426095962524e-02 -3.4491162747144699e-02 1.6116319894790649e+00 1.7870000000000000e+03 2.0535646057128906e+02
9.9998646974563599e-01 4.6822647564113140e-03 -2.2854239214211702e-03 9.0051674842834473e-01 9.9955731630325317e-01 1.9186142832040787e-02 -2.2737065330147743e-02 9.2750370502471924e-01 5.2150000000000000e+03 8.6173423767089844e+01
-9.9918180704116821e-01 -3.3787377178668976e-02 -2.2231729701161385e-02 1.5526895523071289e+00 -9.9799603223800659e-01 -1.9636588171124458e-02 -6.0152523219585419e-02 1.6762160062789917e+00 1.1010000000000000e+03 2.1881925964355469e+02
9.9999028444290161e-01 4.3601347133517265e-03 6.6370813874527812e-04 9.0025401115417480e-01 9.9934560060501099e-01 2.2304721176624298e-02 -2.8477400541305542e-02 9.3479532003402710e-01 4.8320000000000000e+03 9.0334854125976562e+01
9.9999922513961792e-01 7.6395337237045169e-04 -1.0430084075778723e-03 9.0082269906997681e-01 9.9951779842376709e-01 1.9333135336637497e-02 -2.4298308417201042e-02 9.2673903703689575e-01 2.3680000000000000e+03 1.1776900482177734e+02
9.9999660253524780e-01 1.2602936476469040e-03 2.2766019683331251e-03 8.9168167114257812e-01 9.9944859743118286e-01 3.1300805509090424e-02 -1.1078378185629845e-02 9.0658265352249146e-01 1.4600000000000000e+03 1.0441718292236328e+02
9.9997276067733765e-01 7.3262713849544525e-03 8.9264713460579515e-04 8.9597922563552856e-01 9.9945789575576782e-01 2.0138544961810112e-02 -2.6042070239782333e-02 9.2172157764434814e-01 2.7350000000000000e+03 7.5044242858886719e+01
9.9999582767486572e-01 2.3412655573338270e-03 -1.6941981157287955e-03 9.1868722438812256e-01 9.9917602539062500e-01 2.1502636373043060e-02 -3.4423012286424637e-02 9.3523848056793213e-01 3.2090000000000000e+03 9.8164535522460938e+01
9.9999135732650757e-01 2.9857577756047249e-03 -2.8813302051275969e-03 9.1143828630447388e-01 9.9935501813888550e-01 1.0907389223575592e-02 -3.4212343394756317e-02 9.3701642751693726e-01 2.3160000000000000e+03 1.1665414428710938e+02
9.9993985891342163e-01 -1.0844566859304905e-02 1.6229542670771480e-03 8.9457023143768311e-01 9.9934399127960205e-01 2.3048987612128258e-02 -2.7933074161410332e-02 9.3267172574996948e-01 1.9110000000000000e+03 1.1178179168701172e+02
9.9986749887466431e-01 1.6053752973675728e-02 2.6891145389527082e-03 8.9816468954086304e-01 9.9962717294692993e-01 1.7064450308680534e-02 -2.1313438192009926e-02 9.2041307687759399e-01 1.2410000000000000e+03 8.0395660400390625e+01
9.9984800815582275e-01 3.7234283518046141e-03 -1.7030481249094009e-02 9.3370807170867920e-01 9.9950414896011353e-01 2.7925383299589157e-02 -1.4546731486916542e-02 9.1487270593643188e-01 1.5830000000000000e+03 8.4741012573242188e+01
9.9998331069946289e-01 -1.7154893139377236e-03 -5.5226339027285576e-03 9.1245430707931519e-01 9.9958646297454834e-01 1.9633686169981956e-02 -2.1011587232351303e-02 9.3524491786956787e-01 1.9310000000000000e+03 1.0055463409423828e+02
9.9998992681503296e-01 -1.1079002870246768e-03 -4.3384656310081482e-03 9.0648710727691650e-01 9.9957144260406494e-01 2.2248934954404831e-02 -1.9022217020392418e-02 9.3029785156250000e-01 4.0010000000000000e+03 9.3738494873046875e+01
-9.9931532144546509e-01 -3.3771604299545288e-02 -1.5111427754163742e-02 1.4538164138793945e+00 -9.9876886606216431e-01 -2.9253991320729256e-02 -4.0062189102172852e-02 1.6212955713272095e+00 1.6250000000000000e+03 2.2063261413574219e+02
9.9990868568420410e-01 1.1658358387649059e-02 6.8338029086589813e-03 8.9592492580413818e-01 9.9927395582199097e-01 2.4233089759945869e-02 -2.9397409409284592e-02 9.3052381277084351e-01 2.5170000000000000e+03 8.9238403320312500e+01
-9.9977934360504150e-01 -1.3216037303209305e-02 -1.6325635835528374e-02 1.4376657009124756e+00 -9.9928134679794312e-01 -3.0584990978240967e-02 -2.2391127422451973e-02 1.5820692777633667e+00 1.8550000000000000e+03 2.0144775390625000e+02
9.9973714351654053e-01 2.2738113999366760e-02 -2.9561489354819059e-03 8.9729303121566772e-01 9.9943417310714722e-01 1.9158979877829552e-02 -2.7644092217087746e-02 9.2809885740280151e-01 1.2370000000000000e+03 1.1575424194335938e+02
9.9994140863418579e-01 9.1522717848420143e-03 -5.7856016792356968e-03 9.0501719713211060e-01 9.9960219860076904e-01 1.8703065812587738e-02 -2.1111445501446724e-02 9.2612707614898682e-01 1.5370000000000000e+03 1.1324528503417969e+02
9.9994826316833496e-01 9.1566406190395355e-03 -4.4318074360489845e-03 9.0262430906295776e-01 9.9963814020156860e-01 1.4055675826966763e-02 -2.2934818640351295e-02 9.2776781320571899e-01 2.6080000000000000e+03 1.0786004638671875e+02
9.9990236759185791e-01 1.1151063255965710e-02 8.4227481856942177e-03 8.8170951604843140e-01 9.9952346086502075e-01 1.8005648627877235e-02 -2.5075821205973625e-02 9.2864781618118286e-01 1.9750000000000000e+03 8.5540145874023438e+01
-9.9939262866973877e-01 -3.0745485797524452e-02 -1.6402298584580421e-02 1.5230479240417480e+00 -9.9933409690856934e-01 -1.7207726836204529e-02 -3.2175529748201370e-02 1.6158239841461182e+00 1.8390000000000000e+03 2.0213975524902344e+02
9.9996095895767212e-01 7.7763595618307590e-03 -4.1964561678469181e-03 9.0755468606948853e-01 9.9935847520828247e-01 2.1824399009346962e-02 -2.8396768495440483e-02 9.2970049381256104e-01 3.1830000000000000e+03 8.5275215148925781e+01
-9.9869883060455322e-01 -4.8247385770082474e-02 -1.6517959535121918e-02 1.5400228500366211e+00 -9.9848008155822754e-01 -1.2843008153140545e-02 -5.3596589714288712e-02 1.6713292598724365e+00 1.4280000000000000e+03 2.1979202270507812e+02
