9.9966347217559814e-01 -2.3303044959902763e-02 1.1392089538276196e-02 8.8263690471649170e-01 9.9933791160583496e-01 2.3734942078590393e-02 -2.7575271204113960e-02 9.5161312818527222e-01 1.3260000000000000e+03 9.2855201721191406e+01
9.9999958276748657e-01 7.4550270801410079e-04 4.9034354742616415e-04 8.9942902326583862e-01 9.9954915046691895e-01 1.8119389191269875e-02 -2.3941509425640106e-02 9.4242286682128906e-01 1.6250000000000000e+03 8.3086067199707031e+01
-9.9996173381805420e-01 8.3818575367331505e-03 -2.5194853078573942e-03 1.4994347095489502e+00 -9.9828428030014038e-01 -3.3497277647256851e-02 -4.8025354743003845e-02 1.6065552234649658e+00 1.4270000000000000e+03 1.9571194458007812e+02
9.9999970197677612e-01 -7.6381937833502889e-04 1.4364004891831428e-04 9.0470910072326660e-01 9.9933731555938721e-01 2.5007810443639755e-02 -2.6447778567671776e-02 9.4882887601852417e-01 3.3340000000000000e+03 8.4834136962890625e+01
-9.9999517202377319e-01 -2.8087254031561315e-04 -3.0843650456517935e-03 1.4886199235916138e+00 -9.9879914522171021e-01 -3.4556217491626740e-02 -3.4730255603790283e-02 1.5737736225128174e+00 1.4120000000000000e+03 1.9911152648925781e+02
9.9997586011886597e-01 6.0549764893949032e-03 3.3878460526466370e-03 9.0119200944900513e-01 9.9940919876098633e-01 2.0074550062417984e-02 -2.7898263186216354e-02 9.4583833217620850e-01 1.7460000000000000e+03 9.5352531433105469e+01
9.9996286630630493e-01 7.6115550473332405e-03 4.0631154552102089e-03 8.8925909996032715e-01 9.9933987855911255e-01 2.0715622231364250e-02 -2.9846802353858948e-02 9.3977808952331543e-01 1.4660000000000000e+03 8.1854949951171875e+01
9.9999183416366577e-01 -9.1926631284877658e-04 -3.9368551224470139e-03 9.0058475732803345e-01 9.9961894750595093e-01 1.4982421882450581e-02 -2.3184092715382576e-02 9.3090724945068359e-01 2.3550000000000000e+03 8.3012557983398438e+01
9.9996024370193481e-01 -3.8014596793800592e-03 -8.0676516517996788e-03 8.9503657817840576e-01 9.9958318471908569e-01 1.3774879276752472e-02 -2.5374198332428932e-02 9.2503207921981812e-01 3.9930000000000000e+03 8.1550712585449219e+01
9.9998807907104492e-01 -4.7225770540535450e-03 1.2059970758855343e-03 8.8775724172592163e-01 9.9975270032882690e-01 1.1895467527210712e-02 -1.8787639215588570e-02 9.2813163995742798e-01 2.3810000000000000e+03 7.4202774047851562e+01
9.9965691566467285e-01 -1.9649788737297058e-02 1.7321931198239326e-02 8.7949568033218384e-01 9.9934875965118408e-01 2.5262782350182533e-02 -2.5766657665371895e-02 9.3748015165328979e-01 1.2770000000000000e+03 1.2426937866210938e+02
5.5540190078318119e-04 -5.4333448410034180e-01 -8.3951610326766968e-01 5.3758734464645386e-01 8.7350830435752869e-03 -9.8718851804733276e-01 -1.5931899845600128e-01 5.5445969104766846e-01 3.1090000000000000e+03 1.7991830444335938e+02
9.9988907575607300e-01 -6.5551442094147205e-03 -1.3366528786718845e-02 9.1142344474792480e-01 9.9926465749740601e-01 1.7498595640063286e-02 -3.4115921705961227e-02 9.4156014919281006e-01 2.1360000000000000e+03 6.9741134643554688e+01
9.9998259544372559e-01 1.7928019224200398e-04 -5.8950656093657017e-03 8.9924871921539307e-01 9.9944460391998291e-01 1.2786112725734711e-02 -3.0776323750615120e-02 9.3517881631851196e-01 1.4360000000000000e+03 1.1730501556396484e+02
-9.6051566302776337e-02 -1.1743015050888062e-01 -9.8842507600784302e-01 2.7740635871887207e+00 -3.4989885985851288e-02 -7.7055245637893677e-01 -6.3641536235809326e-01 2.6145038604736328e+00 1.3740000000000000e+03 1.9196725463867188e+02
-7.0903107523918152e-02 5.3314864635467529e-01 -8.4304529428482056e-01 2.1713247299194336e+00 -1.3185475952923298e-02 -2.0661932229995728e-01 -9.7833257913589478e-01 2.0939636230468750e+00 7.2660000000000000e+03 1.6476885986328125e+02
9.9996685981750488e-01 2.6179680135101080e-03 -7.7033913694322109e-03 8.9727681875228882e-01 9.9948817491531372e-01 1.1383075267076492e-02 -2.9898039996623993e-02 9.3269854784011841e-01 2.3530000000000000e+03 9.2172973632812500e+01
9.9997591972351074e-01 -1.8842327408492565e-03 -6.6865412518382072e-03 8.9944952726364136e-01 9.9970328807830811e-01 6.0958778485655785e-03 -2.3586533963680267e-02 9.3380743265151978e-01 2.4540000000000000e+03 7.8289474487304688e+01
9.9984914064407349e-01 1.0636647231876850e-02 -1.3728802092373371e-02 9.2219090461730957e-01 9.9944525957107544e-01 1.3203138485550880e-02 -3.0576497316360474e-02 9.3991333246231079e-01 1.8480000000000000e+03 8.3254486083984375e+01
-6.6804826259613037e-02 4.6212366223335266e-01 -8.8429564237594604e-01 2.0306224822998047e+00 2.6354603469371796e-02 -2.4345304071903229e-01 -9.6955466270446777e-01 2.0122582912445068e+00 1.1720000000000000e+03 1.6446354675292969e+02
-6.6804826259613037e-02 4.6212366223335266e-01 -8.8429564237594604e-01 2.0306224822998047e+00 -1.2053970247507095e-02 -1.8260276317596436e-01 -9.8311293125152588e-01 1.9843690395355225e+00 3.6290000000000000e+03 1.6446354675292969e+02
-4.2818423360586166e-02 7.0982062816619873e-01 -7.0307993888854980e-01 1.3593461513519287e+00 1.8589224200695753e-03 -6.1794277280569077e-04 -9.9999809265136719e-01 1.2983657121658325e+00 6.6530000000000000e+03 1.5852740478515625e+02
9.9909096956253052e-01 -1.7966574057936668e-02 -3.8657255470752716e-02 7.8447467088699341e-01 9.9961894750595093e-01 8.1569775938987732e-03 -2.6370242238044739e-02 9.2219841480255127e-01 1.0890000000000000e+03 1.1230261993408203e+02
9.9994802474975586e-01 -7.6247886754572392e-03 6.7496863193809986e-03 9.0053385496139526e-01 9.9984163045883179e-01 1.4694777317345142e-02 -1.0035882703959942e-02 9.3435680866241455e-01 1.8970000000000000e+03 8.0259124755859375e+01
-9.9949067831039429e-01 3.1758669763803482e-02 3.1364385504275560e-03 1.4191168546676636e+00 -9.9837672710418701e-01 -2.6163788512349129e-02 -5.0590343773365021e-02 1.5328043699264526e+00 1.3170000000000000e+03 2.0806826782226562e+02
9.9989491701126099e-01 7.2389617562294006e-03 -1.2553732842206955e-02 9.1608226299285889e-01 9.9926853179931641e-01 1.5394261106848717e-02 -3.5006754100322723e-02 9.4028544425964355e-01 2.5850000000000000e+03 8.6642417907714844e+01
-9.9981027841567993e-01 -1.0024121031165123e-02 -1.6703056171536446e-02 1.5137258768081665e+00 -9.9890583753585815e-01 -2.9062408953905106e-02 -3.6638457328081131e-02 1.5564240217208862e+00 1.6920000000000000e+03 2.1223448181152344e+02
9.9997913837432861e-01 3.8001572829671204e-04 -6.4482386223971844e-03 8.9477401971817017e-01 9.9943745136260986e-01 1.5681182965636253e-02 -2.9646029695868492e-02 9.2788070440292358e-01 3.4700000000000000e+03 8.8457633972167969e+01
9.9997413158416748e-01 -6.7386101000010967e-03 -2.5332337245345116e-03 8.8491648435592651e-01 9.9955874681472778e-01 1.3694139197468758e-02 -2.6358908042311668e-02 9.2513817548751831e-01 3.0470000000000000e+03 8.2502845764160156e+01
-5.1072537899017334e-02 6.1740165948867798e-01 -7.8498852252960205e-01 1.5223083496093750e+00 1.2112917378544807e-02 -1.0738718509674072e-01 -9.9414342641830444e-01 1.4408744573593140e+00 4.0870000000000000e+03 1.7866760253906250e+02
-4.3082829564809799e-02 5.3895246982574463e-01 -8.4123373031616211e-01 1.4551107883453369e+00 2.1949958056211472e-02 -1.7733995616436005e-01 -9.8390483856201172e-01 1.3307837247848511e+00 3.5310000000000000e+03 1.6339620971679688e+02
5.3117308765649796e-02 -3.8679656386375427e-01 -9.2063409090042114e-01 1.0563360452651978e+00 -2.1118137985467911e-02 -9.3943297863006592e-01 -3.4208151698112488e-01 1.2514364719390869e+00 1.3810000000000000e+03 2.1383273315429688e+02
8.8830599561333656e-03 -3.9768368005752563e-01 -9.1747957468032837e-01 1.2491201162338257e+00 -2.1118137985467911e-02 -9.3943297863006592e-01 -3.4208151698112488e-01 1.2514364719390869e+00 1.3810000000000000e+03 2.1383273315429688e+02
-3.8726765662431717e-02 -3.5414594411849976e-01 -9.3438792228698730e-01 1.3525224924087524e+00 -2.1118137985467911e-02 -9.3943297863006592e-01 -3.4208151698112488e-01 1.2514364719390869e+00 1.3810000000000000e+03 2.1383273315429688e+02
-7.7038489282131195e-02 7.4256755411624908e-02 -9.9425894021987915e-01 2.1314654350280762e+00 -1.7130635678768158e-02 -6.2295800447463989e-01 -7.8206765651702881e-01 2.1005842685699463e+00 5.8500000000000000e+03 1.8283880615234375e+02
9.9993973970413208e-01 -9.6034314483404160e-03 -5.3166137076914310e-03 8.8912755250930786e-01 9.9959880113601685e-01 1.2882670387625694e-02 -2.5227688252925873e-02 9.2148196697235107e-01 1.8780000000000000e+03 7.1544525146484375e+01
9.9999570846557617e-01 2.9276355635374784e-03 -2.6085903300554492e-05 8.9602786302566528e-01 9.9924814701080322e-01 2.6101341471076012e-02 -2.8669431805610657e-02 9.2320352792739868e-01 2.7850000000000000e+03 7.6145553588867188e+01
9.9990731477737427e-01 9.9501674994826317e-03 -9.2902798205614090e-03 8.9348554611206055e-01 9.9855339527130127e-01 2.7819713577628136e-02 -4.6011716127395630e-02 9.2770540714263916e-01 4.6570000000000000e+03 8.4851623535156250e+01
9.9995881319046021e-01 -8.9285131543874741e-03 1.6483939252793789e-03 9.0165692567825317e-01 9.9953389167785645e-01 2.6920674368739128e-02 -1.4397333376109600e-02 9.1928493976593018e-01 4.2020000000000000e+03 8.1262100219726562e+01
9.9997490644454956e-01 -6.9762915372848511e-03 -1.3012946583330631e-03 8.8603526353836060e-01 9.9975275993347168e-01 1.2201866135001183e-02 -1.8588302657008171e-02 9.0424454212188721e-01 2.5840000000000000e+03 8.9918098449707031e+01
9.9989843368530273e-01 -1.2730374000966549e-03 1.4193648472428322e-02 9.0704727172851562e-01 9.9948894977569580e-01 2.6108810678124428e-02 -1.8439086154103279e-02 9.4380307197570801e-01 2.3390000000000000e+03 1.0447200012207031e+02
-9.9986189603805542e-01 -2.3248034995049238e-03 -1.6451792791485786e-02 1.4270280599594116e+00 -9.9695068597793579e-01 -3.4866992384195328e-02 -6.9811843335628510e-02 1.5977730751037598e+00 1.2270000000000000e+03 2.3034718322753906e+02
9.9999123811721802e-01 4.1327886283397675e-03 5.7203805772587657e-04 9.0399801731109619e-01 9.9941515922546387e-01 2.1420817822217941e-02 -2.6654066517949104e-02 9.3081229925155640e-01 2.1280000000000000e+03 9.8760810852050781e+01
-4.6893265098333359e-02 -2.7740246057510376e-01 -9.5960867404937744e-01 2.0823376178741455e+00 -3.8254592567682266e-02 -8.7223535776138306e-01 -4.8758807778358459e-01 2.0823681354522705e+00 2.5500000000000000e+03 2.0512588500976562e+02
-2.2163571789860725e-02 1.0512683540582657e-01 -9.9421179294586182e-01 1.6220616102218628e+00 -3.0145619530230761e-03 -5.8707809448242188e-01 -8.0952471494674683e-01 1.6246796846389771e+00 1.0584000000000000e+04 1.6623582458496094e+02
-4.3588764965534210e-03 7.5962162017822266e-01 -6.5035068988800049e-01 7.5251066684722900e-01 -6.1436422169208527e-02 7.0805467665195465e-02 -9.9559640884399414e-01 6.8640869855880737e-01 1.5740000000000000e+03 9.1028587341308594e+01
-6.7269727587699890e-02 6.7843872308731079e-01 -7.3157072067260742e-01 1.6670053005218506e+00 6.7168532405048609e-04 -3.8224920630455017e-02 -9.9926888942718506e-01 1.5974479913711548e+00 7.7340000000000000e+03 1.4630450439453125e+02
-5.9852362610399723e-03 -3.1161555647850037e-01 -9.5018941164016724e-01 7.3247951269149780e-01 1.0245623067021370e-02 -8.9408445358276367e-01 -4.4778111577033997e-01 7.7466481924057007e-01 4.4840000000000000e+03 1.7763581848144531e+02
9.9995148181915283e-01 6.1564780771732330e-03 -7.6894727535545826e-03 8.9312690496444702e-01 9.9938744306564331e-01 2.0482743158936501e-02 -2.8379091992974281e-02 9.2316871881484985e-01 3.9870000000000000e+03 8.7250961303710938e+01
-9.9998110532760620e-01 2.6611881330609322e-03 5.5478480644524097e-03 1.5107548236846924e+00 -9.9896723031997681e-01 -2.1346641704440117e-02 -4.0109403431415558e-02 1.6249339580535889e+00 2.0110000000000000e+03 1.8980387878417969e+02
9.9998521804809570e-01 -3.2827989198267460e-03 -4.3523567728698254e-03 8.9025443792343140e-01 9.9953591823577881e-01 1.7343344166874886e-02 -2.5043740868568420e-02 9.2772966623306274e-01 3.7160000000000000e+03 8.6596115112304688e+01
-9.9986869096755981e-01 2.0216354168951511e-03 1.6073996201157570e-02 1.4880082607269287e+00 -9.9884814023971558e-01 -2.4551499634981155e-02 -4.1225515305995941e-02 1.6411623954772949e+00 2.1280000000000000e+03 1.9818937683105469e+02
9.9993479251861572e-01 -1.1362959630787373e-02 -1.1053113266825676e-03 8.8376051187515259e-01 9.9964022636413574e-01 1.5151958912611008e-02 -2.2130850702524185e-02 9.2842233180999756e-01 4.9330000000000000e+03 8.6491226196289062e+01
9.9995595216751099e-01 -8.5741346701979637e-03 -3.8226761389523745e-03 8.8717669248580933e-01 9.9952834844589233e-01 1.5930822119116783e-02 -2.6256095618009567e-02 9.3051141500473022e-01 4.7190000000000000e+03 8.6729896545410156e+01
9.9996578693389893e-01 -7.8249191865324974e-03 -2.6807079557329416e-03 8.8798052072525024e-01 9.9949407577514648e-01 1.8306208774447441e-02 -2.6011560112237930e-02 9.2945659160614014e-01 4.0190000000000000e+03 8.6460166931152344e+01
9.9998867511749268e-01 -4.7540538944303989e-03 -3.6266614915803075e-04 8.8547563552856445e-01 9.9949252605438232e-01 1.8537055701017380e-02 -2.5908509269356728e-02 9.2992603778839111e-01 3.9020000000000000e+03 8.6440071105957031e+01
9.9998509883880615e-01 -5.4179960861802101e-03 -6.4781086985021830e-04 8.8836854696273804e-01 9.9943947792053223e-01 2.1315738558769226e-02 -2.5811536237597466e-02 9.2875653505325317e-01 4.0710000000000000e+03 8.5839035034179688e+01
9.9999296665191650e-01 -3.7175531033426523e-03 5.2869395585730672e-04 8.8214558362960815e-01 9.9950975179672241e-01 1.7841106280684471e-02 -2.5731524452567101e-02 9.2767339944839478e-01 4.0620000000000000e+03 8.6114936828613281e+01
9.9996614456176758e-01 -8.0406479537487030e-03 1.7771072452887893e-03 8.7514942884445190e-01 9.9971824884414673e-01 1.2000571936368942e-02 -2.0479500293731689e-02 9.2178642749786377e-01 4.4170000000000000e+03 8.6330924987792969e+01
9.9998331069946289e-01 -5.1761516369879246e-03 -2.5846385397017002e-03 8.8231825828552246e-01 9.9959069490432739e-01 1.4537478797137737e-02 -2.4637019261717796e-02 9.2269229888916016e-01 3.2370000000000000e+03 8.7424674987792969e+01
9.9999433755874634e-01 7.8274519182741642e-04 3.2702137250453234e-03 8.7787759304046631e-01 9.9968206882476807e-01 1.3246128335595131e-02 -2.1450750529766083e-02 9.2639857530593872e-01 1.5320000000000000e+03 8.7668197631835938e+01
9.9995261430740356e-01 -1.2362721608951688e-03 9.6633676439523697e-03 8.6755180358886719e-01 9.9964809417724609e-01 1.1310693807899952e-02 -2.3995190858840942e-02 9.3531233072280884e-01 2.6050000000000000e+03 8.9961174011230469e+01
9.9998241662979126e-01 -3.1541448552161455e-03 -5.0242911092936993e-03 8.9621496200561523e-01 9.9942868947982788e-01 1.7789464443922043e-02 -2.8737463057041168e-02 9.3482458591461182e-01 3.2310000000000000e+03 9.3892875671386719e+01
9.9995595216751099e-01 -8.9960955083370209e-03 2.7120823506265879e-03 8.8210070133209229e-01 9.9953496456146240e-01 2.1886315196752548e-02 -2.1233888342976570e-02 9.2484468221664429e-01 3.6220000000000000e+03 8.1350357055664062e+01
9.9984616041183472e-01 -1.7392320558428764e-02 -2.2860430181026459e-03 8.8963031768798828e-01 9.9965876340866089e-01 1.7921162769198418e-02 -1.9005889073014259e-02 9.2094582319259644e-01 1.5260000000000000e+03 7.9525482177734375e+01
9.9994170665740967e-01 -1.0696096345782280e-02 1.4510260662063956e-03 8.9069551229476929e-01 9.9970024824142456e-01 2.0267603918910027e-02 -1.3735475018620491e-02 9.1614013910293579e-01 3.2630000000000000e+03 9.0471076965332031e+01
-9.9991500377655029e-01 5.2268835715949535e-03 1.1945118196308613e-02 1.5382717847824097e+00 -9.9898838996887207e-01 -1.4951848424971104e-02 -4.2412377893924713e-02 1.5090620517730713e+00 1.3270000000000000e+03 2.0451620483398438e+02
9.9998730421066284e-01 1.6395752318203449e-03 4.7673848457634449e-03 8.7842875719070435e-01 9.9961960315704346e-01 1.5048289671540260e-02 -2.3113878443837166e-02 9.2979776859283447e-01 1.5000000000000000e+03 8.8567771911621094e+01
-3.7034276872873306e-02 -2.2408404946327209e-01 -9.7386598587036133e-01 2.0910141468048096e+00 -4.1341684758663177e-02 -8.5429131984710693e-01 -5.1814782619476318e-01 2.0738968849182129e+00 2.2970000000000000e+03 2.0546321105957031e+02
-8.2408990710973740e-03 1.0487779974937439e-01 -9.9445092678070068e-01 1.6684855222702026e+00 -8.0607160925865173e-03 -5.9128654003143311e-01 -8.0642122030258179e-01 1.6712558269500732e+00 7.5820000000000000e+03 1.7781060791015625e+02
-1.8961956724524498e-02 -6.6523678600788116e-02 -9.9760466814041138e-01 1.3235189914703369e+00 -1.2357664294540882e-02 -7.3720902204513550e-01 -6.7555177211761475e-01 1.3614165782928467e+00 6.4300000000000000e+03 1.8757791137695312e+02
-3.5336520522832870e-03 5.7938033342361450e-01 -8.1504952907562256e-01 9.7650867700576782e-01 -3.9954874664545059e-02 -9.6729747951030731e-02 -9.9450838565826416e-01 9.1433215141296387e-01 1.8460000000000000e+03 1.0274394226074219e+02
-3.5120520740747452e-02 6.2796896696090698e-01 -7.7744549512863159e-01 1.5447734594345093e+00 -1.9253769423812628e-03 -8.2296691834926605e-02 -9.9660605192184448e-01 1.4802391529083252e+00 1.0957000000000000e+04 1.5124110412597656e+02
9.9983090162277222e-01 1.0295296087861061e-02 -1.5238032676279545e-02 9.0573370456695557e-01 9.9920016527175903e-01 1.1214317753911018e-02 -3.8382921367883682e-02 9.2059862613677979e-01 2.4520000000000000e+03 8.4390785217285156e+01
9.9993515014648438e-01 7.0167747326195240e-03 8.9748548343777657e-03 8.7864828109741211e-01 9.9962335824966431e-01 1.0916418395936489e-02 -2.5177896022796631e-02 9.3228948116302490e-01 1.7920000000000000e+03 1.1679224395751953e+02
9.9985378980636597e-01 -1.6514800488948822e-02 4.4234050437808037e-03 8.8374859094619751e-01 9.9972927570343018e-01 2.0441394299268723e-02 -1.1114273220300674e-02 9.0950065851211548e-01 2.7750000000000000e+03 1.0918402862548828e+02
9.9994963407516479e-01 4.7963140532374382e-03 8.8142259046435356e-03 8.8049936294555664e-01 9.9950593709945679e-01 1.6833446919918060e-02 -2.6542739942669868e-02 9.3744689226150513e-01 1.3650000000000000e+03 1.0551893615722656e+02
-7.5832217931747437e-02 -3.6273676156997681e-01 -9.2880105972290039e-01 2.0415334701538086e+00 -5.0868816673755646e-02 -9.1600292921066284e-01 -3.9793348312377930e-01 2.0212378501892090e+00 1.2740000000000000e+03 2.1290266418457031e+02
-4.1511952877044678e-02 -1.3899765908718109e-01 -9.8942232131958008e-01 1.7185251712799072e+00 -1.7135921865701675e-02 -7.8814029693603516e-01 -6.1525708436965942e-01 1.7342324256896973e+00 2.8530000000000000e+03 2.0517735290527344e+02
-8.7277656421065331e-03 -3.8253414630889893e-01 -9.2390018701553345e-01 1.4945882558822632e+00 -2.1707516163587570e-02 -9.5015418529510498e-01 -3.1102371215820312e-01 1.4354864358901978e+00 1.0720000000000000e+03 2.1191604614257812e+02
-1.1159669607877731e-02 -3.8650107383728027e-01 -9.2222142219543457e-01 1.4931650161743164e+00 -2.1581811830401421e-02 -9.5334392786026001e-01 -3.0111390352249146e-01 1.4069890975952148e+00 1.0430000000000000e+03 2.1065484619140625e+02
-1.1197772808372974e-02 -3.8564461469650269e-01 -9.2257934808731079e-01 1.4931668043136597e+00 -2.4301132187247276e-02 -9.5219582319259644e-01 -3.0452021956443787e-01 1.4162850379943848e+00 1.0410000000000000e+03 2.1143899536132812e+02
-1.0925912298262119e-02 -3.8729736208915710e-01 -9.2189007997512817e-01 1.4916025400161743e+00 -2.6604183018207550e-02 -9.5273494720458984e-01 -3.0263552069664001e-01 1.4119968414306641e+00 1.0430000000000000e+03 2.1146405029296875e+02
-1.1926621198654175e-02 -3.7639525532722473e-01 -9.2638236284255981e-01 1.4938293695449829e+00 -2.7811830863356590e-02 -9.4333750009536743e-01 -3.3066704869270325e-01 1.4531078338623047e+00 1.1720000000000000e+03 2.0968515014648438e+02
-8.1503599882125854e-02 9.7306948900222778e-01 -2.1562209725379944e-01 1.3964723348617554e+00 -1.2930074706673622e-02 4.9174052476882935e-01 -8.7064582109451294e-01 1.3107267618179321e+00 1.3400000000000000e+03 1.3431623840332031e+02
-4.8199739307165146e-02 7.2114086151123047e-01 -6.9110983610153198e-01 1.3507163524627686e+00 -8.9373383671045303e-03 1.5403048135340214e-02 -9.9984151124954224e-01 1.3048703670501709e+00 7.7030000000000000e+03 1.4298767089843750e+02
-2.7825459837913513e-02 5.5842697620391846e-01 -8.2908684015274048e-01 1.2625557184219360e+00 -1.2133552692830563e-02 -1.5584836900234222e-01 -9.8770648241043091e-01 1.2212679386138916e+00 1.1595000000000000e+04 1.4691523742675781e+02
9.9993401765823364e-01 -4.0390617214143276e-03 -1.0754385031759739e-02 9.0674591064453125e-01 9.9923646450042725e-01 2.2524645552039146e-02 -3.1923290342092514e-02 9.2431479692459106e-01 2.8400000000000000e+03 8.3638595581054688e+01
9.9994069337844849e-01 7.7939126640558243e-04 -1.0861170478165150e-02 9.0995419025421143e-01 9.9979490041732788e-01 8.6990268900990486e-03 -1.8284898251295090e-02 9.1396617889404297e-01 1.8360000000000000e+03 9.5523963928222656e+01
-2.5762943550944328e-03 -6.4742851257324219e-01 -7.6212179660797119e-01 1.0001531839370728e+00 4.9861124716699123e-03 -9.9738734960556030e-01 -7.2066746652126312e-02 1.0456638336181641e+00 3.0670000000000000e+03 1.9083207702636719e+02
-2.0347690209746361e-02 -6.2554562091827393e-01 -7.7992218732833862e-01 1.0913244485855103e+00 -2.2417681757360697e-03 -9.9948096275329590e-01 -3.2139413058757782e-02 1.0189969539642334e+00 1.6620000000000000e+03 1.9608988952636719e+02
1.8507423810660839e-03 -6.6599440574645996e-01 -7.4595445394515991e-01 9.7514349222183228e-01 -2.2417681757360697e-03 -9.9948096275329590e-01 -3.2139413058757782e-02 1.0189969539642334e+00 2.8590000000000000e+03 1.9608988952636719e+02
-1.6696594655513763e-02 -6.8755936622619629e-01 -7.2593611478805542e-01 9.3172556161880493e-01 8.6472332477569580e-03 -9.9951404333114624e-01 -2.9952676966786385e-02 9.8999297618865967e-01 1.4880000000000000e+03 2.2118145751953125e+02
7.8723003389313817e-04 -6.7508339881896973e-01 -7.3774105310440063e-01 9.1862303018569946e-01 1.4232378453016281e-02 -9.9906450510025024e-01 -4.0835659950971603e-02 9.9002325534820557e-01 1.0490000000000000e+03 2.0154147338867188e+02
9.9984830617904663e-01 1.6821039840579033e-02 4.5237569138407707e-03 8.8089054822921753e-01 9.9955976009368896e-01 1.3615386560559273e-02 -2.6360221207141876e-02 9.2179048061370850e-01 1.5470000000000000e+03 8.5309951782226562e+01
9.9999004602432251e-01 -2.8961261268705130e-03 3.4019118174910545e-03 8.8237220048904419e-01 9.9965208768844604e-01 1.5477761626243591e-02 -2.1356586366891861e-02 9.2808037996292114e-01 3.0130000000000000e+03 8.6184394836425781e+01
9.9998468160629272e-01 -5.5169523693621159e-03 -5.8964453637599945e-04 8.8660502433776855e-01 9.9956470727920532e-01 1.5356613323092461e-02 -2.5191083550453186e-02 9.3201589584350586e-01 4.9110000000000000e+03 8.6476852416992188e+01
-9.9996411800384521e-01 -5.5099260061979294e-03 -6.4379437826573849e-03 1.5375213623046875e+00 -9.9883192777633667e-01 -3.1662333756685257e-02 -3.6500941962003708e-02 1.6289092302322388e+00 2.1100000000000000e+03 1.9720552062988281e+02
9.9999564886093140e-01 -2.2677839733660221e-03 1.8538695294409990e-03 8.8763064146041870e-01 9.9950361251831055e-01 1.9385963678359985e-02 -2.4834344163537025e-02 9.2731356620788574e-01 5.1130000000000000e+03 8.6008666992187500e+01
-9.9997377395629883e-01 -7.1773724630475044e-03 -9.3739555450156331e-04 1.5125076770782471e+00 -9.9875015020370483e-01 -3.4694422036409378e-02 -3.5976070910692215e-02 1.6266154050827026e+00 2.8170000000000000e+03 1.9618412780761719e+02
9.9999690055847168e-01 -2.2592497989535332e-03 -1.0721065336838365e-03 8.8308674097061157e-01 9.9949485063552856e-01 1.7820764333009720e-02 -2.6315417140722275e-02 9.2531305551528931e-01 5.0670000000000000e+03 8.5708930969238281e+01
-9.9994140863418579e-01 -8.4186317399144173e-03 6.8009621463716030e-03 1.5033941268920898e+00 -9.9888527393341064e-01 -3.4146402031183243e-02 -3.2594945281744003e-02 1.6229190826416016e+00 2.9820000000000000e+03 1.9414152526855469e+02
9.9997276067733765e-01 -7.3778391815721989e-03 -1.4564530283678323e-04 8.8523274660110474e-01 9.9952697753906250e-01 1.7967497929930687e-02 -2.4958930909633636e-02 9.2948526144027710e-01 4.6290000000000000e+03 8.5636222839355469e+01
-9.9983644485473633e-01 -3.0899741686880589e-03 1.7816346138715744e-02 1.4624434709548950e+00 -9.9881249666213989e-01 -2.6428105309605598e-02 -4.0930494666099548e-02 1.6384398937225342e+00 2.0870000000000000e+03 1.9793435668945312e+02
9.9997276067733765e-01 -7.3679992929100990e-03 2.0026545098517090e-04 8.8492858409881592e-01 9.9953180551528931e-01 1.6978897154331207e-02 -2.5454452261328697e-02 9.2744821310043335e-01 5.0610000000000000e+03 8.5690521240234375e+01
-9.9993592500686646e-01 -9.2195617035031319e-03 6.5719899721443653e-03 1.5110985040664673e+00 -9.9867320060729980e-01 -2.5994241237640381e-02 -4.4452819973230362e-02 1.6537988185882568e+00 2.3640000000000000e+03 2.0036294555664062e+02
9.9998223781585693e-01 -5.9264712035655975e-03 -5.9996329946443439e-04 8.8364017009735107e-01 9.9953013658523560e-01 1.6983438283205032e-02 -2.5515329092741013e-02 9.2629218101501465e-01 5.0900000000000000e+03 8.3042114257812500e+01
-9.9997186660766602e-01 -6.7484215833246708e-03 3.2802952919155359e-03 1.5341471433639526e+00 -9.9943518638610840e-01 -2.1830458194017410e-02 -2.5548933073878288e-02 1.5964214801788330e+00 1.7540000000000000e+03 2.0415849304199219e+02
9.9999129772186279e-01 -3.6558522842824459e-03 1.9794302061200142e-03 8.8064521551132202e-01 9.9952346086502075e-01 2.0642558112740517e-02 -2.2948289290070534e-02 9.1964828968048096e-01 4.5260000000000000e+03 8.1461585998535156e+01
9.9991101026535034e-01 -6.4096716232597828e-03 1.1699422262609005e-02 8.6438590288162231e-01 9.9958240985870361e-01 1.9386246800422668e-02 -2.1426370367407799e-02 9.2269921302795410e-01 2.7850000000000000e+03 8.5673782348632812e+01
9.9985349178314209e-01 9.5733301714062691e-03 1.4192260801792145e-02 8.6747419834136963e-01 9.9934560060501099e-01 2.2304721176624298e-02 -2.8477400541305542e-02 9.3479532003402710e-01 1.1110000000000000e+03 8.2547912597656250e+01
9.9999672174453735e-01 9.3829695833846927e-04 -2.3755605798214674e-03 8.9363932609558105e-01 9.9951779842376709e-01 1.9333135336637497e-02 -2.4298308417201042e-02 9.2673903703689575e-01 2.2530000000000000e+03 7.9798683166503906e+01
9.9999862909317017e-01 -2.3573395446874201e-04 1.6544382087886333e-03 8.7126111984252930e-01 9.9960839748382568e-01 1.4282138086855412e-02 -2.4061983451247215e-02 9.1473978757858276e-01 2.1370000000000000e+03 7.8421638488769531e+01
9.9995762109756470e-01 -8.8730156421661377e-03 2.4569185916334391e-03 8.7821179628372192e-01 9.9961817264556885e-01 1.8351607024669647e-02 -2.0655522122979164e-02 9.2635750770568848e-01 2.7800000000000000e+03 7.6075927734375000e+01
9.9987196922302246e-01 -1.3281188905239105e-02 8.9199030771851540e-03 8.9568197727203369e-01 9.9984455108642578e-01 1.6083234921097755e-02 -7.2259004227817059e-03 9.3335461616516113e-01 3.4260000000000000e+03 8.1377983093261719e+01
-9.9990975856781006e-01 1.1485600844025612e-02 -6.9630499929189682e-03 1.4461004734039307e+00 -9.9842834472656250e-01 -2.8808889910578728e-02 -4.8070959746837616e-02 1.5303909778594971e+00 1.7020000000000000e+03 2.1919036865234375e+02
9.9991470575332642e-01 1.0091843083500862e-02 -8.2894191145896912e-03 9.0524762868881226e-01 9.9917602539062500e-01 2.1502636373043060e-02 -3.4423012286424637e-02 9.3523848056793213e-01 2.5790000000000000e+03 8.7103866577148438e+01
-9.9993675947189331e-01 -1.1246495880186558e-02 -3.1833606772124767e-04 1.4674024581909180e+00 -9.9918949604034424e-01 -2.9993357136845589e-02 -2.6846053078770638e-02 1.5340393781661987e+00 1.6850000000000000e+03 2.1236685180664062e+02
9.9999362230300903e-01 3.1054325518198311e-04 -3.5581067204475403e-03 8.8636535406112671e-01 9.9935501813888550e-01 1.0907389223575592e-02 -3.4212343394756317e-02 9.3701642751693726e-01 2.9330000000000000e+03 9.6518569946289062e+01
9.9999713897705078e-01 -2.5451969122514129e-04 -2.3694264236837626e-03 8.8423818349838257e-01 9.9950170516967773e-01 1.5870856121182442e-02 -2.7284728363156319e-02 9.2285931110382080e-01 2.6060000000000000e+03 8.1657028198242188e+01
9.9979346990585327e-01 1.3089734129607677e-02 1.5554229728877544e-02 8.6962372064590454e-01 9.9934399127960205e-01 2.3048987612128258e-02 -2.7933074161410332e-02 9.3267172574996948e-01 1.1870000000000000e+03 7.0281471252441406e+01
-1.1206861585378647e-01 5.6172293424606323e-01 -8.1969994306564331e-01 2.1955993175506592e+00 2.3903993889689445e-02 -1.4909560978412628e-01 -9.8853373527526855e-01 2.0614340305328369e+00 2.0360000000000000e+03 1.6479887390136719e+02
4.0680572390556335e-02 -4.2659189552068710e-02 -9.9826103448867798e-01 1.3948528766632080e+00 2.0950853824615479e-02 -6.8215847015380859e-01 -7.3090410232543945e-01 1.4592567682266235e+00 1.0830000000000000e+03 1.3020683288574219e+02
1.1512304190546274e-03 -5.8840092271566391e-02 -9.9826675653457642e-01 1.6061362028121948e+00 -5.9034996666014194e-03 -7.1220576763153076e-01 -7.0194584131240845e-01 1.6325769424438477e+00 2.6720000000000000e+03 1.9013211059570312e+02
1.1512304190546274e-03 -5.8840092271566391e-02 -9.9826675653457642e-01 1.6061362028121948e+00 2.0950853824615479e-02 -6.8215847015380859e-01 -7.3090410232543945e-01 1.4592567682266235e+00 1.0830000000000000e+03 1.6858183288574219e+02
-4.1396867483854294e-02 -5.4704885929822922e-02 -9.9764406681060791e-01 1.6551169157028198e+00 -5.9034996666014194e-03 -7.1220576763153076e-01 -7.0194584131240845e-01 1.6325769424438477e+00 2.6720000000000000e+03 1.9013211059570312e+02
-4.1396867483854294e-02 -5.4704885929822922e-02 -9.9764406681060791e-01 1.6551169157028198e+00 2.0950853824615479e-02 -6.8215847015380859e-01 -7.3090410232543945e-01 1.4592567682266235e+00 1.0830000000000000e+03 1.4198614501953125e+02
1.0747299343347549e-01 4.4193383306264877e-02 -9.9322539567947388e-01 1.3594496250152588e+00 2.0950853824615479e-02 -6.8215847015380859e-01 -7.3090410232543945e-01 1.4592567682266235e+00 1.0830000000000000e+03 1.3898565673828125e+02
-6.4915075898170471e-02 -1.3098897039890289e-01 -9.8925626277923584e-01 1.9754812717437744e+00 -3.5753052681684494e-02 -7.8706759214401245e-01 -6.1582976579666138e-01 1.9975113868713379e+00 3.6240000000000000e+03 2.0325856018066406e+02
9.9980300664901733e-01 -1.9262885674834251e-02 -4.7892127186059952e-03 8.9475637674331665e-01 9.9941599369049072e-01 1.7256479710340500e-02 -2.9494961723685265e-02 9.3686330318450928e-01 2.1380000000000000e+03 7.7968666076660156e+01
9.9995958805084229e-01 8.7851854041218758e-03 1.8963066395372152e-03 8.8873958587646484e-01 9.9922686815261841e-01 2.6882575824856758e-02 -2.8686609119176865e-02 9.2314910888671875e-01 1.8790000000000000e+03 7.2895393371582031e+01
-9.9991840124130249e-01 -2.0956329535692930e-03 -1.2598931789398193e-02 1.2218486070632935e+00 -9.9923568964004517e-01 -3.4550778567790985e-02 -1.8286461010575294e-02 1.2433155775070190e+00 1.1590000000000000e+03 2.1154887390136719e+02
9.9988013505935669e-01 -5.0543500110507011e-03 1.4631768688559532e-02 8.6718332767486572e-01 9.9962717294692993e-01 1.7064450308680534e-02 -2.1313438192009926e-02 9.2041307687759399e-01 1.7330000000000000e+03 8.0395660400390625e+01
9.9991106986999512e-01 1.2629587203264236e-02 -4.2912862263619900e-03 8.9508086442947388e-01 9.9861800670623779e-01 3.0345283448696136e-02 -4.2910695075988770e-02 9.2828357219696045e-01 4.9470000000000000e+03 8.4682235717773438e+01
-1.4699327945709229e-01 8.5284870862960815e-01 -5.0104093551635742e-01 2.5033643245697021e+00 -3.8102157413959503e-02 1.8347673118114471e-01 -9.8228532075881958e-01 2.3821516036987305e+00 2.6710000000000000e+03 1.7614733886718750e+02
9.9996739625930786e-01 1.3522626832127571e-03 7.9551860690116882e-03 9.0340447425842285e-01 9.9957144260406494e-01 2.2248934954404831e-02 -1.9022217020392418e-02 9.3029785156250000e-01 2.6250000000000000e+03 8.1183952331542969e+01
-9.9995547533035278e-01 -9.1974167153239250e-03 -2.1409536711871624e-03 1.4666900634765625e+00 -9.9876886606216431e-01 -2.9253991320729256e-02 -4.0062189102172852e-02 1.6212955713272095e+00 1.3950000000000000e+03 2.2063261413574219e+02
9.9998420476913452e-01 4.8246514052152634e-03 -2.9084929265081882e-03 9.0249633789062500e-01 9.9943417310714722e-01 1.9158979877829552e-02 -2.7644092217087746e-02 9.2809885740280151e-01 2.6190000000000000e+03 9.3718582153320312e+01
-9.9972027540206909e-01 1.4085339382290840e-02 1.8999582156538963e-02 1.4358623027801514e+00 -9.9880212545394897e-01 -3.1547006219625473e-02 -3.7406302988529205e-02 1.6342036724090576e+00 2.1700000000000000e+03 1.9880493164062500e+02
9.9996435642242432e-01 -7.9310666769742966e-03 -2.9077478684484959e-03 9.0423756837844849e-01 9.9960219860076904e-01 1.8703065812587738e-02 -2.1111445501446724e-02 9.2612707614898682e-01 3.8300000000000000e+03 8.5806823730468750e+01
-9.9986535310745239e-01 3.9586191996932030e-03 1.5926275402307510e-02 1.4510378837585449e+00 -9.9879795312881470e-01 -2.7081836014986038e-02 -4.0858972817659378e-02 1.6280663013458252e+00 2.1410000000000000e+03 2.0613871765136719e+02
9.9994969367980957e-01 -9.9277496337890625e-03 -1.4295510482043028e-03 8.9067071676254272e-01 9.9963814020156860e-01 1.4055675826966763e-02 -2.2934818640351295e-02 9.2776781320571899e-01 4.5330000000000000e+03 8.6865867614746094e+01
9.9995243549346924e-01 -9.1125769540667534e-03 -3.4911241382360458e-03 8.9755642414093018e-01 9.9954783916473389e-01 1.6922086477279663e-02 -2.4855855852365494e-02 9.3101233243942261e-01 4.4110000000000000e+03 8.6290718078613281e+01
9.9997329711914062e-01 -6.8199029192328453e-03 2.6486555580049753e-03 8.8242489099502563e-01 9.9954414367675781e-01 1.7998673021793365e-02 -2.4235388264060020e-02 9.2914503812789917e-01 3.9880000000000000e+03 8.5902969360351562e+01
9.9997252225875854e-01 6.5038106404244900e-03 3.5539332311600447e-03 8.8575345277786255e-01 9.9952346086502075e-01 1.8005648627877235e-02 -2.5075821205973625e-02 9.2864781618118286e-01 1.7830000000000000e+03 8.5540145874023438e+01
9.9999541044235229e-01 -2.5602618698030710e-03 -1.6036701854318380e-03 8.9091700315475464e-01 9.9935847520828247e-01 2.1824399009346962e-02 -2.8396768495440483e-02 9.2970049381256104e-01 4.8540000000000000e+03 8.5275215148925781e+01
