9.9967044591903687e-01 -2.5296906009316444e-02 4.3928371742367744e-03 8.9079648256301880e-01 9.9965888261795044e-01 -4.5914440415799618e-03 2.5712136179208755e-02 8.8760572671890259e-01 1.2370000000000000e+03 8.5638641357421875e+01
-9.9980664253234863e-01 1.9467975944280624e-02 -2.7504123281687498e-03 1.5364115238189697e+00 -9.9855983257293701e-01 -3.3101256936788559e-02 -4.2221568524837494e-02 1.5964450836181641e+00 1.6030000000000000e+03 2.0400062561035156e+02
9.9973613023757935e-01 -2.2766832262277603e-02 3.0802628025412560e-03 9.0034186840057373e-01 9.9981486797332764e-01 9.1212587431073189e-03 1.6942374408245087e-02 9.0303546190261841e-01 3.1540000000000000e+03 8.6180053710937500e+01
-9.9968743324279785e-01 2.2705407813191414e-02 -1.0461421683430672e-02 1.5458619594573975e+00 -9.9864906072616577e-01 -4.7917261719703674e-02 -2.0102798938751221e-02 1.5447824001312256e+00 1.7630000000000000e+03 2.0396426391601562e+02
9.9972623586654663e-01 -2.3396460339426994e-02 -2.2891932167112827e-04 9.0225815773010254e-01 9.9992531538009644e-01 4.0398992132395506e-04 1.2211473658680916e-02 9.0614277124404907e-01 4.3350000000000000e+03 8.2337715148925781e+01
-9.9973887205123901e-01 2.2696323692798615e-02 2.6736350264400244e-03 1.5150358676910400e+00 -9.9878716468811035e-01 -3.8630288094282150e-02 -3.0529040843248367e-02 1.5945816040039062e+00 1.9360000000000000e+03 2.0011730957031250e+02
9.9968653917312622e-01 -2.5029605254530907e-02 -5.7297485182061791e-04 8.9919233322143555e-01 9.9996286630630493e-01 2.7475743554532528e-03 8.1755183637142181e-03 9.1116160154342651e-01 4.2810000000000000e+03 8.5405532836914062e+01
-9.9998950958251953e-01 2.4820929393172264e-03 3.8487135898321867e-03 1.5143381357192993e+00 -9.9933522939682007e-01 -2.9474027454853058e-02 -2.1457800641655922e-02 1.5636742115020752e+00 1.9130000000000000e+03 2.0369943237304688e+02
-9.9966746568679810e-01 2.5487139821052551e-02 -3.9148894138634205e-03 1.5372016429901123e+00 -9.9942600727081299e-01 -2.6330718770623207e-02 -2.1313391625881195e-02 1.5582134723663330e+00 1.0220000000000000e+03 1.9621351623535156e+02
-6.9980569183826447e-02 9.1811263561248779e-01 -3.9009210467338562e-01 1.9759070873260498e+00 -6.6964440047740936e-03 -2.7498936653137207e-01 -9.6142399311065674e-01 1.9134616851806641e+00 2.2810000000000000e+03 1.6596073913574219e+02
1.5367933548986912e-02 3.7482070922851562e-01 -9.2696994543075562e-01 1.7529462575912476e+00 -5.2125673741102219e-02 -9.1865348815917969e-01 -3.9161035418510437e-01 1.7898600101470947e+00 1.9020000000000000e+03 2.1355169677734375e+02
-3.4056369215250015e-02 2.6783454418182373e-01 -9.6286290884017944e-01 1.8420164585113525e+00 -5.2125673741102219e-02 -9.1865348815917969e-01 -3.9161035418510437e-01 1.7898600101470947e+00 1.6480000000000000e+03 2.1355169677734375e+02
-5.1662296056747437e-02 3.7147769331932068e-01 -9.2700338363647461e-01 1.8606606721878052e+00 -5.2125673741102219e-02 -9.1865348815917969e-01 -3.9161035418510437e-01 1.7898600101470947e+00 2.1280000000000000e+03 2.1355169677734375e+02
9.9924689531326294e-01 -3.6416679620742798e-02 1.3398063369095325e-02 8.8816004991531372e-01 9.9990338087081909e-01 1.0861266404390335e-02 8.6770216003060341e-03 9.1311085224151611e-01 1.8940000000000000e+03 1.0133685302734375e+02
9.9957454204559326e-01 -2.7200641110539436e-02 1.0523786768317223e-02 9.0149366855621338e-01 9.9966883659362793e-01 1.7711849883198738e-02 1.8670652061700821e-02 9.0130072832107544e-01 1.1220000000000000e+03 8.5307342529296875e+01
-2.1764704957604408e-02 9.9957048892974854e-01 1.9626006484031677e-02 1.0992724895477295e+00 1.0776180773973465e-02 -3.3352014725096524e-04 -9.9994182586669922e-01 1.0387058258056641e+00 1.0440000000000000e+03 1.7036688232421875e+02
9.9985551834106445e-01 -1.3745550997555256e-02 1.0001836344599724e-02 8.9667910337448120e-01 9.9994409084320068e-01 4.3090516701340675e-03 9.6552129834890366e-03 9.0611660480499268e-01 1.9350000000000000e+03 9.3719367980957031e+01
9.9920105934143066e-01 -3.6731425672769547e-02 1.5751427039504051e-02 8.8563668727874756e-01 9.9982815980911255e-01 1.5220448374748230e-02 1.0586149990558624e-02 9.1551679372787476e-01 1.0960000000000000e+03 9.8024635314941406e+01
9.9970948696136475e-01 -2.3914908990263939e-02 2.9906395357102156e-03 9.0362185239791870e-01 9.9998408555984497e-01 4.8093614168465137e-03 2.9798601754009724e-03 9.2360329627990723e-01 1.7080000000000000e+03 9.2382339477539062e+01
-2.6574680581688881e-02 8.9951038360595703e-01 -4.3609064817428589e-01 1.4467442035675049e+00 -2.9522793367505074e-02 -3.1485301256179810e-01 -9.4868117570877075e-01 1.4420120716094971e+00 3.6700000000000000e+03 2.0492509460449219e+02
9.9972927570343018e-01 -2.3125128820538521e-02 2.5592939928174019e-03 8.8925540447235107e-01 9.9973756074905396e-01 -9.7934538498520851e-03 2.0710593089461327e-02 8.9334601163864136e-01 1.0260000000000000e+03 9.8203529357910156e+01
9.9947834014892578e-01 -3.0427303165197372e-02 1.0834519751369953e-02 8.9203137159347534e-01 9.9960237741470337e-01 1.8845327198505402e-02 2.0978244021534920e-02 8.9088922739028931e-01 2.7000000000000000e+03 1.0476036834716797e+02
9.9955260753631592e-01 -2.9245397076010704e-02 6.2784217298030853e-03 8.9590460062026978e-01 9.9991428852081299e-01 1.1931150220334530e-02 5.3951493464410305e-03 9.1964089870452881e-01 1.5540000000000000e+03 9.5004020690917969e+01
9.9984866380691528e-01 -1.2284084223210812e-02 1.2318231165409088e-02 8.9351904392242432e-01 9.9994695186614990e-01 1.0062970221042633e-02 2.1846054587513208e-03 9.1901844739913940e-01 1.5940000000000000e+03 9.5585754394531250e+01
9.9967712163925171e-01 -2.4347735568881035e-02 7.2736120782792568e-03 8.8965165615081787e-01 9.9995303153991699e-01 8.3054406568408012e-03 -5.0040618516504765e-03 9.2773956060409546e-01 1.7380000000000000e+03 9.2206954956054688e+01
9.9976742267608643e-01 -1.5826663002371788e-02 1.4652060344815254e-02 8.8699251413345337e-01 9.9995833635330200e-01 9.1240787878632545e-03 4.3545305379666388e-04 9.2263203859329224e-01 1.3720000000000000e+03 8.9644378662109375e+01
9.9988162517547607e-01 -1.5371257439255714e-02 -6.4499105792492628e-04 8.8965493440628052e-01 9.9996733665466309e-01 -7.6915556564927101e-03 -2.4984991177916527e-03 9.1007250547409058e-01 2.9220000000000000e+03 7.2257537841796875e+01
1.4369286596775055e-02 6.9846224784851074e-01 -7.1550256013870239e-01 1.1417341232299805e+00 -9.6352193504571915e-03 -6.6376286745071411e-01 -7.4788099527359009e-01 1.1391164064407349e+00 6.5220000000000000e+03 1.7697494506835938e+02
4.3404349125921726e-03 6.9288021326065063e-01 -7.2103959321975708e-01 9.6609568595886230e-01 8.7949316948652267e-03 -6.7906314134597778e-01 -7.3402720689773560e-01 9.7331428527832031e-01 3.5080000000000000e+03 1.4855490112304688e+02
9.9961578845977783e-01 -2.6801342144608498e-02 7.0764613337814808e-03 8.9544528722763062e-01 9.9995106458663940e-01 5.3043486550450325e-03 8.3519741892814636e-03 9.1156721115112305e-01 3.2080000000000000e+03 1.0467581176757812e+02
-9.9780547618865967e-01 3.2361306250095367e-02 -5.7765867561101913e-02 1.6714295148849487e+00 -9.9951452016830444e-01 -2.1854123100638390e-02 -2.2204931825399399e-02 1.5527260303497314e+00 1.0700000000000000e+03 2.2839532470703125e+02
9.9968975782394409e-01 -2.4145552888512611e-02 6.1068492941558361e-03 8.9163815975189209e-01 9.9995166063308716e-01 1.8398901447653770e-03 9.6575627103447914e-03 9.0644663572311401e-01 4.6420000000000000e+03 8.7533393859863281e+01
-9.9909120798110962e-01 1.1574177071452141e-02 -4.1020225733518600e-02 1.6363444328308105e+00 -9.9938845634460449e-01 -2.4426938965916634e-02 -2.5019776076078415e-02 1.5717089176177979e+00 1.8560000000000000e+03 2.1523329162597656e+02
9.9975222349166870e-01 -2.1240452304482460e-02 6.6588502377271652e-03 8.9042437076568604e-01 9.9997085332870483e-01 2.5385790504515171e-03 7.2110467590391636e-03 9.0773928165435791e-01 4.5760000000000000e+03 8.5238639831542969e+01
-9.9967241287231445e-01 7.0702453376725316e-04 -2.5583159178495407e-02 1.5846043825149536e+00 -9.9939060211181641e-01 -2.9938228428363800e-02 -1.7946276813745499e-02 1.5545219182968140e+00 2.3720000000000000e+03 2.0670953369140625e+02
9.9969536066055298e-01 -2.4390051141381264e-02 3.7954999133944511e-03 8.9121711254119873e-01 9.9997609853744507e-01 1.2188005348434672e-04 6.9110975600779057e-03 9.0857183933258057e-01 4.6840000000000000e+03 8.4887680053710938e+01
-9.9995446205139160e-01 7.6625761575996876e-03 -5.6903585791587830e-03 1.5194089412689209e+00 -9.9929112195968628e-01 -2.8478339314460754e-02 -2.4622667580842972e-02 1.5780014991760254e+00 2.0980000000000000e+03 1.9738798522949219e+02
9.9970054626464844e-01 -2.4198146536946297e-02 3.6479982081800699e-03 8.9500606060028076e-01 9.9997967481613159e-01 2.3687167558819056e-03 5.9206420555710793e-03 9.1006112098693848e-01 4.0810000000000000e+03 8.5505424499511719e+01
-9.9978107213973999e-01 1.0422294959425926e-02 -1.8140196800231934e-02 1.5494973659515381e+00 -9.9923449754714966e-01 -2.9857793822884560e-02 -2.5275943800806999e-02 1.5849134922027588e+00 2.2110000000000000e+03 1.9624803161621094e+02
9.9971109628677368e-01 -2.0805545151233673e-02 1.2035593390464783e-02 8.8676655292510986e-01 9.9996417760848999e-01 6.9017931818962097e-03 4.9209925346076488e-03 9.0804982185363770e-01 3.8980000000000000e+03 8.6018295288085938e+01
-9.9966907501220703e-01 4.4279284775257111e-03 -2.5342296808958054e-02 1.5458805561065674e+00 -9.9930679798126221e-01 -3.3978115767240524e-02 -1.5208458527922630e-02 1.5570205450057983e+00 2.2620000000000000e+03 1.9251789855957031e+02
9.9957412481307983e-01 -2.5507021695375443e-02 1.4173631556332111e-02 8.7578117847442627e-01 9.9995851516723633e-01 3.7363425362855196e-03 8.3158500492572784e-03 9.0819048881530762e-01 3.5140000000000000e+03 8.4757583618164062e+01
9.9934989213943481e-01 -2.2983154281973839e-02 2.7775285765528679e-02 8.5616838932037354e-01 9.9996590614318848e-01 3.2399778719991446e-03 7.6008359901607037e-03 9.0176409482955933e-01 2.1340000000000000e+03 8.5388481140136719e+01
9.9929785728454590e-01 -1.0935416445136070e-02 3.5837221890687943e-02 8.4678304195404053e-01 9.9996924400329590e-01 6.0987072065472603e-03 4.9262545071542263e-03 9.0709418058395386e-01 1.6370000000000000e+03 8.6461059570312500e+01
9.9982559680938721e-01 1.2857224792242050e-03 1.8630638718605042e-02 8.9722537994384766e-01 9.9990135431289673e-01 1.0511716827750206e-02 9.3180043622851372e-03 9.0683358907699585e-01 1.4170000000000000e+03 9.4826904296875000e+01
9.9899446964263916e-01 -4.0386680513620377e-02 1.9465515390038490e-02 8.8463395833969116e-01 9.9987232685089111e-01 5.1699504256248474e-03 1.5118987299501896e-02 8.9942920207977295e-01 1.0700000000000000e+03 1.0674579620361328e+02
9.9871128797531128e-01 -4.5833822339773178e-02 2.1794958040118217e-02 8.8092911243438721e-01 9.9974972009658813e-01 5.9418571181595325e-03 2.1568626165390015e-02 8.9947843551635742e-01 1.2080000000000000e+03 1.0091804504394531e+02
9.9878072738647461e-01 -4.8867948353290558e-02 6.9917906075716019e-03 8.9787268638610840e-01 9.9945592880249023e-01 -1.8680085195228457e-03 3.2930426299571991e-02 9.0422570705413818e-01 1.3250000000000000e+03 1.2688603973388672e+02
1.1650795117020607e-02 6.2240803241729736e-01 -7.8260630369186401e-01 6.1860895156860352e-01 6.4366008155047894e-03 -7.5598585605621338e-01 -6.5455621480941772e-01 6.4553421735763550e-01 9.8570000000000000e+03 1.4124435424804688e+02
1.5108740888535976e-02 1.4111211895942688e-01 -9.8987829685211182e-01 9.3582934141159058e-01 -4.0819523856043816e-03 -9.8839104175567627e-01 -1.5187686681747437e-01 9.9501806497573853e-01 5.4110000000000000e+03 1.8518499755859375e+02
9.9955624341964722e-01 -2.9788987711071968e-02 -2.4186485097743571e-04 8.8764005899429321e-01 9.9990677833557129e-01 -4.0944870561361313e-03 1.3018839061260223e-02 9.1222029924392700e-01 1.9640000000000000e+03 1.0212728881835938e+02
9.9970710277557373e-01 -2.4056768044829369e-02 2.6540001854300499e-03 8.9386844635009766e-01 9.9990022182464600e-01 1.7344702500849962e-03 1.4021740294992924e-02 9.0016996860504150e-01 2.7340000000000000e+03 9.1158012390136719e+01
9.9965536594390869e-01 -2.4196250364184380e-02 1.0187923908233643e-02 8.9021718502044678e-01 9.9987751245498657e-01 7.9740174114704132e-03 1.3464365154504776e-02 9.0022838115692139e-01 2.6450000000000000e+03 9.7728439331054688e+01
9.9904787540435791e-01 -4.0362335741519928e-02 1.6560519114136696e-02 8.7476289272308350e-01 9.9994641542434692e-01 -5.3428590763360262e-04 1.0340338572859764e-02 9.0695291757583618e-01 1.0700000000000000e+03 9.3599067687988281e+01
9.9899905920028687e-01 -3.7883248180150986e-02 2.3787697777152061e-02 8.6050420999526978e-01 9.9996167421340942e-01 2.0596096292138100e-03 8.5205901414155960e-03 9.0190309286117554e-01 2.0530000000000000e+03 9.1198249816894531e+01
9.9969464540481567e-01 -2.3737911134958267e-02 6.8592745810747147e-03 8.8481515645980835e-01 9.9998319149017334e-01 1.9438609015196562e-03 5.4680332541465759e-03 9.0885806083679199e-01 3.1250000000000000e+03 8.7151336669921875e+01
9.9969559907913208e-01 -2.4396646767854691e-02 3.6633608397096395e-03 8.9286303520202637e-01 9.9998646974563599e-01 3.6311179865151644e-03 3.7280253600329161e-03 9.1421961784362793e-01 3.4580000000000000e+03 8.6239959716796875e+01
9.9968391656875610e-01 -2.5051737204194069e-02 2.1242010407149792e-03 8.8989257812500000e-01 9.9996876716613770e-01 2.1899819839745760e-03 7.5946464203298092e-03 9.0670806169509888e-01 3.8760000000000000e+03 8.8266510009765625e+01
-9.9974298477172852e-01 2.2466660011559725e-03 -2.2557873278856277e-02 1.6097917556762695e+00 -9.9951112270355225e-01 -1.7458019778132439e-02 -2.5935992598533630e-02 1.5860475301742554e+00 2.0830000000000000e+03 2.1118675231933594e+02
9.9972915649414062e-01 -2.3272108286619186e-02 -9.0412264398764819e-05 8.9594626426696777e-01 9.9998605251312256e-01 2.2711679339408875e-03 4.7709830105304718e-03 9.0716212987899780e-01 4.2010000000000000e+03 8.6181365966796875e+01
-9.9959272146224976e-01 2.3237677291035652e-02 -1.6563115641474724e-02 1.5875385999679565e+00 -9.9649196863174438e-01 -3.4614369273185730e-02 -7.6193585991859436e-02 1.7379622459411621e+00 1.1810000000000000e+03 2.2158085632324219e+02
9.9966973066329956e-01 -2.5693757459521294e-02 4.8383953981101513e-04 8.9537626504898071e-01 9.9997955560684204e-01 2.9477186035364866e-03 5.6805731728672981e-03 9.1136515140533447e-01 4.1460000000000000e+03 8.6347084045410156e+01
-9.9989271163940430e-01 1.4139786362648010e-02 -3.8426788523793221e-03 1.5476255416870117e+00 -9.9913638830184937e-01 -2.6509059593081474e-02 -3.1995646655559540e-02 1.5998524427413940e+00 1.5110000000000000e+03 2.1498677062988281e+02
9.9976241588592529e-01 -2.1796511486172676e-02 -2.3171860448201187e-05 8.9784973859786987e-01 9.9996858835220337e-01 2.7383083943277597e-03 7.4452017433941364e-03 9.0698552131652832e-01 3.3690000000000000e+03 8.6510559082031250e+01
-9.9992275238037109e-01 3.3448855392634869e-03 -1.1965810321271420e-02 1.5618293285369873e+00 -9.9939286708831787e-01 -2.4362236261367798e-02 -2.4907421320676804e-02 1.5841783285140991e+00 1.9590000000000000e+03 2.0530679321289062e+02
9.9990820884704590e-01 -9.8408600315451622e-03 9.3119274824857712e-03 8.7970095872879028e-01 9.9995315074920654e-01 1.1652896646410227e-03 9.6102729439735413e-03 9.0577876567840576e-01 1.3640000000000000e+03 8.6468612670898438e+01
-9.9998670816421509e-01 3.3200583420693874e-03 -3.9369678124785423e-03 1.5381752252578735e+00 -9.9929583072662354e-01 -2.4151761084794998e-02 -2.8715118765830994e-02 1.5923336744308472e+00 1.4820000000000000e+03 1.9488003540039062e+02
9.9920427799224854e-01 -2.3785697296261787e-02 3.2015357166528702e-02 8.5176801681518555e-01 9.9993973970413208e-01 -1.0765649378299713e-02 2.1465597674250603e-03 9.1079467535018921e-01 1.0580000000000000e+03 1.1970718383789062e+02
9.9952721595764160e-01 -3.0060676857829094e-02 6.4655435271561146e-03 8.8189893960952759e-01 9.9845063686370850e-01 -1.1846719309687614e-02 5.4370041936635971e-02 8.3199518918991089e-01 1.3910000000000000e+03 9.5717430114746094e+01
9.9981039762496948e-01 -1.5484740026295185e-02 1.1800839565694332e-02 8.8223642110824585e-01 9.9982768297195435e-01 1.5250834403559566e-03 1.8501983955502510e-02 8.9002847671508789e-01 1.8000000000000000e+03 7.9580444335937500e+01
9.9956697225570679e-01 -2.8533035889267921e-02 7.1826968342065811e-03 8.9481699466705322e-01 9.9992543458938599e-01 4.5719081535935402e-03 1.1324591003358364e-02 9.0164172649383545e-01 2.8830000000000000e+03 1.1099479675292969e+02
9.9969613552093506e-01 -2.3554125800728798e-02 7.2726970538496971e-03 8.9170664548873901e-01 9.9989712238311768e-01 2.4552878458052874e-03 1.4134037308394909e-02 8.9287590980529785e-01 4.6910000000000000e+03 8.7471984863281250e+01
-9.9960833787918091e-01 -8.0177671043202281e-04 -2.7973743155598640e-02 1.5904165506362915e+00 -9.9904274940490723e-01 -2.5064717978239059e-02 -3.5852883011102676e-02 1.6079398393630981e+00 1.7760000000000000e+03 2.0968266296386719e+02
9.9973720312118530e-01 -2.1996917203068733e-02 6.4545175991952419e-03 8.8977199792861938e-01 9.9989628791809082e-01 1.7602356383576989e-03 1.4297143556177616e-02 8.9217627048492432e-01 4.5000000000000000e+03 8.5836891174316406e+01
-9.9973046779632568e-01 -1.0412764968350530e-03 -2.3192433640360832e-02 1.5750224590301514e+00 -9.9921566247940063e-01 -2.4718092754483223e-02 -3.0937373638153076e-02 1.5944725275039673e+00 2.2440000000000000e+03 2.0363317871093750e+02
9.9965929985046387e-01 -2.4645764380693436e-02 8.6018210276961327e-03 8.7943959236145020e-01 9.9989879131317139e-01 3.9041587151587009e-03 1.3679522089660168e-02 8.9463752508163452e-01 3.8410000000000000e+03 8.5485694885253906e+01
