-1.5959376096725464e-01 7.5212615728378296e-01 -6.3940286636352539e-01 2.0968658924102783e+00 -6.2052171677350998e-02 -5.8747744560241699e-01 -8.0685800313949585e-01 2.0426425933837891e+00 3.1250000000000000e+03 1.7116346740722656e+02
-9.3559294939041138e-02 6.8235731124877930e-01 -7.2500699758529663e-01 2.0052325725555420e+00 -3.3351559191942215e-02 -6.5408551692962646e-01 -7.5568491220474243e-01 1.9698238372802734e+00 2.8650000000000000e+03 1.8815650939941406e+02
9.9997514486312866e-01 6.6401036456227303e-03 2.3647742345929146e-03 9.1598284244537354e-01 9.9999958276748657e-01 7.4550270801410079e-04 4.9034354742616415e-04 8.9942902326583862e-01 1.6250000000000000e+03 8.0304893493652344e+01
9.9998867511749268e-01 3.9564264006912708e-03 -2.6863918174058199e-03 9.2738848924636841e-01 9.9999970197677612e-01 -7.6381937833502889e-04 1.4364004891831428e-04 9.0470910072326660e-01 3.1630000000000000e+03 8.7587730407714844e+01
-1.2648230791091919e-01 8.2381516695022583e-01 -5.5256748199462891e-01 2.3522377014160156e+00 -1.3980375230312347e-01 -4.7846543788909912e-01 -8.6690580844879150e-01 2.3414752483367920e+00 2.8170000000000000e+03 1.6534576416015625e+02
9.9998581409454346e-01 5.3224219009280205e-03 -1.0923646186711267e-04 9.1504317522048950e-01 9.9997586011886597e-01 6.0549764893949032e-03 3.3878460526466370e-03 9.0119200944900513e-01 1.7460000000000000e+03 8.6039451599121094e+01
9.9998766183853149e-01 4.9614524468779564e-03 1.1734447980416007e-05 9.1594779491424561e-01 9.9996286630630493e-01 7.6115550473332405e-03 4.0631154552102089e-03 8.8925909996032715e-01 1.4660000000000000e+03 9.9214744567871094e+01
9.9992346763610840e-01 5.0316313281655312e-03 -1.1304653249680996e-02 9.1838306188583374e-01 9.9998807907104492e-01 -4.7225770540535450e-03 1.2059970758855343e-03 8.8775724172592163e-01 1.3630000000000000e+03 6.0869403839111328e+01
9.9999964237213135e-01 7.9848518362268806e-04 -2.7263545780442655e-04 9.1589343547821045e-01 9.9965691566467285e-01 -1.9649788737297058e-02 1.7321931198239326e-02 8.7949568033218384e-01 1.2770000000000000e+03 1.2426937866210938e+02
-1.7835143953561783e-02 5.0407981872558594e-01 -8.6347287893295288e-01 1.9407175779342651e+00 -8.0355554819107056e-02 -8.1533896923065186e-01 -5.7338064908981323e-01 2.0080447196960449e+00 2.4450000000000000e+03 2.0880000305175781e+02
9.9998885393142700e-01 4.1603296995162964e-03 2.1911298390477896e-03 8.9458423852920532e-01 9.9991554021835327e-01 -1.2076752260327339e-02 -4.8070591874420643e-03 8.9399439096450806e-01 1.4510000000000000e+03 9.2694694519042969e+01
9.9966168403625488e-01 2.4963196367025375e-02 7.3180911131203175e-03 8.9323037862777710e-01 9.9996685981750488e-01 2.6179680135101080e-03 -7.7033913694322109e-03 8.9727681875228882e-01 1.2380000000000000e+03 5.3015575408935547e+01
9.9995291233062744e-01 4.8641180619597435e-03 -8.3933062851428986e-03 9.0392118692398071e-01 9.9997591972351074e-01 -1.8842327408492565e-03 -6.6865412518382072e-03 8.9944952726364136e-01 1.0730000000000000e+03 1.1890307617187500e+02
9.9981600046157837e-01 -1.6353286802768707e-02 -1.0030686855316162e-02 9.0279102325439453e-01 9.9994802474975586e-01 -7.6247886754572392e-03 6.7496863193809986e-03 9.0053385496139526e-01 1.8970000000000000e+03 1.0350352478027344e+02
9.9998843669891357e-01 1.7555712256580591e-03 -4.4866618700325489e-03 9.2346465587615967e-01 9.9989491701126099e-01 7.2389617562294006e-03 -1.2553732842206955e-02 9.1608226299285889e-01 2.5850000000000000e+03 1.0361846923828125e+02
-2.0236247219145298e-03 1.3073348999023438e-01 -9.9141550064086914e-01 1.0293495655059814e+00 -3.4883644431829453e-02 -9.8435926437377930e-01 -1.7268469929695129e-01 1.1388448476791382e+00 1.4910000000000000e+03 2.2488665771484375e+02
9.9998277425765991e-01 1.1743912473320961e-03 -5.7508624158799648e-03 9.2020028829574585e-01 9.9997913837432861e-01 3.8001572829671204e-04 -6.4482386223971844e-03 8.9477401971817017e-01 1.3130000000000000e+03 1.2517212677001953e+02
-1.3598214834928513e-02 4.0689918398857117e-01 -9.1337186098098755e-01 1.4012151956558228e+00 -4.7337573021650314e-02 -8.7132853269577026e-01 -4.8841130733489990e-01 1.4593293666839600e+00 2.6950000000000000e+03 2.1031687927246094e+02
9.9999958276748657e-01 8.9619611389935017e-04 -3.8368147215805948e-04 8.9777243137359619e-01 9.9997413158416748e-01 -6.7386101000010967e-03 -2.5332337245345116e-03 8.8491648435592651e-01 2.0470000000000000e+03 1.1889252471923828e+02
-2.4211673066020012e-02 7.0289534330368042e-01 -7.1088117361068726e-01 1.5914620161056519e+00 -4.6998202800750732e-02 -6.5772551298141479e-01 -7.5179010629653931e-01 1.6002861261367798e+00 3.1040000000000000e+03 2.0429058837890625e+02
-1.3089797459542751e-02 2.6868066191673279e-01 -9.6314036846160889e-01 1.0939947366714478e+00 -3.0808787792921066e-02 -9.2707687616348267e-01 -3.7360316514968872e-01 1.1654011011123657e+00 2.6590000000000000e+03 2.0666717529296875e+02
9.9998247623443604e-01 -5.8356509543955326e-03 -9.3576009385287762e-04 9.0066105127334595e-01 9.9995881319046021e-01 -8.9285131543874741e-03 1.6483939252793789e-03 9.0165692567825317e-01 2.3360000000000000e+03 1.1328595733642578e+02
9.9992114305496216e-01 -1.2347973883152008e-02 -2.2593224421143532e-03 9.0675771236419678e-01 9.9989843368530273e-01 -1.2730374000966549e-03 1.4193648472428322e-02 9.0704727172851562e-01 2.7720000000000000e+03 1.1356775665283203e+02
-9.9968820810317993e-01 -1.1495510116219521e-02 -2.2166857495903969e-02 1.5508646965026855e+00 -9.9986189603805542e-01 -2.3248034995049238e-03 -1.6451792791485786e-02 1.4270280599594116e+00 1.6780000000000000e+03 2.1844395446777344e+02
9.9995613098144531e-01 8.7051428854465485e-03 3.4532917197793722e-03 9.0931606292724609e-01 9.9999123811721802e-01 4.1327886283397675e-03 5.7203805772587657e-04 9.0399801731109619e-01 2.2950000000000000e+03 7.8246215820312500e+01
-3.1713545322418213e-02 9.6812063455581665e-01 -2.4846839904785156e-01 1.1157481670379639e+00 3.5711145028471947e-03 -1.5592989325523376e-01 -9.8776173591613770e-01 1.0612246990203857e+00 4.8550000000000000e+03 1.6734770202636719e+02
-1.0923489183187485e-01 9.9390661716461182e-01 -1.4742635190486908e-02 1.5524098873138428e+00 1.5243149362504482e-02 3.0922109261155128e-02 -9.9940562248229980e-01 1.4360512495040894e+00 1.1510000000000000e+03 1.4620010375976562e+02
9.9997007846832275e-01 7.4393223039805889e-03 2.1365797147154808e-03 8.9581727981567383e-01 9.9998521804809570e-01 -3.2827989198267460e-03 -4.3523567728698254e-03 8.9025443792343140e-01 2.7710000000000000e+03 1.0336701202392578e+02
9.9982672929763794e-01 1.5414764173328876e-02 1.0434199124574661e-02 8.7825453281402588e-01 9.9996578693389893e-01 -7.8249191865324974e-03 -2.6807079557329416e-03 8.8798052072525024e-01 1.6110000000000000e+03 7.2677032470703125e+01
9.9995702505111694e-01 8.8737094774842262e-03 -2.6757661253213882e-03 8.9825159311294556e-01 9.9998867511749268e-01 -4.7540538944303989e-03 -3.6266614915803075e-04 8.8547563552856445e-01 3.4660000000000000e+03 7.3920944213867188e+01
9.9997323751449585e-01 5.6264167651534081e-03 -4.6595046296715736e-03 9.0612590312957764e-01 9.9998509883880615e-01 -5.4179960861802101e-03 -6.4781086985021830e-04 8.8836854696273804e-01 4.0710000000000000e+03 7.8762313842773438e+01
9.9997437000274658e-01 4.3480200693011284e-03 -5.6907851248979568e-03 9.0707278251647949e-01 9.9999296665191650e-01 -3.7175531033426523e-03 5.2869395585730672e-04 8.8214558362960815e-01 3.6300000000000000e+03 9.5577133178710938e+01
9.9991035461425781e-01 8.1175975501537323e-03 -1.0644253343343735e-02 9.0706932544708252e-01 9.9996614456176758e-01 -8.0406479537487030e-03 1.7771072452887893e-03 8.7514942884445190e-01 4.4170000000000000e+03 8.4593124389648438e+01
9.9995172023773193e-01 9.0578598901629448e-03 -3.8132162299007177e-03 9.0477049350738525e-01 9.9998331069946289e-01 -5.1761516369879246e-03 -2.5846385397017002e-03 8.8231825828552246e-01 3.2370000000000000e+03 8.8523826599121094e+01
9.9992537498474121e-01 7.8629525378346443e-03 -9.3449074774980545e-03 9.0792119503021240e-01 9.9999433755874634e-01 7.8274519182741642e-04 3.2702137250453234e-03 8.7787759304046631e-01 1.5320000000000000e+03 8.6323143005371094e+01
9.9991881847381592e-01 9.1666635125875473e-03 -8.8437674567103386e-03 9.0629523992538452e-01 9.9995261430740356e-01 -1.2362721608951688e-03 9.6633676439523697e-03 8.6755180358886719e-01 2.6050000000000000e+03 9.0535758972167969e+01
9.9998623132705688e-01 4.3304599821567535e-03 -2.9592614155262709e-03 9.0599244832992554e-01 9.9998241662979126e-01 -3.1541448552161455e-03 -5.0242911092936993e-03 8.9621496200561523e-01 3.2310000000000000e+03 9.9958221435546875e+01
9.9999070167541504e-01 3.5447643604129553e-03 -2.4603886995464563e-03 9.0086227655410767e-01 9.9995595216751099e-01 -8.9960955083370209e-03 2.7120823506265879e-03 8.8210070133209229e-01 3.6220000000000000e+03 8.9907737731933594e+01
9.9998700618743896e-01 1.9435518188402057e-03 -4.7153811901807785e-03 9.0155935287475586e-01 9.9984616041183472e-01 -1.7392320558428764e-02 -2.2860430181026459e-03 8.8963031768798828e-01 1.5260000000000000e+03 1.1440107727050781e+02
9.9998426437377930e-01 5.0399214960634708e-03 -2.4782507680356503e-03 9.0633499622344971e-01 9.9998730421066284e-01 1.6395752318203449e-03 4.7673848457634449e-03 8.7842875719070435e-01 1.5000000000000000e+03 6.9048561096191406e+01
9.9989432096481323e-01 5.6899548508226871e-03 -1.3376429677009583e-02 9.2635244131088257e-01 9.9994963407516479e-01 4.7963140532374382e-03 8.8142259046435356e-03 8.8049936294555664e-01 1.3650000000000000e+03 8.9511650085449219e+01
-4.6893727034330368e-02 5.0167155265808105e-01 -8.6378622055053711e-01 1.4867949485778809e+00 -8.5030123591423035e-02 -8.0857902765274048e-01 -5.8221125602722168e-01 1.5503902435302734e+00 2.1060000000000000e+03 2.1923171997070312e+02
9.9993056058883667e-01 9.7214728593826294e-03 6.6662067547440529e-03 8.9847624301910400e-01 9.9994069337844849e-01 7.7939126640558243e-04 -1.0861170478165150e-02 9.0995419025421143e-01 2.6640000000000000e+03 1.0532207489013672e+02
-9.9885755777359009e-01 -4.5670881867408752e-02 -1.4062402769923210e-02 1.4251699447631836e+00 -9.9983054399490356e-01 6.7785433493554592e-03 1.7114594578742981e-02 1.5103368759155273e+00 1.2580000000000000e+03 2.1786755371093750e+02
-1.4223976060748100e-02 7.1047580242156982e-01 -7.0357781648635864e-01 1.0165073871612549e+00 -2.5762943550944328e-03 -6.4742851257324219e-01 -7.6212179660797119e-01 1.0001531839370728e+00 3.5950000000000000e+03 1.8423922729492188e+02
-8.0435266718268394e-03 6.8064630031585693e-01 -7.3256802558898926e-01 9.7774183750152588e-01 1.8507423810660839e-03 -6.6599440574645996e-01 -7.4595445394515991e-01 9.7514349222183228e-01 5.8440000000000000e+03 1.6616838073730469e+02
-1.1740135960280895e-02 6.7914265394210815e-01 -7.3391240835189819e-01 9.4841122627258301e-01 -1.6696594655513763e-02 -6.8755936622619629e-01 -7.2593611478805542e-01 9.3172556161880493e-01 5.5360000000000000e+03 1.3421627807617188e+02
-5.5872774682939053e-03 6.7826700210571289e-01 -7.3479437828063965e-01 9.4193869829177856e-01 -6.9544962607324123e-03 -6.7829304933547974e-01 -7.3475849628448486e-01 9.3020552396774292e-01 1.2032000000000000e+04 1.4613148498535156e+02
-1.3638496166095138e-03 6.9567185640335083e-01 -7.1835839748382568e-01 9.0689915418624878e-01 7.8723003389313817e-04 -6.7508339881896973e-01 -7.3774105310440063e-01 9.1862303018569946e-01 4.3630000000000000e+03 1.7539147949218750e+02
-3.5845928359776735e-03 6.8177181482315063e-01 -7.3155611753463745e-01 9.1208225488662720e-01 -1.4778009615838528e-02 -6.4377307891845703e-01 -7.6507371664047241e-01 1.0435172319412231e+00 3.2880000000000000e+03 1.1071857452392578e+02
-3.5845928359776735e-03 6.8177181482315063e-01 -7.3155611753463745e-01 9.1208225488662720e-01 -2.0741700427606702e-04 -6.6809999942779541e-01 -7.4407142400741577e-01 9.0262365341186523e-01 9.9850000000000000e+03 1.5230894470214844e+02
-4.8835943453013897e-03 4.8753622174263000e-01 -8.7308919429779053e-01 8.4666550159454346e-01 -8.0101024359464645e-03 -8.6004948616027832e-01 -5.1014769077301025e-01 7.8402870893478394e-01 1.9240000000000000e+03 1.3317204284667969e+02
-4.8835943453013897e-03 4.8753622174263000e-01 -8.7308919429779053e-01 8.4666550159454346e-01 -8.6239847587421536e-04 -8.1070715188980103e-01 -5.8545112609863281e-01 9.8530358076095581e-01 6.6200000000000000e+03 1.6732658386230469e+02
1.0686457972042263e-04 3.5116133093833923e-01 -9.3631505966186523e-01 9.8472434282302856e-01 1.3549795374274254e-02 -9.6563494205474854e-01 -2.5954869389533997e-01 8.0924052000045776e-01 2.7060000000000000e+03 1.7859904479980469e+02
9.9998980760574341e-01 3.8774940185248852e-03 -2.3144944570958614e-03 9.1019141674041748e-01 9.9999690055847168e-01 -2.2592497989535332e-03 -1.0721065336838365e-03 8.8308674097061157e-01 1.9280000000000000e+03 8.2545494079589844e+01
9.9998199939727783e-01 5.6496476754546165e-03 2.0445012487471104e-03 8.9271718263626099e-01 9.9997276067733765e-01 -7.3778391815721989e-03 -1.4564530283678323e-04 8.8523274660110474e-01 3.2370000000000000e+03 7.7057456970214844e+01
9.9998456239700317e-01 4.8325778916478157e-03 -2.7510002255439758e-03 9.0391421318054199e-01 9.9997276067733765e-01 -7.3679992929100990e-03 2.0026545098517090e-04 8.8492858409881592e-01 4.1070000000000000e+03 8.0625564575195312e+01
9.9996578693389893e-01 7.8409472480416298e-03 -2.6232297532260418e-03 8.9928376674652100e-01 9.9998223781585693e-01 -5.9264712035655975e-03 -5.9996329946443439e-04 8.8364017009735107e-01 4.7920000000000000e+03 8.0780052185058594e+01
9.9998599290847778e-01 5.3010322153568268e-03 6.1703185565420426e-06 8.9745783805847168e-01 9.9999129772186279e-01 -3.6558522842824459e-03 1.9794302061200142e-03 8.8064521551132202e-01 4.6280000000000000e+03 8.5923294067382812e+01
9.9999547004699707e-01 2.9538292437791824e-03 -5.1803712267428637e-04 8.9919394254684448e-01 9.9991101026535034e-01 -6.4096716232597828e-03 1.1699422262609005e-02 8.6438590288162231e-01 2.7850000000000000e+03 7.9772354125976562e+01
9.9999028444290161e-01 4.3601347133517265e-03 6.6370813874527812e-04 9.0025401115417480e-01 9.9985349178314209e-01 9.5733301714062691e-03 1.4192260801792145e-02 8.6747419834136963e-01 1.1110000000000000e+03 9.0334854125976562e+01
9.9999922513961792e-01 7.6395337237045169e-04 -1.0430084075778723e-03 9.0082269906997681e-01 9.9999672174453735e-01 9.3829695833846927e-04 -2.3755605798214674e-03 8.9363932609558105e-01 2.2530000000000000e+03 1.1776900482177734e+02
3.8941808044910431e-02 6.8540120124816895e-01 -7.2712367773056030e-01 1.3688274621963501e+00 -3.5409372299909592e-02 -6.6230553388595581e-01 -7.4839663505554199e-01 1.3898956775665283e+00 1.3140000000000000e+03 1.3424809265136719e+02
3.8941808044910431e-02 6.8540120124816895e-01 -7.2712367773056030e-01 1.3688274621963501e+00 6.6201095469295979e-03 -6.7242312431335449e-01 -7.4013745784759521e-01 1.3520071506500244e+00 3.7670000000000000e+03 1.6768455505371094e+02
-4.2621526867151260e-02 6.7328274250030518e-01 -7.3815560340881348e-01 1.3819231986999512e+00 -3.5409372299909592e-02 -6.6230553388595581e-01 -7.4839663505554199e-01 1.3898956775665283e+00 1.3140000000000000e+03 1.6966073608398438e+02
-4.2621526867151260e-02 6.7328274250030518e-01 -7.3815560340881348e-01 1.3819231986999512e+00 6.6201095469295979e-03 -6.7242312431335449e-01 -7.4013745784759521e-01 1.3520071506500244e+00 4.4730000000000000e+03 1.6966073608398438e+02
9.9999582767486572e-01 2.3412655573338270e-03 -1.6941981157287955e-03 9.1868722438812256e-01 9.9991470575332642e-01 1.0091843083500862e-02 -8.2894191145896912e-03 9.0524762868881226e-01 2.5790000000000000e+03 9.8164535522460938e+01
1.4605054166167974e-03 2.4422019720077515e-01 -9.6971875429153442e-01 1.0330442190170288e+00 -3.1517770141363144e-02 -9.5985299348831177e-01 -2.7872720360755920e-01 1.0798511505126953e+00 3.1980000000000000e+03 2.0895091247558594e+02
9.9999135732650757e-01 2.9857577756047249e-03 -2.8813302051275969e-03 9.1143828630447388e-01 9.9999362230300903e-01 3.1054325518198311e-04 -3.5581067204475403e-03 8.8636535406112671e-01 2.3160000000000000e+03 1.1665414428710938e+02
-7.9807294532656670e-03 3.8124275207519531e-01 -9.2444050312042236e-01 1.3148823976516724e+00 -3.0081843957304955e-02 -8.8923132419586182e-01 -4.5646774768829346e-01 1.3869936466217041e+00 2.2560000000000000e+03 2.1284397888183594e+02
9.9993985891342163e-01 -1.0844566859304905e-02 1.6229542670771480e-03 8.9457023143768311e-01 9.9979346990585327e-01 1.3089734129607677e-02 1.5554229728877544e-02 8.6962372064590454e-01 1.1870000000000000e+03 1.1178179168701172e+02
-4.3312158435583115e-02 5.5355918407440186e-01 -8.3168274164199829e-01 1.5509872436523438e+00 -3.4292768687009811e-02 -7.7645599842071533e-01 -6.2923771142959595e-01 1.4766110181808472e+00 2.6090000000000000e+03 1.8990034484863281e+02
2.9945833608508110e-02 5.3861480951309204e-01 -8.4201985597610474e-01 1.5023918151855469e+00 -3.4292768687009811e-02 -7.7645599842071533e-01 -6.2923771142959595e-01 1.4766110181808472e+00 1.0380000000000000e+03 1.8990034484863281e+02
-6.1009291559457779e-02 3.4166970849037170e-01 -9.3783777952194214e-01 1.9931225776672363e+00 -7.8638553619384766e-02 -8.9041662216186523e-01 -4.4830143451690674e-01 2.1067843437194824e+00 1.3800000000000000e+03 2.0959057617187500e+02
9.9986749887466431e-01 1.6053752973675728e-02 2.6891145389527082e-03 8.9816468954086304e-01 9.9988013505935669e-01 -5.0543500110507011e-03 1.4631768688559532e-02 8.6718332767486572e-01 1.2410000000000000e+03 7.3144256591796875e+01
9.9998992681503296e-01 -1.1079002870246768e-03 -4.3384656310081482e-03 9.0648710727691650e-01 9.9996739625930786e-01 1.3522626832127571e-03 7.9551860690116882e-03 9.0340447425842285e-01 2.6250000000000000e+03 9.3738494873046875e+01
-9.9931532144546509e-01 -3.3771604299545288e-02 -1.5111427754163742e-02 1.4538164138793945e+00 -9.9995547533035278e-01 -9.1974167153239250e-03 -2.1409536711871624e-03 1.4666900634765625e+00 1.3950000000000000e+03 2.1334077453613281e+02
-1.9471732899546623e-02 7.7786123752593994e-01 -6.2813431024551392e-01 8.2661944627761841e-01 3.1085897237062454e-02 -5.6456261873245239e-01 -8.2480466365814209e-01 8.6585503816604614e-01 1.8160000000000000e+03 1.8538442993164062e+02
9.9973714351654053e-01 2.2738113999366760e-02 -2.9561489354819059e-03 8.9729303121566772e-01 9.9998420476913452e-01 4.8246514052152634e-03 -2.9084929265081882e-03 9.0249633789062500e-01 1.2370000000000000e+03 1.1575424194335938e+02
9.9994140863418579e-01 9.1522717848420143e-03 -5.7856016792356968e-03 9.0501719713211060e-01 9.9996435642242432e-01 -7.9310666769742966e-03 -2.9077478684484959e-03 9.0423756837844849e-01 1.5370000000000000e+03 1.1324528503417969e+02
9.9994826316833496e-01 9.1566406190395355e-03 -4.4318074360489845e-03 9.0262430906295776e-01 9.9994969367980957e-01 -9.9277496337890625e-03 -1.4295510482043028e-03 8.9067071676254272e-01 2.6080000000000000e+03 1.0786004638671875e+02
-9.9926304817199707e-01 -2.0823311060667038e-02 -3.2247353345155716e-02 1.2680213451385498e+00 -9.9937778711318970e-01 9.0703507885336876e-03 3.4084413200616837e-02 1.4163007736206055e+00 1.1420000000000000e+03 2.3078897094726562e+02
9.9990236759185791e-01 1.1151063255965710e-02 8.4227481856942177e-03 8.8170951604843140e-01 9.9997252225875854e-01 6.5038106404244900e-03 3.5539332311600447e-03 8.8575345277786255e-01 1.7830000000000000e+03 6.3327594757080078e+01
9.9996095895767212e-01 7.7763595618307590e-03 -4.1964561678469181e-03 9.0755468606948853e-01 9.9999541044235229e-01 -2.5602618698030710e-03 -1.6036701854318380e-03 8.9091700315475464e-01 3.1830000000000000e+03 7.6499588012695312e+01
