9.9950015544891357e-01 1.4227021893020719e-05 -3.1611461192369461e-02 8.9515608549118042e-01 9.9947714805603027e-01 2.0434694364666939e-02 -2.5058377534151077e-02 9.4825446605682373e-01 4.5970000000000000e+03 8.7256256103515625e+01
-9.9930864572525024e-01 -3.4261539578437805e-02 -1.4431255869567394e-02 1.4790263175964355e+00 -9.9843090772628784e-01 -2.7179934084415436e-02 -4.8960313200950623e-02 1.6132136583328247e+00 2.7600000000000000e+03 1.9940544128417969e+02
9.9939310550689697e-01 -9.0843369252979755e-04 -3.4822668880224228e-02 8.9807701110839844e-01 9.9933791160583496e-01 2.3734942078590393e-02 -2.7575271204113960e-02 9.5161312818527222e-01 4.2490000000000000e+03 8.5353935241699219e+01
-9.9910438060760498e-01 -4.0137652307748795e-02 -1.3392464257776737e-02 1.4910018444061279e+00 -9.9861890077590942e-01 -3.2081220299005508e-02 -4.1606161743402481e-02 1.5869861841201782e+00 2.9790000000000000e+03 2.0065264892578125e+02
9.9959599971771240e-01 -2.6590649504214525e-03 -2.8300659731030464e-02 8.9055919647216797e-01 9.9954915046691895e-01 1.8119389191269875e-02 -2.3941509425640106e-02 9.4242286682128906e-01 4.6010000000000000e+03 8.4660385131835938e+01
-9.9928629398345947e-01 -3.7123505026102066e-02 -6.9736503064632416e-03 1.4679746627807617e+00 -9.9828428030014038e-01 -3.3497277647256851e-02 -4.8025354743003845e-02 1.6065552234649658e+00 2.3850000000000000e+03 2.0226956176757812e+02
9.9955797195434570e-01 6.8462023045867682e-04 -2.9721919447183609e-02 8.8818031549453735e-01 9.9933731555938721e-01 2.5007810443639755e-02 -2.6447778567671776e-02 9.4882887601852417e-01 3.3340000000000000e+03 8.4834136962890625e+01
-9.9916946887969971e-01 -4.0615830570459366e-02 3.2787986565381289e-03 1.4434226751327515e+00 -9.9879914522171021e-01 -3.4556217491626740e-02 -3.4730255603790283e-02 1.5737736225128174e+00 1.5770000000000000e+03 1.9911152648925781e+02
9.9959063529968262e-01 -8.3025395870208740e-03 -2.7377413585782051e-02 8.7869888544082642e-01 9.9933987855911255e-01 2.0715622231364250e-02 -2.9846802353858948e-02 9.3977808952331543e-01 2.1660000000000000e+03 1.1713204193115234e+02
9.9981087446212769e-01 -4.2156898416578770e-03 -1.8987057730555534e-02 8.6981141567230225e-01 9.9961894750595093e-01 1.4982421882450581e-02 -2.3184092715382576e-02 9.3090724945068359e-01 1.9750000000000000e+03 1.1157518768310547e+02
9.9961835145950317e-01 2.2775806428398937e-04 -2.7624037116765976e-02 8.7836718559265137e-01 9.9958318471908569e-01 1.3774879276752472e-02 -2.5374198332428932e-02 9.2503207921981812e-01 2.1310000000000000e+03 1.0868090057373047e+02
9.9978792667388916e-01 1.1507455259561539e-02 -1.7076602205634117e-02 8.7280321121215820e-01 9.9975270032882690e-01 1.1895467527210712e-02 -1.8787639215588570e-02 9.2813163995742798e-01 2.5250000000000000e+03 7.4202774047851562e+01
9.9961835145950317e-01 -2.3469625040888786e-02 -1.4569940976798534e-02 8.8033509254455566e-01 9.9949890375137329e-01 1.8180431798100471e-02 -2.5910284370183945e-02 9.3972343206405640e-01 1.0110000000000000e+03 1.2356676483154297e+02
9.9972414970397949e-01 -7.5402101501822472e-03 -2.2246250882744789e-02 8.8383626937866211e-01 9.9926465749740601e-01 1.7498595640063286e-02 -3.4115921705961227e-02 9.4156014919281006e-01 3.0750000000000000e+03 8.4779205322265625e+01
-9.9907922744750977e-01 -3.2186690717935562e-02 -2.8367234393954277e-02 1.4614990949630737e+00 -9.9835091829299927e-01 -2.8091169893741608e-02 -5.0063930451869965e-02 1.5831036567687988e+00 1.2890000000000000e+03 2.2359271240234375e+02
9.9971044063568115e-01 -4.3989494442939758e-03 -2.3654691874980927e-02 8.8244867324829102e-01 9.9944460391998291e-01 1.2786112725734711e-02 -3.0776323750615120e-02 9.3517881631851196e-01 1.4360000000000000e+03 1.1730501556396484e+02
-1.1527998745441437e-01 -8.3257222175598145e-01 -5.4178774356842041e-01 2.1106336116790771e+00 1.1867698282003403e-02 -1.6413699090480804e-01 -9.8636615276336670e-01 2.1658580303192139e+00 2.5830000000000000e+03 2.1086837768554688e+02
-1.1527998745441437e-01 -8.3257222175598145e-01 -5.4178774356842041e-01 2.1106336116790771e+00 1.3198139145970345e-02 -1.6743248701095581e-01 -9.8579514026641846e-01 1.9480640888214111e+00 1.7950000000000000e+03 2.1086837768554688e+02
-2.4353230372071266e-02 -1.8098562955856323e-01 -9.8318415880203247e-01 1.9210776090621948e+00 -2.5012169033288956e-02 4.6255254745483398e-01 -8.8623887300491333e-01 2.0445945262908936e+00 2.4290000000000000e+03 1.5232894897460938e+02
-8.1222161650657654e-02 -3.5069975256919861e-01 -9.3295907974243164e-01 2.0708312988281250e+00 -2.3260015994310379e-02 3.4828659892082214e-01 -9.3709951639175415e-01 2.1044154167175293e+00 7.9620000000000000e+03 1.7756430053710938e+02
-5.2741572260856628e-02 3.4671995788812637e-02 -9.9800610542297363e-01 2.0085721015930176e+00 -1.5336940996348858e-02 7.0742422342300415e-01 -7.0662277936935425e-01 2.1260459423065186e+00 4.1920000000000000e+03 1.6128964233398438e+02
9.9975693225860596e-01 -4.0615568868815899e-03 -2.1669348701834679e-02 8.8270860910415649e-01 9.9945676326751709e-01 1.8168864771723747e-02 -2.7497906237840652e-02 9.3190348148345947e-01 2.3700000000000000e+03 7.8462028503417969e+01
-1.4425871893763542e-02 4.5304831862449646e-01 -8.9136916399002075e-01 4.2812964320182800e-01 -1.7181318253278732e-02 9.7713071107864380e-01 -2.1194410324096680e-01 4.3291723728179932e-01 6.1220000000000000e+03 1.6482461547851562e+02
9.9974393844604492e-01 -1.8352421000599861e-02 -1.3237540610134602e-02 8.9004647731781006e-01 9.9970328807830811e-01 6.0958778485655785e-03 -2.3586533963680267e-02 9.3380743265151978e-01 1.7030000000000000e+03 1.2230181884765625e+02
-9.9835044145584106e-01 -3.2367002218961716e-02 -4.7421693801879883e-02 1.5451852083206177e+00 -9.9944931268692017e-01 -5.8216731995344162e-03 -3.2668016850948334e-02 1.5843224525451660e+00 1.1620000000000000e+03 2.2954818725585938e+02
9.9962645769119263e-01 -4.1454229503870010e-03 -2.7016483247280121e-02 8.9968150854110718e-01 9.9944525957107544e-01 1.3203138485550880e-02 -3.0576497316360474e-02 9.3991333246231079e-01 3.5090000000000000e+03 8.4080764770507812e+01
9.9974119663238525e-01 -2.7665204834192991e-03 -2.2580064833164215e-02 8.8507366180419922e-01 9.9961894750595093e-01 8.1569775938987732e-03 -2.6370242238044739e-02 9.2219841480255127e-01 2.5130000000000000e+03 1.1230261993408203e+02
9.9957847595214844e-01 -3.9288639090955257e-03 -2.8767619282007217e-02 8.8901954889297485e-01 9.9926853179931641e-01 1.5394261106848717e-02 -3.5006754100322723e-02 9.4028544425964355e-01 2.7630000000000000e+03 8.6642417907714844e+01
-1.2082586437463760e-01 -1.2041650712490082e-01 -9.8534309864044189e-01 2.8670721054077148e+00 -3.7920296192169189e-02 5.9222292900085449e-01 -8.0488139390945435e-01 3.0110430717468262e+00 3.7680000000000000e+03 1.8911273193359375e+02
9.9934542179107666e-01 -4.6984017826616764e-03 -3.5869546234607697e-02 9.0699398517608643e-01 9.9943745136260986e-01 1.5681182965636253e-02 -2.9646029695868492e-02 9.2788070440292358e-01 1.0310000000000000e+03 9.5776916503906250e+01
-5.0107333809137344e-02 -7.4782484769821167e-01 -6.6200244426727295e-01 1.4006386995315552e+00 1.2112917378544807e-02 -1.0738718509674072e-01 -9.9414342641830444e-01 1.4408744573593140e+00 3.6220000000000000e+03 1.9305355834960938e+02
7.2458446025848389e-02 -7.2886735200881958e-01 -6.8080991506576538e-01 1.2418149709701538e+00 1.6105160117149353e-02 -7.0322468876838684e-02 -9.9739426374435425e-01 1.1837017536163330e+00 1.6810000000000000e+03 1.2302260589599609e+02
7.2458446025848389e-02 -7.2886735200881958e-01 -6.8080991506576538e-01 1.2418149709701538e+00 1.2462073564529419e-01 -1.2609840929508209e-01 -9.8415899276733398e-01 1.3752084970474243e+00 1.6810000000000000e+03 1.2302260589599609e+02
7.2458446025848389e-02 -7.2886735200881958e-01 -6.8080991506576538e-01 1.2418149709701538e+00 1.2112917378544807e-02 -1.0738718509674072e-01 -9.9414342641830444e-01 1.4408744573593140e+00 1.6810000000000000e+03 1.7866760253906250e+02
-4.5910950750112534e-02 -8.2243376970291138e-01 -5.6700515747070312e-01 1.3204627037048340e+00 2.0606746897101402e-02 -1.5789639949798584e-01 -9.8724067211151123e-01 1.1310441493988037e+00 2.5420000000000000e+03 1.9184619140625000e+02
-4.5910950750112534e-02 -8.2243376970291138e-01 -5.6700515747070312e-01 1.3204627037048340e+00 2.1949958056211472e-02 -1.7733995616436005e-01 -9.8390483856201172e-01 1.3307837247848511e+00 2.5420000000000000e+03 1.9184619140625000e+02
7.5153164565563202e-02 -7.7646297216415405e-01 -6.2566542625427246e-01 1.2074829339981079e+00 2.0606746897101402e-02 -1.5789639949798584e-01 -9.8724067211151123e-01 1.1310441493988037e+00 1.2140000000000000e+03 1.2814332580566406e+02
7.5153164565563202e-02 -7.7646297216415405e-01 -6.2566542625427246e-01 1.2074829339981079e+00 2.1949958056211472e-02 -1.7733995616436005e-01 -9.8390483856201172e-01 1.3307837247848511e+00 1.2140000000000000e+03 1.6024331665039062e+02
-5.2466247230768204e-02 -9.1124469041824341e-01 -4.0850993990898132e-01 1.3130695819854736e+00 1.7902748659253120e-02 -3.1040933728218079e-01 -9.5043438673019409e-01 1.1354902982711792e+00 1.3580000000000000e+03 2.1671649169921875e+02
9.9982327222824097e-01 3.7815640680491924e-03 -1.8414963036775589e-02 8.7963330745697021e-01 9.9970811605453491e-01 1.3293685391545296e-02 -2.0178304985165596e-02 9.2272055149078369e-01 1.8770000000000000e+03 7.4990631103515625e+01
9.9972325563430786e-01 9.0260356664657593e-03 -2.1727247163653374e-02 8.8850593566894531e-01 9.9955141544342041e-01 1.7917407676577568e-02 -2.3997435346245766e-02 9.3866443634033203e-01 2.3840000000000000e+03 7.0291809082031250e+01
9.9945318698883057e-01 -1.2202225625514984e-02 -3.0732320621609688e-02 9.0129798650741577e-01 9.9959880113601685e-01 1.2882670387625694e-02 -2.5227688252925873e-02 9.2148196697235107e-01 3.3350000000000000e+03 1.0217495727539062e+02
9.9930864572525024e-01 -2.4217870086431503e-02 -2.8208944946527481e-02 9.0072298049926758e-01 9.9932873249053955e-01 1.7554724588990211e-02 -3.2155018299818039e-02 9.3665444850921631e-01 1.7620000000000000e+03 1.2140408325195312e+02
9.9954134225845337e-01 -1.5242640860378742e-02 -2.6169423013925552e-02 9.0872609615325928e-01 9.9959576129913330e-01 1.8723435699939728e-02 -2.1398479118943214e-02 9.3444073200225830e-01 2.0170000000000000e+03 1.1445364379882812e+02
9.9878156185150146e-01 -2.1999953314661980e-02 -4.4175170361995697e-02 8.9069068431854248e-01 9.9855339527130127e-01 2.7819713577628136e-02 -4.6011716127395630e-02 9.2770540714263916e-01 3.1230000000000000e+03 1.0160198211669922e+02
9.9971055984497070e-01 1.6150403767824173e-02 -1.7828283831477165e-02 8.7539821863174438e-01 9.9953389167785645e-01 2.6920674368739128e-02 -1.4397333376109600e-02 9.1928493976593018e-01 2.2340000000000000e+03 7.4916229248046875e+01
-8.2327639684081078e-03 -2.8873238712549210e-02 -9.9954921007156372e-01 1.5153229236602783e+00 -1.9730919972062111e-02 6.6979616880416870e-01 -7.4228286743164062e-01 1.5879422426223755e+00 4.9230000000000000e+03 1.7539402770996094e+02
-1.3577939243987203e-03 -1.7195178195834160e-02 -9.9985116720199585e-01 1.0369151830673218e+00 -1.1155219748616219e-02 6.6458648443222046e-01 -7.4712806940078735e-01 1.0852501392364502e+00 7.3490000000000000e+03 1.6669383239746094e+02
9.9961459636688232e-01 -1.2752993963658810e-02 -2.4658678099513054e-02 8.8550055027008057e-01 9.9975275993347168e-01 1.2201866135001183e-02 -1.8588302657008171e-02 9.0424454212188721e-01 2.0910000000000000e+03 1.1853276062011719e+02
-1.0176106356084347e-02 2.7294224500656128e-01 -9.6197658777236938e-01 5.2689665555953979e-01 -1.2383290566504002e-02 9.0849465131759644e-01 -4.1771280765533447e-01 5.4093229770660400e-01 7.7540000000000000e+03 1.6088082885742188e+02
9.9934512376785278e-01 -1.4517907984554768e-02 -3.3141281455755234e-02 8.9835977554321289e-01 9.9941515922546387e-01 2.1420817822217941e-02 -2.6654066517949104e-02 9.3081229925155640e-01 2.1280000000000000e+03 1.1155986785888672e+02
9.9898964166641235e-01 -2.6389129925519228e-03 -4.4864479452371597e-02 9.1113364696502686e-01 9.9903196096420288e-01 3.0190305784344673e-02 -3.1994953751564026e-02 9.3118315935134888e-01 1.0170000000000000e+03 6.1995082855224609e+01
-1.2060527689754963e-02 -1.9662786275148392e-02 -9.9973386526107788e-01 1.5176035165786743e+00 -2.0995698869228363e-02 6.5111404657363892e-01 -7.5868940353393555e-01 1.5973482131958008e+00 1.0093000000000000e+04 1.4751268005371094e+02
9.9966663122177124e-01 -7.3333536274731159e-03 -2.4755718186497688e-02 9.0249860286712646e-01 9.9970829486846924e-01 1.5254170633852482e-02 -1.8727218732237816e-02 9.2973679304122925e-01 3.7340000000000000e+03 9.5417243957519531e+01
-9.9945187568664551e-01 -3.1723316758871078e-02 -9.4669330865144730e-03 1.4391199350357056e+00 -9.9897193908691406e-01 -1.9398709759116173e-02 -4.0972836315631866e-02 1.2920331954956055e+00 1.5540000000000000e+03 2.0689479064941406e+02
9.9966335296630859e-01 -8.2070603966712952e-03 -2.4614544585347176e-02 9.0388154983520508e-01 9.9969226121902466e-01 1.2907766737043858e-02 -2.1185882389545441e-02 9.2942202091217041e-01 3.6780000000000000e+03 9.5561988830566406e+01
-9.9934554100036621e-01 -3.3595036715269089e-02 -1.3411386869847775e-02 1.4507664442062378e+00 -9.9903452396392822e-01 -1.6823498532176018e-02 -4.0583770722150803e-02 1.2972105741500854e+00 1.5740000000000000e+03 2.0515840148925781e+02
9.9976050853729248e-01 -2.3151868954300880e-03 -2.1759131923317909e-02 9.0275192260742188e-01 9.9974507093429565e-01 1.4784522354602814e-02 -1.7064930871129036e-02 9.3404632806777954e-01 3.3220000000000000e+03 1.0016947937011719e+02
-9.9917262792587280e-01 -3.6664873361587524e-02 -1.7596658319234848e-02 1.4614697694778442e+00 -9.9815762042999268e-01 -1.8916165456175804e-02 -5.7650443166494370e-02 1.3257555961608887e+00 1.3490000000000000e+03 2.2464640808105469e+02
-9.9895048141479492e-01 -4.2752552777528763e-02 -1.6435844823718071e-02 1.5058097839355469e+00 -9.9921882152557373e-01 -2.7876364067196846e-02 -2.8010150417685509e-02 1.6154493093490601e+00 1.8700000000000000e+03 2.1208558654785156e+02
9.9936664104461670e-01 -1.2952961027622223e-02 -3.3143762499094009e-02 8.9287698268890381e-01 9.9938744306564331e-01 2.0482743158936501e-02 -2.8379091992974281e-02 9.2316871881484985e-01 3.0160000000000000e+03 1.1594097900390625e+02
-9.9860185384750366e-01 -3.4062370657920837e-02 -4.0421355515718460e-02 1.5723000764846802e+00 -9.9923497438430786e-01 -2.4354243651032448e-02 -3.0600463971495628e-02 1.6124725341796875e+00 1.5870000000000000e+03 2.2150535583496094e+02
9.9959015846252441e-01 -1.4091160148382187e-02 -2.4923508986830711e-02 8.7914890050888062e-01 9.9943041801452637e-01 2.1096903830766678e-02 -2.6336656883358955e-02 9.2456322908401489e-01 1.4360000000000000e+03 1.2406198120117188e+02
-9.9899291992187500e-01 -4.3795112520456314e-02 -9.7532533109188080e-03 1.4667119979858398e+00 -9.9896723031997681e-01 -2.1346641704440117e-02 -4.0109403431415558e-02 1.6249339580535889e+00 1.4370000000000000e+03 2.1865483093261719e+02
9.9973601102828979e-01 -7.7553074806928635e-03 -2.1627038717269897e-02 8.8336759805679321e-01 9.9963235855102539e-01 1.8435465171933174e-02 -1.9882809370756149e-02 9.2719060182571411e-01 2.0350000000000000e+03 1.2360392761230469e+02
-9.9885749816894531e-01 -4.4123228639364243e-02 -1.8353447318077087e-02 1.4991077184677124e+00 -9.9884814023971558e-01 -2.4551499634981155e-02 -4.1225515305995941e-02 1.6411623954772949e+00 2.8380000000000000e+03 2.0232487487792969e+02
9.9963033199310303e-01 -6.8351873196661472e-03 -2.6313588023185730e-02 8.8673168420791626e-01 9.9953591823577881e-01 1.7343344166874886e-02 -2.5043740868568420e-02 9.2772966623306274e-01 3.9110000000000000e+03 1.0778931427001953e+02
9.9972593784332275e-01 -1.6917422180995345e-03 -2.3348560556769371e-02 8.8518750667572021e-01 9.9964022636413574e-01 1.5151958912611008e-02 -2.2130850702524185e-02 9.2842233180999756e-01 5.5840000000000000e+03 8.6491226196289062e+01
-9.9850231409072876e-01 -4.3521720916032791e-02 -3.3147830516099930e-02 1.5378363132476807e+00 -9.9784106016159058e-01 -2.9613565653562546e-02 -5.8619868010282516e-02 1.6841843128204346e+00 2.4990000000000000e+03 2.0061024475097656e+02
9.9967181682586670e-01 -1.4401271473616362e-03 -2.5575911626219749e-02 8.8429319858551025e-01 9.9952834844589233e-01 1.5930822119116783e-02 -2.6256095618009567e-02 9.3051141500473022e-01 5.5480000000000000e+03 8.6729896545410156e+01
-9.9890226125717163e-01 -3.6137025803327560e-02 -2.9802948236465454e-02 1.5263402462005615e+00 -9.9906301498413086e-01 -3.7212979514151812e-03 -4.3118271976709366e-02 1.6629781723022461e+00 2.4350000000000000e+03 1.9864723205566406e+02
9.9958103895187378e-01 -6.1720632947981358e-04 -2.8937209397554398e-02 8.8814181089401245e-01 9.9949407577514648e-01 1.8306208774447441e-02 -2.6011560112237930e-02 9.2945659160614014e-01 5.3750000000000000e+03 8.6460166931152344e+01
-9.9896407127380371e-01 -3.4554354846477509e-02 -2.9612464830279350e-02 1.5303722620010376e+00 -9.9932092428207397e-01 -2.2175841033458710e-02 -2.9426405206322670e-02 1.6073549985885620e+00 2.4500000000000000e+03 2.0108221435546875e+02
9.9958300590515137e-01 -1.4880925882607698e-03 -2.8840016573667526e-02 8.8749629259109497e-01 9.9949252605438232e-01 1.8537055701017380e-02 -2.5908509269356728e-02 9.2992603778839111e-01 5.2170000000000000e+03 8.6440071105957031e+01
-9.9864083528518677e-01 -3.8563266396522522e-02 -3.5063423216342926e-02 1.5462898015975952e+00 -9.9957132339477539e-01 -2.9156588017940521e-02 -2.6319203898310661e-03 1.5143034458160400e+00 1.5970000000000000e+03 2.0360614013671875e+02
9.9960708618164062e-01 -1.9451083790045232e-04 -2.8029564768075943e-02 8.8051372766494751e-01 9.9943947792053223e-01 2.1315738558769226e-02 -2.5811536237597466e-02 9.2875653505325317e-01 5.1680000000000000e+03 8.6898803710937500e+01
-9.9844735860824585e-01 -3.2578840851783752e-02 -4.5181561261415482e-02 1.5790363550186157e+00 -9.9995934963226318e-01 1.0234591318294406e-03 8.9586768299341202e-03 1.4816268682479858e+00 1.6340000000000000e+03 2.0153610229492188e+02
9.9969029426574707e-01 -4.8718662583269179e-04 -2.4880843237042427e-02 8.7814491987228394e-01 9.9950975179672241e-01 1.7841106280684471e-02 -2.5731524452567101e-02 9.2767339944839478e-01 5.2880000000000000e+03 8.6114936828613281e+01
9.9979281425476074e-01 -3.6293242592364550e-03 -2.0031493157148361e-02 8.7987363338470459e-01 9.9971824884414673e-01 1.2000571936368942e-02 -2.0479500293731689e-02 9.2178642749786377e-01 4.4970000000000000e+03 8.6330924987792969e+01
9.9982351064682007e-01 -3.7382587324827909e-03 -1.8407747149467468e-02 8.6991685628890991e-01 9.9959069490432739e-01 1.4537478797137737e-02 -2.4637019261717796e-02 9.2269229888916016e-01 3.5620000000000000e+03 8.7424674987792969e+01
3.3475469797849655e-02 8.7099686264991760e-02 -9.9563694000244141e-01 2.2218742370605469e+00 -2.8906187042593956e-02 8.3035284280776978e-01 -5.5648767948150635e-01 2.3151648044586182e+00 1.2320000000000000e+03 1.4533929443359375e+02
-1.1098175495862961e-01 1.4218872785568237e-01 -9.8359817266464233e-01 2.2567796707153320e+00 -2.8906187042593956e-02 8.3035284280776978e-01 -5.5648767948150635e-01 2.3151648044586182e+00 1.0350000000000000e+03 1.5063961791992188e+02
-4.4348016381263733e-02 9.3741424381732941e-02 -9.9460840225219727e-01 2.2947211265563965e+00 -2.8906187042593956e-02 8.3035284280776978e-01 -5.5648767948150635e-01 2.3151648044586182e+00 3.0740000000000000e+03 1.8772544860839844e+02
9.9993067979812622e-01 -1.0200137039646506e-03 -1.1730830185115337e-02 8.6594462394714355e-01 9.9968206882476807e-01 1.3246128335595131e-02 -2.1450750529766083e-02 9.2639857530593872e-01 2.8380000000000000e+03 8.7668197631835938e+01
3.6013342905789614e-03 2.5026640295982361e-01 -9.6817034482955933e-01 1.6264671087265015e+00 -1.3539493083953857e-02 8.4667742252349854e-01 -5.3193414211273193e-01 1.7441351413726807e+00 6.0410000000000000e+03 1.2836630249023438e+02
9.9984252452850342e-01 -1.1973545886576176e-02 -1.3099119067192078e-02 8.7682837247848511e-01 9.9964809417724609e-01 1.1310693807899952e-02 -2.3995190858840942e-02 9.3531233072280884e-01 1.5420000000000000e+03 8.9961174011230469e+01
-1.1791548691689968e-02 2.3756562173366547e-01 -9.7129988670349121e-01 1.7121037244796753e+00 -1.3539493083953857e-02 8.4667742252349854e-01 -5.3193414211273193e-01 1.7441351413726807e+00 5.9620000000000000e+03 1.6592167663574219e+02
-3.4354913514107466e-03 2.9362705349922180e-01 -9.5591390132904053e-01 1.3934868574142456e+00 -1.6190297901630402e-02 8.8017004728317261e-01 -4.7438210248947144e-01 1.3884129524230957e+00 8.1890000000000000e+03 1.2781987762451172e+02
-7.2420830838382244e-03 2.1019151806831360e-01 -9.7763335704803467e-01 1.3794232606887817e+00 -1.6190297901630402e-02 8.8017004728317261e-01 -4.7438210248947144e-01 1.3884129524230957e+00 5.5530000000000000e+03 1.7472645568847656e+02
-1.8029030412435532e-02 6.4712327718734741e-01 -7.6217216253280640e-01 1.1537288427352905e+00 -2.3142049089074135e-02 9.9791270494461060e-01 -6.0288000851869583e-02 1.2299776077270508e+00 1.8680000000000000e+03 1.3408071899414062e+02
9.9970257282257080e-01 -1.6235522925853729e-02 -1.8201706930994987e-02 8.7706601619720459e-01 9.9953496456146240e-01 2.1886315196752548e-02 -2.1233888342976570e-02 9.2484468221664429e-01 1.3500000000000000e+03 1.1118444824218750e+02
-9.1102765873074532e-03 6.4046937227249146e-01 -7.6792973279953003e-01 1.1491209268569946e+00 -2.0130636170506477e-02 9.9722635746002197e-01 -7.1654796600341797e-02 1.2194761037826538e+00 2.2640000000000000e+03 1.2118507385253906e+02
9.9956989288330078e-01 -3.0783661641180515e-03 -2.9165454208850861e-02 8.9160168170928955e-01 9.9965876340866089e-01 1.7921162769198418e-02 -1.9005889073014259e-02 9.2094582319259644e-01 1.7460000000000000e+03 1.1456243133544922e+02
-4.2056781239807606e-03 4.6775108575820923e-01 -8.8385015726089478e-01 1.1576399803161621e+00 -1.1025178246200085e-02 9.6197652816772461e-01 -2.7290952205657959e-01 1.2538959980010986e+00 5.4420000000000000e+03 1.2039195251464844e+02
9.9978208541870117e-01 -5.0728796049952507e-03 -2.0251663401722908e-02 8.7659996747970581e-01 9.9960112571716309e-01 1.6857160255312920e-02 -2.2657718509435654e-02 9.3213999271392822e-01 2.3110000000000000e+03 1.0974210357666016e+02
9.9969571828842163e-01 -1.7065988853573799e-02 -1.7809163779020309e-02 8.8516038656234741e-01 9.9961960315704346e-01 1.5048289671540260e-02 -2.3113878443837166e-02 9.2979776859283447e-01 2.4120000000000000e+03 1.0489469146728516e+02
-2.2520752623677254e-02 4.8288568854331970e-02 -9.9857950210571289e-01 1.1217108964920044e+00 -5.8332506567239761e-02 7.2406202554702759e-01 -6.8726372718811035e-01 1.1721650362014771e+00 1.0450000000000000e+03 1.3272152709960938e+02
-2.7076810598373413e-02 -6.9162428379058838e-02 -9.9723786115646362e-01 8.6805820465087891e-01 -2.7251239866018295e-02 5.7746839523315430e-01 -8.1595820188522339e-01 9.1966855525970459e-01 1.8420000000000000e+03 1.0934039306640625e+02
-4.6778051182627678e-03 -8.6992293596267700e-02 -9.9619799852371216e-01 1.5165121555328369e+00 -1.3454149477183819e-02 5.9500378370285034e-01 -8.0361020565032959e-01 1.5921829938888550e+00 9.5980000000000000e+03 1.6342164611816406e+02
1.8920918228104711e-03 -8.1129461526870728e-01 -5.8463448286056519e-01 1.1935778856277466e+00 1.3449965976178646e-02 -9.3156553804874420e-02 -9.9556058645248413e-01 1.2225536108016968e+00 4.8080000000000000e+03 1.7403776550292969e+02
9.9977302551269531e-01 -1.2039246037602425e-02 -1.7577806487679482e-02 8.9002251625061035e-01 9.9958926439285278e-01 2.6586001738905907e-02 -1.0694475844502449e-02 9.2149710655212402e-01 1.8100000000000000e+03 1.2085414123535156e+02
9.9967563152313232e-01 -1.2965633533895016e-02 -2.1919816732406616e-02 8.9127552509307861e-01 9.9943315982818604e-01 2.6314370334148407e-02 -2.0999517291784286e-02 9.3720042705535889e-01 1.2830000000000000e+03 1.1402416229248047e+02
9.9903762340545654e-01 -9.8674716427922249e-03 -4.2737882584333420e-02 8.9606815576553345e-01 9.9920016527175903e-01 1.1214317753911018e-02 -3.8382921367883682e-02 9.2059862613677979e-01 2.4520000000000000e+03 7.7785537719726562e+01
9.9941492080688477e-01 -1.2903695460408926e-03 -3.4177362918853760e-02 8.9217627048492432e-01 9.9918919801712036e-01 3.0378311872482300e-02 -2.6422042399644852e-02 9.3003642559051514e-01 2.5690000000000000e+03 9.8082412719726562e+01
9.9937480688095093e-01 -2.1796815097332001e-02 -2.7834596112370491e-02 8.9060127735137939e-01 9.9937295913696289e-01 1.7183858901262283e-02 -3.0958395451307297e-02 9.2913043498992920e-01 1.9110000000000000e+03 1.1233542633056641e+02
-2.1268405544105917e-04 5.4975962638854980e-01 -8.3532279729843140e-01 1.0655806064605713e+00 -7.7258110977709293e-03 9.8273342847824097e-01 -1.8486569821834564e-01 1.1533141136169434e+00 4.2140000000000000e+03 1.2684123992919922e+02
9.9970030784606934e-01 -1.4144511893391609e-02 -1.9982390105724335e-02 8.7796401977539062e-01 9.9946105480194092e-01 1.4503666199743748e-02 -2.9449589550495148e-02 9.2678552865982056e-01 1.8450000000000000e+03 1.1023577117919922e+02
-2.0633498206734657e-03 1.8890728056430817e-01 -9.8199284076690674e-01 9.7866034507751465e-01 -2.0279314368963242e-02 8.9002597332000732e-01 -4.5545864105224609e-01 1.0665122270584106e+00 5.1450000000000000e+03 1.4746212768554688e+02
9.9978309869766235e-01 8.0495030852034688e-04 -2.0809983834624290e-02 8.7507331371307373e-01 9.9962335824966431e-01 1.0916418395936489e-02 -2.5177896022796631e-02 9.3228948116302490e-01 2.3970000000000000e+03 1.1679224395751953e+02
-6.7347656004130840e-03 6.5647768974304199e-01 -7.5431531667709351e-01 3.7586703896522522e-01 -3.9145266637206078e-03 9.9984443187713623e-01 -1.7192779108881950e-02 4.0768870711326599e-01 2.3110000000000000e+03 1.6140267944335938e+02
9.9974936246871948e-01 -1.7056537792086601e-02 -1.4501149766147137e-02 8.7585794925689697e-01 9.9950593709945679e-01 1.6833446919918060e-02 -2.6542739942669868e-02 9.3744689226150513e-01 1.5770000000000000e+03 1.0917374420166016e+02
-1.6649652272462845e-02 5.1276201009750366e-01 -8.5836929082870483e-01 1.1848570108413696e+00 -2.5638593360781670e-02 9.6688675880432129e-01 -2.5391474366188049e-01 1.2980604171752930e+00 1.9010000000000000e+03 1.3771435546875000e+02
-9.3111516907811165e-03 -1.8695741891860962e-01 -9.8232388496398926e-01 1.2661149501800537e+00 -1.2930074706673622e-02 4.9174052476882935e-01 -8.7064582109451294e-01 1.3107267618179321e+00 9.8870000000000000e+03 1.6022636413574219e+02
9.9985611438751221e-01 -1.2933704070746899e-02 -1.0981979779899120e-02 8.7853074073791504e-01 9.9975496530532837e-01 2.0907333120703697e-02 -7.2753108106553555e-03 9.1275751590728760e-01 1.5340000000000000e+03 1.1650674438476562e+02
9.9971401691436768e-01 -9.7079174593091011e-03 -2.1855833008885384e-02 8.8519209623336792e-01 9.9935519695281982e-01 2.8417058289051056e-02 -2.1945651620626450e-02 9.3868637084960938e-01 1.4090000000000000e+03 1.2138253784179688e+02
9.9924069643020630e-01 -7.4404813349246979e-03 -3.8242399692535400e-02 8.9705163240432739e-01 9.9923646450042725e-01 2.2524645552039146e-02 -3.1923290342092514e-02 9.2431479692459106e-01 2.8400000000000000e+03 7.6892250061035156e+01
-1.0429389774799347e-01 -6.0641258955001831e-01 -7.8828078508377075e-01 2.2663850784301758e+00 -2.9868751764297485e-02 2.8395906090736389e-02 -9.9915039539337158e-01 2.2394566535949707e+00 3.0550000000000000e+03 1.9490376281738281e+02
9.9968105554580688e-01 -3.9149303920567036e-03 -2.4949764832854271e-02 8.8013654947280884e-01 9.9959212541580200e-01 1.9002219662070274e-02 -2.1320847794413567e-02 9.2150557041168213e-01 1.2620000000000000e+03 1.2882963562011719e+02
9.9966353178024292e-01 2.3092990741133690e-03 -2.5836262851953506e-02 8.8822400569915771e-01 9.9963104724884033e-01 1.8342280760407448e-02 -2.0032970234751701e-02 9.2686712741851807e-01 2.9670000000000000e+03 1.0418975067138672e+02
9.9957942962646484e-01 3.6162778269499540e-03 -2.8772858902812004e-02 8.8587880134582520e-01 9.9946695566177368e-01 2.3493804037570953e-02 -2.2668110206723213e-02 9.2983734607696533e-01 4.2350000000000000e+03 8.5992210388183594e+01
9.9930077791213989e-01 2.0802784711122513e-03 -3.7332192063331604e-02 8.8480329513549805e-01 9.9905484914779663e-01 3.1167089939117432e-02 -3.0298978090286255e-02 9.3169564008712769e-01 4.3430000000000000e+03 8.5477546691894531e+01
-9.9753671884536743e-01 -6.9461561739444733e-02 -9.7812395542860031e-03 1.5384541749954224e+00 -9.9834215641021729e-01 -4.2610518634319305e-02 -3.8694482296705246e-02 1.6433105468750000e+00 1.4690000000000000e+03 2.0929408264160156e+02
9.9968606233596802e-01 -5.7969219051301479e-03 -2.4376280605792999e-02 8.8199371099472046e-01 9.9933183193206787e-01 2.2506788372993469e-02 -2.8801444917917252e-02 9.3374586105346680e-01 4.1030000000000000e+03 9.8439193725585938e+01
-9.9912726879119873e-01 -3.9207510650157928e-02 -1.4404932968318462e-02 1.5187133550643921e+00 -9.9872243404388428e-01 -3.3735107630491257e-02 -3.7623126059770584e-02 1.6264655590057373e+00 2.2600000000000000e+03 2.0411637878417969e+02
-9.9829608201980591e-01 -5.3713444620370865e-02 -2.2797450423240662e-02 1.5448623895645142e+00 -9.9903059005737305e-01 -2.5775689631700516e-02 -3.5685431212186813e-02 1.6386392116546631e+00 2.3340000000000000e+03 2.1078192138671875e+02
9.9964362382888794e-01 -1.3979905284941196e-02 -2.2742666304111481e-02 8.7968838214874268e-01 9.9955976009368896e-01 1.3615386560559273e-02 -2.6360221207141876e-02 9.2179048061370850e-01 3.5700000000000000e+03 1.0960056304931641e+02
9.9973911046981812e-01 -2.5668153539299965e-03 -2.2696422412991524e-02 8.8317120075225830e-01 9.9965208768844604e-01 1.5477761626243591e-02 -2.1356586366891861e-02 9.2808037996292114e-01 4.2480000000000000e+03 1.0044138336181641e+02
-9.9788725376129150e-01 -5.9662032872438431e-02 -2.5718623772263527e-02 1.5457378625869751e+00 -9.9860399961471558e-01 -4.0349580347537994e-02 -3.4087967127561569e-02 1.6015971899032593e+00 2.5980000000000000e+03 2.0767205810546875e+02
9.9966412782669067e-01 -3.8462057709693909e-03 -2.5631433352828026e-02 8.8642990589141846e-01 9.9956470727920532e-01 1.5356613323092461e-02 -2.5191083550453186e-02 9.3201589584350586e-01 4.3760000000000000e+03 9.7064674377441406e+01
-9.9888831377029419e-01 -4.4953089207410812e-02 -1.4191534370183945e-02 1.5138573646545410e+00 -9.9883192777633667e-01 -3.1662333756685257e-02 -3.6500941962003708e-02 1.6289092302322388e+00 1.9050000000000000e+03 2.1012283325195312e+02
9.9950039386749268e-01 1.1533421929925680e-03 -3.1587064266204834e-02 8.8837015628814697e-01 9.9950361251831055e-01 1.9385963678359985e-02 -2.4834344163537025e-02 9.2731356620788574e-01 5.5610000000000000e+03 9.1138641357421875e+01
-9.9857473373413086e-01 -5.3326696157455444e-02 2.1835553925484419e-03 1.4545246362686157e+00 -9.9875015020370483e-01 -3.4694422036409378e-02 -3.5976070910692215e-02 1.6266154050827026e+00 2.5780000000000000e+03 2.0795655822753906e+02
9.9950259923934937e-01 -3.1547178514301777e-03 -3.1377814710140228e-02 8.8947761058807373e-01 9.9949485063552856e-01 1.7820764333009720e-02 -2.6315417140722275e-02 9.2531305551528931e-01 5.7790000000000000e+03 8.8916252136230469e+01
-9.9896866083145142e-01 -3.8808438926935196e-02 -2.3567719385027885e-02 1.5424650907516479e+00 -9.9888527393341064e-01 -3.4146402031183243e-02 -3.2594945281744003e-02 1.6229190826416016e+00 2.8460000000000000e+03 1.9414152526855469e+02
9.9957460165023804e-01 -4.7014464507810771e-04 -2.9163222759962082e-02 8.8931399583816528e-01 9.9952697753906250e-01 1.7967497929930687e-02 -2.4958930909633636e-02 9.2948526144027710e-01 5.6030000000000000e+03 8.8349632263183594e+01
-9.9871623516082764e-01 -4.1646704077720642e-02 -2.8835864737629890e-02 1.5521495342254639e+00 -9.9881249666213989e-01 -2.6428105309605598e-02 -4.0930494666099548e-02 1.6384398937225342e+00 3.2690000000000000e+03 1.9801104736328125e+02
9.9957126379013062e-01 3.6665078368969262e-04 -2.9278300702571869e-02 8.8692247867584229e-01 9.9953180551528931e-01 1.6978897154331207e-02 -2.5454452261328697e-02 9.2744821310043335e-01 5.5140000000000000e+03 8.9216720581054688e+01
-9.9894779920578003e-01 -3.6436285823583603e-02 -2.7849340811371803e-02 1.5501657724380493e+00 -9.9867320060729980e-01 -2.5994241237640381e-02 -4.4452819973230362e-02 1.6537988185882568e+00 2.3700000000000000e+03 1.9897131347656250e+02
9.9960011243820190e-01 -5.5018090642988682e-04 -2.8271995484828949e-02 8.8670265674591064e-01 9.9953013658523560e-01 1.6983438283205032e-02 -2.5515329092741013e-02 9.2629218101501465e-01 5.3190000000000000e+03 8.6199256896972656e+01
-9.9899989366531372e-01 -4.0588706731796265e-02 -1.8756035715341568e-02 1.5164712667465210e+00 -9.9943518638610840e-01 -2.1830458194017410e-02 -2.5548933073878288e-02 1.5964214801788330e+00 1.9160000000000000e+03 2.0121098327636719e+02
9.9949783086776733e-01 2.0331833511590958e-03 -3.1620100140571594e-02 8.8786822557449341e-01 9.9952346086502075e-01 2.0642558112740517e-02 -2.2948289290070534e-02 9.1964828968048096e-01 4.5260000000000000e+03 8.5281501770019531e+01
-9.9857509136199951e-01 -4.9519710242748260e-02 -1.9890591502189636e-02 1.5250122547149658e+00 -9.9931567907333374e-01 -1.8899913877248764e-02 -3.1795583665370941e-02 1.6206624507904053e+00 2.2830000000000000e+03 2.0360008239746094e+02
9.9957382678985596e-01 2.1687014959752560e-03 -2.9110280796885490e-02 8.8591974973678589e-01 9.9958240985870361e-01 1.9386246800422668e-02 -2.1426370367407799e-02 9.2269921302795410e-01 4.6920000000000000e+03 8.5673782348632812e+01
-9.9798977375030518e-01 -5.6049477308988571e-02 -2.9576346278190613e-02 1.5373107194900513e+00 -9.9837774038314819e-01 -2.8461275622248650e-02 -4.9313988536596298e-02 1.6676919460296631e+00 2.2560000000000000e+03 2.0141711425781250e+02
9.9951052665710449e-01 3.9056718815118074e-03 -3.1039949506521225e-02 8.8717484474182129e-01 9.9951487779617310e-01 2.0516173914074898e-02 -2.3432403802871704e-02 9.2482316493988037e-01 3.2020000000000000e+03 9.1770179748535156e+01
-9.9940019845962524e-01 -3.4212283790111542e-02 -5.3620063699781895e-03 1.4773631095886230e+00 -9.9872887134552002e-01 -3.6756426095962524e-02 -3.4491162747144699e-02 1.6116319894790649e+00 1.7870000000000000e+03 2.0535646057128906e+02
9.9972218275070190e-01 -6.1373454518616199e-03 -2.2757340222597122e-02 8.7562596797943115e-01 9.9951779842376709e-01 1.9333135336637497e-02 -2.4298308417201042e-02 9.2673903703689575e-01 2.5240000000000000e+03 1.0915808105468750e+02
9.9953478574752808e-01 -4.8654335550963879e-03 -3.0111782252788544e-02 8.8494014739990234e-01 9.9960839748382568e-01 1.4282138086855412e-02 -2.4061983451247215e-02 9.1473978757858276e-01 3.3450000000000000e+03 9.5375488281250000e+01
-4.5732295257039368e-04 6.5216803550720215e-01 -7.5807434320449829e-01 1.0863043069839478e+00 -2.6783255860209465e-02 9.9953496456146240e-01 -1.4583009295165539e-02 1.1293936967849731e+00 2.1070000000000000e+03 1.2808732604980469e+02
9.9973553419113159e-01 7.5715738348662853e-03 -2.1714175119996071e-02 8.7525629997253418e-01 9.9961817264556885e-01 1.8351607024669647e-02 -2.0655522122979164e-02 9.2635750770568848e-01 2.3030000000000000e+03 1.0797047424316406e+02
7.9977011773735285e-04 1.5460030734539032e-01 -9.8797667026519775e-01 1.0014512538909912e+00 -2.0652925595641136e-02 8.0524688959121704e-01 -5.9258002042770386e-01 1.0664445161819458e+00 5.7380000000000000e+03 1.7767584228515625e+02
9.9977570772171021e-01 -7.0772529579699039e-03 -1.9959928467869759e-02 8.7302702665328979e-01 9.9944859743118286e-01 3.1300805509090424e-02 -1.1078378185629845e-02 9.0658265352249146e-01 1.4600000000000000e+03 1.2327067565917969e+02
9.9960255622863770e-01 -1.5439625829458237e-02 -2.3586442694067955e-02 8.7791281938552856e-01 9.9945789575576782e-01 2.0138544961810112e-02 -2.6042070239782333e-02 9.2172157764434814e-01 1.4910000000000000e+03 1.2469013977050781e+02
9.9947357177734375e-01 -3.9535909891128540e-03 -3.2202750444412231e-02 8.9241814613342285e-01 9.9917602539062500e-01 2.1502636373043060e-02 -3.4423012286424637e-02 9.3523848056793213e-01 2.5330000000000000e+03 8.7103866577148438e+01
9.9920290708541870e-01 -9.8977452144026756e-03 -3.8674011826515198e-02 9.0656775236129761e-01 9.9935501813888550e-01 1.0907389223575592e-02 -3.4212343394756317e-02 9.3701642751693726e-01 1.8890000000000000e+03 9.6518569946289062e+01
-1.0425458848476410e-01 -7.6595050096511841e-01 -6.3439011573791504e-01 2.0347881317138672e+00 -1.2785761617124081e-02 -1.3757848739624023e-01 -9.9040842056274414e-01 1.9874720573425293e+00 3.9840000000000000e+03 2.0110316467285156e+02
9.9958491325378418e-01 -2.7331779710948467e-03 -2.8681419789791107e-02 8.9799487590789795e-01 9.9957317113876343e-01 2.9020300135016441e-03 -2.9071167111396790e-02 9.3701505661010742e-01 2.1500000000000000e+03 9.0653953552246094e+01
9.9979722499847412e-01 -9.3241948634386063e-03 -1.7846245318651199e-02 8.7772351503372192e-01 9.9941599369049072e-01 1.7256479710340500e-02 -2.9494961723685265e-02 9.3686330318450928e-01 2.3960000000000000e+03 9.7709518432617188e+01
9.9964314699172974e-01 -1.9135886803269386e-02 -1.8640346825122833e-02 8.6964231729507446e-01 9.9922686815261841e-01 2.6882575824856758e-02 -2.8686609119176865e-02 9.2314910888671875e-01 1.2050000000000000e+03 1.1165061950683594e+02
9.9955469369888306e-01 -1.1496954597532749e-02 -2.7537357062101364e-02 9.0012764930725098e-01 9.9950414896011353e-01 2.7925383299589157e-02 -1.4546731486916542e-02 9.1487270593643188e-01 1.5620000000000000e+03 1.2904930114746094e+02
9.9963450431823730e-01 -1.9533228129148483e-02 -1.8692849203944206e-02 8.9718401432037354e-01 9.9958646297454834e-01 1.9633686169981956e-02 -2.1011587232351303e-02 9.3524491786956787e-01 1.4190000000000000e+03 1.2349330139160156e+02
9.9893200397491455e-01 -1.7901474609971046e-02 -4.2596176266670227e-02 8.8811743259429932e-01 9.9861800670623779e-01 3.0345283448696136e-02 -4.2910695075988770e-02 9.2828357219696045e-01 1.7650000000000000e+03 1.0712634277343750e+02
9.9971157312393188e-01 -1.7132560024037957e-03 -2.3956350982189178e-02 8.8649648427963257e-01 9.9957144260406494e-01 2.2248934954404831e-02 -1.9022217020392418e-02 9.3029785156250000e-01 3.3970000000000000e+03 9.5301445007324219e+01
-1.3810656964778900e-02 1.5606468915939331e-01 -9.8765027523040771e-01 1.7170144319534302e+00 -1.5758426859974861e-02 8.6247920989990234e-01 -5.0584691762924194e-01 1.8111402988433838e+00 3.9250000000000000e+03 1.2901382446289062e+02
9.9942874908447266e-01 -5.5778195383027196e-04 -3.3791966736316681e-02 8.9380568265914917e-01 9.9927395582199097e-01 2.4233089759945869e-02 -2.9397409409284592e-02 9.3052381277084351e-01 2.3040000000000000e+03 8.9238403320312500e+01
-9.9882060289382935e-01 -4.7412026673555374e-02 -1.0461074300110340e-02 1.4808554649353027e+00 -9.9879795312881470e-01 -2.7081836014986038e-02 -4.0858972817659378e-02 1.6280663013458252e+00 1.5080000000000000e+03 2.1949270629882812e+02
9.9975287914276123e-01 -1.2388058006763458e-02 -1.8460651859641075e-02 8.7898975610733032e-01 9.9960219860076904e-01 1.8703065812587738e-02 -2.1111445501446724e-02 9.2612707614898682e-01 1.4980000000000000e+03 1.2702336120605469e+02
-9.9809646606445312e-01 -4.8822645097970963e-02 -3.7680208683013916e-02 1.5468791723251343e+00 -9.9884903430938721e-01 -1.9498700276017189e-02 -4.3822191655635834e-02 1.6457357406616211e+00 2.9760000000000000e+03 2.0020437622070312e+02
9.9973011016845703e-01 -4.9398350529372692e-03 -2.2702813148498535e-02 8.8541197776794434e-01 9.9963814020156860e-01 1.4055675826966763e-02 -2.2934818640351295e-02 9.2776781320571899e-01 5.2000000000000000e+03 9.2828849792480469e+01
9.9970620870590210e-01 -4.1139533277601004e-04 -2.4234725162386894e-02 8.8278657197952271e-01 9.9954783916473389e-01 1.6922086477279663e-02 -2.4855855852365494e-02 9.3101233243942261e-01 5.6700000000000000e+03 8.6290718078613281e+01
-9.9928402900695801e-01 -2.8265202417969704e-02 -2.5152685120701790e-02 1.5159406661987305e+00 -9.9960428476333618e-01 -1.2752898037433624e-02 -2.5073060765862465e-02 1.5868105888366699e+00 2.0730000000000000e+03 2.0614471435546875e+02
9.9969142675399780e-01 5.3533760365098715e-05 -2.4839563295245171e-02 8.8378894329071045e-01 9.9954414367675781e-01 1.7998673021793365e-02 -2.4235388264060020e-02 9.2914503812789917e-01 5.4400000000000000e+03 8.5902969360351562e+01
-9.9923747777938843e-01 -3.3017247915267944e-02 -2.0839923992753029e-02 1.5055189132690430e+00 -9.9962049722671509e-01 -9.7070364281535149e-03 -2.5779128074645996e-02 1.5970435142517090e+00 2.3280000000000000e+03 1.9930148315429688e+02
9.9957185983657837e-01 -1.7665389459580183e-03 -2.9206193983554840e-02 8.9023005962371826e-01 9.9952346086502075e-01 1.8005648627877235e-02 -2.5075821205973625e-02 9.2864781618118286e-01 5.4270000000000000e+03 8.5540145874023438e+01
-9.9932169914245605e-01 -2.8840454295277596e-02 -2.2900609299540520e-02 1.5163240432739258e+00 -9.9933409690856934e-01 -1.7207726836204529e-02 -3.2175529748201370e-02 1.6158239841461182e+00 1.8950000000000000e+03 1.9753967285156250e+02
9.9952298402786255e-01 -2.1278175991028547e-03 -3.0809536576271057e-02 8.8738352060317993e-01 9.9935847520828247e-01 2.1824399009346962e-02 -2.8396768495440483e-02 9.2970049381256104e-01 5.2050000000000000e+03 8.5275215148925781e+01
-9.9873125553131104e-01 -4.0765874087810516e-02 -2.9564600437879562e-02 1.5416327714920044e+00 -9.9848008155822754e-01 -1.2843008153140545e-02 -5.3596589714288712e-02 1.6713292598724365e+00 1.4280000000000000e+03 2.1979202270507812e+02
