9.9939310550689697e-01 -9.0843369252979755e-04 -3.4822668880224228e-02 8.9807701110839844e-01 9.9966347217559814e-01 -2.3303044959902763e-02 1.1392089538276196e-02 8.8263690471649170e-01 1.3260000000000000e+03 9.2855201721191406e+01
9.9959599971771240e-01 -2.6590649504214525e-03 -2.8300659731030464e-02 8.9055919647216797e-01 9.9999958276748657e-01 7.4550270801410079e-04 4.9034354742616415e-04 8.9942902326583862e-01 1.6250000000000000e+03 8.4660385131835938e+01
-9.9928629398345947e-01 -3.7123505026102066e-02 -6.9736503064632416e-03 1.4679746627807617e+00 -9.9996173381805420e-01 8.3818575367331505e-03 -2.5194853078573942e-03 1.4994347095489502e+00 1.4270000000000000e+03 2.0226956176757812e+02
9.9955797195434570e-01 6.8462023045867682e-04 -2.9721919447183609e-02 8.8818031549453735e-01 9.9999970197677612e-01 -7.6381937833502889e-04 1.4364004891831428e-04 9.0470910072326660e-01 3.4280000000000000e+03 7.9069396972656250e+01
-9.9916946887969971e-01 -4.0615830570459366e-02 3.2787986565381289e-03 1.4434226751327515e+00 -9.9999517202377319e-01 -2.8087254031561315e-04 -3.0843650456517935e-03 1.4886199235916138e+00 1.4120000000000000e+03 1.9194863891601562e+02
9.9959063529968262e-01 -8.3025395870208740e-03 -2.7377413585782051e-02 8.7869888544082642e-01 9.9996286630630493e-01 7.6115550473332405e-03 4.0631154552102089e-03 8.8925909996032715e-01 1.4660000000000000e+03 1.1713204193115234e+02
9.9981087446212769e-01 -4.2156898416578770e-03 -1.8987057730555534e-02 8.6981141567230225e-01 9.9999183416366577e-01 -9.1926631284877658e-04 -3.9368551224470139e-03 9.0058475732803345e-01 1.9750000000000000e+03 1.1157518768310547e+02
9.9961835145950317e-01 2.2775806428398937e-04 -2.7624037116765976e-02 8.7836718559265137e-01 9.9996024370193481e-01 -3.8014596793800592e-03 -8.0676516517996788e-03 8.9503657817840576e-01 2.1310000000000000e+03 1.0868090057373047e+02
9.9978792667388916e-01 1.1507455259561539e-02 -1.7076602205634117e-02 8.7280321121215820e-01 9.9998807907104492e-01 -4.7225770540535450e-03 1.2059970758855343e-03 8.8775724172592163e-01 2.3810000000000000e+03 6.9266387939453125e+01
9.9989503622055054e-01 1.2907514348626137e-02 -6.5708574838936329e-03 7.0734274387359619e-01 9.9965691566467285e-01 -1.9649788737297058e-02 1.7321931198239326e-02 8.7949568033218384e-01 1.0730000000000000e+03 1.2426937866210938e+02
9.9972414970397949e-01 -7.5402101501822472e-03 -2.2246250882744789e-02 8.8383626937866211e-01 9.9988907575607300e-01 -6.5551442094147205e-03 -1.3366528786718845e-02 9.1142344474792480e-01 2.1360000000000000e+03 8.4779205322265625e+01
9.9971044063568115e-01 -4.3989494442939758e-03 -2.3654691874980927e-02 8.8244867324829102e-01 9.9998259544372559e-01 1.7928019224200398e-04 -5.8950656093657017e-03 8.9924871921539307e-01 1.6960000000000000e+03 8.6461059570312500e+01
9.9964708089828491e-01 -6.0488330200314522e-03 -2.5865785777568817e-02 3.5699337720870972e-01 9.9995881319046021e-01 7.5173922814428806e-03 -5.0846119411289692e-03 3.6004793643951416e-01 1.2050000000000000e+03 9.4476058959960938e+01
9.9974393844604492e-01 -1.8352421000599861e-02 -1.3237540610134602e-02 8.9004647731781006e-01 9.9997591972351074e-01 -1.8842327408492565e-03 -6.6865412518382072e-03 8.9944952726364136e-01 1.7030000000000000e+03 1.2230181884765625e+02
9.9962645769119263e-01 -4.1454229503870010e-03 -2.7016483247280121e-02 8.9968150854110718e-01 9.9984914064407349e-01 1.0636647231876850e-02 -1.3728802092373371e-02 9.2219090461730957e-01 1.8480000000000000e+03 8.4080764770507812e+01
9.9974119663238525e-01 -2.7665204834192991e-03 -2.2580064833164215e-02 8.8507366180419922e-01 9.9909096956253052e-01 -1.7966574057936668e-02 -3.8657255470752716e-02 7.8447467088699341e-01 1.0890000000000000e+03 8.9437095642089844e+01
4.0790913626551628e-03 -3.2800906896591187e-01 -9.4466578960418701e-01 6.1112087965011597e-01 -1.9635085016489029e-02 9.3331694602966309e-01 -3.5851636528968811e-01 6.5510392189025879e-01 9.0870000000000000e+03 1.2393132781982422e+02
9.9957847595214844e-01 -3.9288639090955257e-03 -2.8767619282007217e-02 8.8901954889297485e-01 9.9989491701126099e-01 7.2389617562294006e-03 -1.2553732842206955e-02 9.1608226299285889e-01 2.5850000000000000e+03 8.6376762390136719e+01
9.9934542179107666e-01 -4.6984017826616764e-03 -3.5869546234607697e-02 9.0699398517608643e-01 9.9997913837432861e-01 3.8001572829671204e-04 -6.4482386223971844e-03 8.9477401971817017e-01 1.0310000000000000e+03 9.5776916503906250e+01
-5.0107333809137344e-02 -7.4782484769821167e-01 -6.6200244426727295e-01 1.4006386995315552e+00 -5.1072537899017334e-02 6.1740165948867798e-01 -7.8498852252960205e-01 1.5223083496093750e+00 3.6220000000000000e+03 1.9305355834960938e+02
-4.5910950750112534e-02 -8.2243376970291138e-01 -5.6700515747070312e-01 1.3204627037048340e+00 -4.3082829564809799e-02 5.3895246982574463e-01 -8.4123373031616211e-01 1.4551107883453369e+00 2.5420000000000000e+03 1.9184619140625000e+02
-5.2466247230768204e-02 -9.1124469041824341e-01 -4.0850993990898132e-01 1.3130695819854736e+00 -4.3354388326406479e-02 3.4993225336074829e-01 -9.3577116727828979e-01 1.3605369329452515e+00 1.3580000000000000e+03 2.1671649169921875e+02
-5.2466247230768204e-02 -9.1124469041824341e-01 -4.0850993990898132e-01 1.3130695819854736e+00 -5.1947001367807388e-02 3.5618337988853455e-01 -9.3297100067138672e-01 1.4614385366439819e+00 1.3580000000000000e+03 2.1671649169921875e+02
9.9945318698883057e-01 -1.2202225625514984e-02 -3.0732320621609688e-02 9.0129798650741577e-01 9.9993973970413208e-01 -9.6034314483404160e-03 -5.3166137076914310e-03 8.8912755250930786e-01 1.8780000000000000e+03 1.0217495727539062e+02
9.9878156185150146e-01 -2.1999953314661980e-02 -4.4175170361995697e-02 8.9069068431854248e-01 9.9990731477737427e-01 9.9501674994826317e-03 -9.2902798205614090e-03 8.9348554611206055e-01 3.1230000000000000e+03 1.0160198211669922e+02
9.9971055984497070e-01 1.6150403767824173e-02 -1.7828283831477165e-02 8.7539821863174438e-01 9.9995881319046021e-01 -8.9285131543874741e-03 1.6483939252793789e-03 9.0165692567825317e-01 2.2340000000000000e+03 8.1262100219726562e+01
9.9961459636688232e-01 -1.2752993963658810e-02 -2.4658678099513054e-02 8.8550055027008057e-01 9.9997490644454956e-01 -6.9762915372848511e-03 -1.3012946583330631e-03 8.8603526353836060e-01 2.0910000000000000e+03 1.1853276062011719e+02
-9.9842834472656250e-01 -4.7985956072807312e-02 -2.8952926397323608e-02 1.4761910438537598e+00 -9.9992072582244873e-01 -1.3870082329958677e-03 1.2519878335297108e-02 1.5012503862380981e+00 1.0920000000000000e+03 2.2992491149902344e+02
7.2715262649580836e-04 -5.9796059131622314e-01 -8.0152517557144165e-01 4.3121305108070374e-01 -1.2254282832145691e-02 7.4136799573898315e-01 -6.7098677158355713e-01 3.9582502841949463e-01 3.4300000000000000e+03 1.5420848083496094e+02
9.9934512376785278e-01 -1.4517907984554768e-02 -3.3141281455755234e-02 8.9835977554321289e-01 9.9999123811721802e-01 4.1327886283397675e-03 5.7203805772587657e-04 9.0399801731109619e-01 2.2950000000000000e+03 1.1155986785888672e+02
9.9936664104461670e-01 -1.2952961027622223e-02 -3.3143762499094009e-02 8.9287698268890381e-01 9.9995148181915283e-01 6.1564780771732330e-03 -7.6894727535545826e-03 8.9312690496444702e-01 3.0160000000000000e+03 1.1594097900390625e+02
-9.9899291992187500e-01 -4.3795112520456314e-02 -9.7532533109188080e-03 1.4667119979858398e+00 -9.9998110532760620e-01 2.6611881330609322e-03 5.5478480644524097e-03 1.5107548236846924e+00 1.4370000000000000e+03 2.1865483093261719e+02
-9.9885749816894531e-01 -4.4123228639364243e-02 -1.8353447318077087e-02 1.4991077184677124e+00 -9.9986869096755981e-01 2.0216354168951511e-03 1.6073996201157570e-02 1.4880082607269287e+00 2.1280000000000000e+03 2.0232487487792969e+02
9.9963033199310303e-01 -6.8351873196661472e-03 -2.6313588023185730e-02 8.8673168420791626e-01 9.9998521804809570e-01 -3.2827989198267460e-03 -4.3523567728698254e-03 8.9025443792343140e-01 3.7160000000000000e+03 1.0778931427001953e+02
9.9972593784332275e-01 -1.6917422180995345e-03 -2.3348560556769371e-02 8.8518750667572021e-01 9.9993479251861572e-01 -1.1362959630787373e-02 -1.1053113266825676e-03 8.8376051187515259e-01 4.9330000000000000e+03 8.5342994689941406e+01
-9.9850231409072876e-01 -4.3521720916032791e-02 -3.3147830516099930e-02 1.5378363132476807e+00 -9.9906057119369507e-01 1.4669409953057766e-02 4.0776632726192474e-02 1.4116941690444946e+00 1.2180000000000000e+03 2.1462480163574219e+02
9.9967181682586670e-01 -1.4401271473616362e-03 -2.5575911626219749e-02 8.8429319858551025e-01 9.9995595216751099e-01 -8.5741346701979637e-03 -3.8226761389523745e-03 8.8717669248580933e-01 4.7190000000000000e+03 8.5017303466796875e+01
9.9958103895187378e-01 -6.1720632947981358e-04 -2.8937209397554398e-02 8.8814181089401245e-01 9.9996578693389893e-01 -7.8249191865324974e-03 -2.6807079557329416e-03 8.8798052072525024e-01 4.0190000000000000e+03 8.5097671508789062e+01
9.9958300590515137e-01 -1.4880925882607698e-03 -2.8840016573667526e-02 8.8749629259109497e-01 9.9998867511749268e-01 -4.7540538944303989e-03 -3.6266614915803075e-04 8.8547563552856445e-01 3.9020000000000000e+03 8.5889396667480469e+01
9.9960708618164062e-01 -1.9451083790045232e-04 -2.8029564768075943e-02 8.8051372766494751e-01 9.9998509883880615e-01 -5.4179960861802101e-03 -6.4781086985021830e-04 8.8836854696273804e-01 4.0710000000000000e+03 8.6898803710937500e+01
9.9969029426574707e-01 -4.8718662583269179e-04 -2.4880843237042427e-02 8.7814491987228394e-01 9.9999296665191650e-01 -3.7175531033426523e-03 5.2869395585730672e-04 8.8214558362960815e-01 4.0620000000000000e+03 8.2939292907714844e+01
9.9979281425476074e-01 -3.6293242592364550e-03 -2.0031493157148361e-02 8.7987363338470459e-01 9.9996614456176758e-01 -8.0406479537487030e-03 1.7771072452887893e-03 8.7514942884445190e-01 4.4170000000000000e+03 7.9093399047851562e+01
9.9982351064682007e-01 -3.7382587324827909e-03 -1.8407747149467468e-02 8.6991685628890991e-01 9.9998331069946289e-01 -5.1761516369879246e-03 -2.5846385397017002e-03 8.8231825828552246e-01 3.2370000000000000e+03 7.9125770568847656e+01
9.9993067979812622e-01 -1.0200137039646506e-03 -1.1730830185115337e-02 8.6594462394714355e-01 9.9999433755874634e-01 7.8274519182741642e-04 3.2702137250453234e-03 8.7787759304046631e-01 1.5320000000000000e+03 8.0177940368652344e+01
9.9984252452850342e-01 -1.1973545886576176e-02 -1.3099119067192078e-02 8.7682837247848511e-01 9.9995261430740356e-01 -1.2362721608951688e-03 9.6633676439523697e-03 8.6755180358886719e-01 1.5420000000000000e+03 8.5066795349121094e+01
9.9970257282257080e-01 -1.6235522925853729e-02 -1.8201706930994987e-02 8.7706601619720459e-01 9.9995595216751099e-01 -8.9960955083370209e-03 2.7120823506265879e-03 8.8210070133209229e-01 1.3500000000000000e+03 1.1118444824218750e+02
9.9956989288330078e-01 -3.0783661641180515e-03 -2.9165454208850861e-02 8.9160168170928955e-01 9.9984616041183472e-01 -1.7392320558428764e-02 -2.2860430181026459e-03 8.8963031768798828e-01 1.5260000000000000e+03 1.1456243133544922e+02
4.7924481332302094e-03 -1.2718322873115540e-01 -9.9186760187149048e-01 8.6109167337417603e-01 4.7796428203582764e-02 9.9286425113677979e-01 -1.0925216227769852e-01 9.2802494764328003e-01 1.1730000000000000e+03 1.2605936431884766e+02
4.7924481332302094e-03 -1.2718322873115540e-01 -9.9186760187149048e-01 8.6109167337417603e-01 -4.5968476682901382e-02 9.9198257923126221e-01 -1.1771786212921143e-01 9.3339169025421143e-01 2.9160000000000000e+03 1.3777331542968750e+02
9.9969571828842163e-01 -1.7065988853573799e-02 -1.7809163779020309e-02 8.8516038656234741e-01 9.9998730421066284e-01 1.6395752318203449e-03 4.7673848457634449e-03 8.7842875719070435e-01 1.5000000000000000e+03 1.0489469146728516e+02
9.9973446130752563e-01 1.4901278773322701e-03 -2.2995773702859879e-02 8.8752996921539307e-01 9.9995118379592896e-01 -9.1271530836820602e-03 3.7591636646538973e-03 8.8940036296844482e-01 1.2910000000000000e+03 7.1418281555175781e+01
9.9903762340545654e-01 -9.8674716427922249e-03 -4.2737882584333420e-02 8.9606815576553345e-01 9.9983090162277222e-01 1.0295296087861061e-02 -1.5238032676279545e-02 9.0573370456695557e-01 4.9520000000000000e+03 8.4390785217285156e+01
9.9978309869766235e-01 8.0495030852034688e-04 -2.0809983834624290e-02 8.7507331371307373e-01 9.9993515014648438e-01 7.0167747326195240e-03 8.9748548343777657e-03 8.7864828109741211e-01 1.7920000000000000e+03 9.6976348876953125e+01
3.8729142397642136e-03 -2.1746398508548737e-01 -9.7606062889099121e-01 8.5121250152587891e-01 -3.7620946764945984e-02 9.4720727205276489e-01 -3.1840711832046509e-01 9.1082674264907837e-01 5.5960000000000000e+03 1.4645997619628906e+02
9.9974936246871948e-01 -1.7056537792086601e-02 -1.4501149766147137e-02 8.7585794925689697e-01 9.9994963407516479e-01 4.7963140532374382e-03 8.8142259046435356e-03 8.8049936294555664e-01 1.3650000000000000e+03 1.0917374420166016e+02
-9.3111516907811165e-03 -1.8695741891860962e-01 -9.8232388496398926e-01 1.2661149501800537e+00 -8.1503599882125854e-02 9.7306948900222778e-01 -2.1562209725379944e-01 1.3964723348617554e+00 1.3400000000000000e+03 1.6022636413574219e+02
9.9924069643020630e-01 -7.4404813349246979e-03 -3.8242399692535400e-02 8.9705163240432739e-01 9.9993401765823364e-01 -4.0390617214143276e-03 -1.0754385031759739e-02 9.0674591064453125e-01 3.4990000000000000e+03 8.3638595581054688e+01
9.9964362382888794e-01 -1.3979905284941196e-02 -2.2742666304111481e-02 8.7968838214874268e-01 9.9984830617904663e-01 1.6821039840579033e-02 4.5237569138407707e-03 8.8089054822921753e-01 1.5470000000000000e+03 1.0960056304931641e+02
9.9973911046981812e-01 -2.5668153539299965e-03 -2.2696422412991524e-02 8.8317120075225830e-01 9.9999004602432251e-01 -2.8961261268705130e-03 3.4019118174910545e-03 8.8237220048904419e-01 3.0130000000000000e+03 1.0044138336181641e+02
9.9966412782669067e-01 -3.8462057709693909e-03 -2.5631433352828026e-02 8.8642990589141846e-01 9.9998468160629272e-01 -5.5169523693621159e-03 -5.8964453637599945e-04 8.8660502433776855e-01 4.3760000000000000e+03 9.7064674377441406e+01
-9.9888831377029419e-01 -4.4953089207410812e-02 -1.4191534370183945e-02 1.5138573646545410e+00 -9.9996411800384521e-01 -5.5099260061979294e-03 -6.4379437826573849e-03 1.5375213623046875e+00 1.9050000000000000e+03 2.1012283325195312e+02
9.9950039386749268e-01 1.1533421929925680e-03 -3.1587064266204834e-02 8.8837015628814697e-01 9.9999564886093140e-01 -2.2677839733660221e-03 1.8538695294409990e-03 8.8763064146041870e-01 5.1130000000000000e+03 9.1138641357421875e+01
-9.9857473373413086e-01 -5.3326696157455444e-02 2.1835553925484419e-03 1.4545246362686157e+00 -9.9997377395629883e-01 -7.1773724630475044e-03 -9.3739555450156331e-04 1.5125076770782471e+00 2.5780000000000000e+03 2.0795655822753906e+02
9.9950259923934937e-01 -3.1547178514301777e-03 -3.1377814710140228e-02 8.8947761058807373e-01 9.9999690055847168e-01 -2.2592497989535332e-03 -1.0721065336838365e-03 8.8308674097061157e-01 5.0670000000000000e+03 8.8916252136230469e+01
-9.9896866083145142e-01 -3.8808438926935196e-02 -2.3567719385027885e-02 1.5424650907516479e+00 -9.9994140863418579e-01 -8.4186317399144173e-03 6.8009621463716030e-03 1.5033941268920898e+00 2.8460000000000000e+03 1.9224455261230469e+02
9.9957460165023804e-01 -4.7014464507810771e-04 -2.9163222759962082e-02 8.8931399583816528e-01 9.9997276067733765e-01 -7.3778391815721989e-03 -1.4564530283678323e-04 8.8523274660110474e-01 4.6290000000000000e+03 8.8349632263183594e+01
-9.9871623516082764e-01 -4.1646704077720642e-02 -2.8835864737629890e-02 1.5521495342254639e+00 -9.9983644485473633e-01 -3.0899741686880589e-03 1.7816346138715744e-02 1.4624434709548950e+00 2.0870000000000000e+03 1.9801104736328125e+02
9.9957126379013062e-01 3.6665078368969262e-04 -2.9278300702571869e-02 8.8692247867584229e-01 9.9997276067733765e-01 -7.3679992929100990e-03 2.0026545098517090e-04 8.8492858409881592e-01 5.0610000000000000e+03 8.9216720581054688e+01
-9.9894779920578003e-01 -3.6436285823583603e-02 -2.7849340811371803e-02 1.5501657724380493e+00 -9.9993592500686646e-01 -9.2195617035031319e-03 6.5719899721443653e-03 1.5110985040664673e+00 2.3640000000000000e+03 2.0036294555664062e+02
9.9960011243820190e-01 -5.5018090642988682e-04 -2.8271995484828949e-02 8.8670265674591064e-01 9.9998223781585693e-01 -5.9264712035655975e-03 -5.9996329946443439e-04 8.8364017009735107e-01 5.0900000000000000e+03 8.6199256896972656e+01
-9.9899989366531372e-01 -4.0588706731796265e-02 -1.8756035715341568e-02 1.5164712667465210e+00 -9.9997186660766602e-01 -6.7484215833246708e-03 3.2802952919155359e-03 1.5341471433639526e+00 1.7540000000000000e+03 2.0415849304199219e+02
9.9949783086776733e-01 2.0331833511590958e-03 -3.1620100140571594e-02 8.8786822557449341e-01 9.9999129772186279e-01 -3.6558522842824459e-03 1.9794302061200142e-03 8.8064521551132202e-01 4.8940000000000000e+03 8.5281501770019531e+01
9.9957382678985596e-01 2.1687014959752560e-03 -2.9110280796885490e-02 8.8591974973678589e-01 9.9991101026535034e-01 -6.4096716232597828e-03 1.1699422262609005e-02 8.6438590288162231e-01 2.7850000000000000e+03 7.9772354125976562e+01
9.9972218275070190e-01 -6.1373454518616199e-03 -2.2757340222597122e-02 8.7562596797943115e-01 9.9999672174453735e-01 9.3829695833846927e-04 -2.3755605798214674e-03 8.9363932609558105e-01 2.2530000000000000e+03 1.0915808105468750e+02
9.9953478574752808e-01 -4.8654335550963879e-03 -3.0111782252788544e-02 8.8494014739990234e-01 9.9999862909317017e-01 -2.3573395446874201e-04 1.6544382087886333e-03 8.7126111984252930e-01 2.1370000000000000e+03 9.5375488281250000e+01
9.9973553419113159e-01 7.5715738348662853e-03 -2.1714175119996071e-02 8.7525629997253418e-01 9.9995762109756470e-01 -8.8730156421661377e-03 2.4569185916334391e-03 8.7821179628372192e-01 2.3030000000000000e+03 1.0797047424316406e+02
2.0399780478328466e-03 -1.6757383942604065e-01 -9.8585742712020874e-01 5.2853047847747803e-01 -1.7900262027978897e-02 9.8345696926116943e-01 -1.8025535345077515e-01 5.9421455860137939e-01 6.5740000000000000e+03 1.1543139648437500e+02
9.9947357177734375e-01 -3.9535909891128540e-03 -3.2202750444412231e-02 8.9241814613342285e-01 9.9991470575332642e-01 1.0091843083500862e-02 -8.2894191145896912e-03 9.0524762868881226e-01 2.5330000000000000e+03 8.3190681457519531e+01
9.9920290708541870e-01 -9.8977452144026756e-03 -3.8674011826515198e-02 9.0656775236129761e-01 9.9999362230300903e-01 3.1054325518198311e-04 -3.5581067204475403e-03 8.8636535406112671e-01 1.8890000000000000e+03 9.5690841674804688e+01
9.9979722499847412e-01 -9.3241948634386063e-03 -1.7846245318651199e-02 8.7772351503372192e-01 9.9980300664901733e-01 -1.9262885674834251e-02 -4.7892127186059952e-03 8.9475637674331665e-01 2.1380000000000000e+03 9.7709518432617188e+01
9.9964314699172974e-01 -1.9135886803269386e-02 -1.8640346825122833e-02 8.6964231729507446e-01 9.9995958805084229e-01 8.7851854041218758e-03 1.8963066395372152e-03 8.8873958587646484e-01 1.2050000000000000e+03 1.1165061950683594e+02
9.9893200397491455e-01 -1.7901474609971046e-02 -4.2596176266670227e-02 8.8811743259429932e-01 9.9991106986999512e-01 1.2629587203264236e-02 -4.2912862263619900e-03 8.9508086442947388e-01 1.7650000000000000e+03 1.0712634277343750e+02
9.9971157312393188e-01 -1.7132560024037957e-03 -2.3956350982189178e-02 8.8649648427963257e-01 9.9996739625930786e-01 1.3522626832127571e-03 7.9551860690116882e-03 9.0340447425842285e-01 2.6250000000000000e+03 9.5301445007324219e+01
-9.9882060289382935e-01 -4.7412026673555374e-02 -1.0461074300110340e-02 1.4808554649353027e+00 -9.9986535310745239e-01 3.9586191996932030e-03 1.5926275402307510e-02 1.4510378837585449e+00 1.5080000000000000e+03 2.1949270629882812e+02
9.9975287914276123e-01 -1.2388058006763458e-02 -1.8460651859641075e-02 8.7898975610733032e-01 9.9996435642242432e-01 -7.9310666769742966e-03 -2.9077478684484959e-03 9.0423756837844849e-01 1.4980000000000000e+03 1.2702336120605469e+02
-9.9809646606445312e-01 -4.8822645097970963e-02 -3.7680208683013916e-02 1.5468791723251343e+00 -9.9937778711318970e-01 9.0703507885336876e-03 3.4084413200616837e-02 1.4163007736206055e+00 1.8300000000000000e+03 2.0368142700195312e+02
9.9973011016845703e-01 -4.9398350529372692e-03 -2.2702813148498535e-02 8.8541197776794434e-01 9.9994969367980957e-01 -9.9277496337890625e-03 -1.4295510482043028e-03 8.9067071676254272e-01 4.5330000000000000e+03 9.2828849792480469e+01
9.9970620870590210e-01 -4.1139533277601004e-04 -2.4234725162386894e-02 8.8278657197952271e-01 9.9995243549346924e-01 -9.1125769540667534e-03 -3.4911241382360458e-03 8.9755642414093018e-01 4.4110000000000000e+03 8.5517105102539062e+01
-9.9928402900695801e-01 -2.8265202417969704e-02 -2.5152685120701790e-02 1.5159406661987305e+00 -9.9842548370361328e-01 4.2479523108340800e-04 5.6092571467161179e-02 1.3531298637390137e+00 1.2790000000000000e+03 2.0779280090332031e+02
9.9969142675399780e-01 5.3533760365098715e-05 -2.4839563295245171e-02 8.8378894329071045e-01 9.9997329711914062e-01 -6.8199029192328453e-03 2.6486555580049753e-03 8.8242489099502563e-01 3.9880000000000000e+03 8.4979782104492188e+01
9.9957185983657837e-01 -1.7665389459580183e-03 -2.9206193983554840e-02 8.9023005962371826e-01 9.9997252225875854e-01 6.5038106404244900e-03 3.5539332311600447e-03 8.8575345277786255e-01 1.7830000000000000e+03 8.5170631408691406e+01
9.9952298402786255e-01 -2.1278175991028547e-03 -3.0809536576271057e-02 8.8738352060317993e-01 9.9999541044235229e-01 -2.5602618698030710e-03 -1.6036701854318380e-03 8.9091700315475464e-01 4.8540000000000000e+03 8.4514892578125000e+01
