-9.9855983257293701e-01 -3.3101256936788559e-02 -4.2221568524837494e-02 1.5964450836181641e+00 -9.9861890077590942e-01 -3.2081220299005508e-02 -4.1606161743402481e-02 1.5869861841201782e+00 1.6030000000000000e+03 2.0400062561035156e+02
9.9965888261795044e-01 -4.5914440415799618e-03 2.5712136179208755e-02 8.8760572671890259e-01 9.9933791160583496e-01 2.3734942078590393e-02 -2.7575271204113960e-02 9.5161312818527222e-01 1.2370000000000000e+03 8.5638641357421875e+01
9.9981486797332764e-01 9.1212587431073189e-03 1.6942374408245087e-02 9.0303546190261841e-01 9.9954915046691895e-01 1.8119389191269875e-02 -2.3941509425640106e-02 9.4242286682128906e-01 3.1540000000000000e+03 8.3086067199707031e+01
-9.9864906072616577e-01 -4.7917261719703674e-02 -2.0102798938751221e-02 1.5447824001312256e+00 -9.9828428030014038e-01 -3.3497277647256851e-02 -4.8025354743003845e-02 1.6065552234649658e+00 1.7630000000000000e+03 2.0396426391601562e+02
9.9992531538009644e-01 4.0398992132395506e-04 1.2211473658680916e-02 9.0614277124404907e-01 9.9933731555938721e-01 2.5007810443639755e-02 -2.6447778567671776e-02 9.4882887601852417e-01 3.3340000000000000e+03 8.4834136962890625e+01
-9.9878716468811035e-01 -3.8630288094282150e-02 -3.0529040843248367e-02 1.5945816040039062e+00 -9.9879914522171021e-01 -3.4556217491626740e-02 -3.4730255603790283e-02 1.5737736225128174e+00 1.8470000000000000e+03 2.0011730957031250e+02
9.9996286630630493e-01 2.7475743554532528e-03 8.1755183637142181e-03 9.1116160154342651e-01 9.9940919876098633e-01 2.0074550062417984e-02 -2.7898263186216354e-02 9.4583833217620850e-01 4.6350000000000000e+03 9.5352531433105469e+01
9.9993497133255005e-01 2.7255795430392027e-03 1.1071732267737389e-02 9.1257190704345703e-01 9.9933987855911255e-01 2.0715622231364250e-02 -2.9846802353858948e-02 9.3977808952331543e-01 5.2500000000000000e+03 8.6550094604492188e+01
9.9997031688690186e-01 5.9036547318100929e-03 4.9403072334825993e-03 9.1648715734481812e-01 9.9961894750595093e-01 1.4982421882450581e-02 -2.3184092715382576e-02 9.3090724945068359e-01 5.0160000000000000e+03 8.6534950256347656e+01
9.9992370605468750e-01 5.0393231213092804e-03 1.1277934536337852e-02 9.0959787368774414e-01 9.9958318471908569e-01 1.3774879276752472e-02 -2.5374198332428932e-02 9.2503207921981812e-01 4.1140000000000000e+03 9.6606094360351562e+01
9.9996989965438843e-01 5.4717408493161201e-03 5.5034435354173183e-03 9.0623086690902710e-01 9.9975270032882690e-01 1.1895467527210712e-02 -1.8787639215588570e-02 9.2813163995742798e-01 2.5250000000000000e+03 9.0606208801269531e+01
9.9989384412765503e-01 -6.0715251602232456e-03 1.3244253583252430e-02 8.9431983232498169e-01 9.9934875965118408e-01 2.5262782350182533e-02 -2.5766657665371895e-02 9.3748015165328979e-01 1.3700000000000000e+03 1.1256169891357422e+02
9.9985980987548828e-01 -2.3957469966262579e-03 1.6567872837185860e-02 8.8156193494796753e-01 9.9955278635025024e-01 2.1633826196193695e-02 -2.0645113661885262e-02 9.3535733222961426e-01 2.7000000000000000e+03 7.6451034545898438e+01
9.9998641014099121e-01 2.2759742569178343e-03 4.7066048718988895e-03 9.1523677110671997e-01 9.9949890375137329e-01 1.8180431798100471e-02 -2.5910284370183945e-02 9.3972343206405640e-01 4.0760000000000000e+03 8.2948867797851562e+01
-9.9890500307083130e-01 -3.6485999822616577e-02 -2.9284708201885223e-02 1.5996625423431396e+00 -9.9846804141998291e-01 -2.6026880368590355e-02 -4.8828322440385818e-02 1.5597903728485107e+00 1.4230000000000000e+03 1.9742967224121094e+02
9.9987822771072388e-01 5.5651650764048100e-03 1.4584653079509735e-02 9.0145838260650635e-01 9.9926465749740601e-01 1.7498595640063286e-02 -3.4115921705961227e-02 9.4156014919281006e-01 3.0750000000000000e+03 9.1032539367675781e+01
-9.9918115139007568e-01 -3.8584403693675995e-02 -1.2173256836831570e-02 1.5307501554489136e+00 -9.9835091829299927e-01 -2.8091169893741608e-02 -5.0063930451869965e-02 1.5831036567687988e+00 1.7460000000000000e+03 1.8750749206542969e+02
9.9983161687850952e-01 -6.8359468132257462e-03 1.7032815143465996e-02 8.9622777700424194e-01 9.9944460391998291e-01 1.2786112725734711e-02 -3.0776323750615120e-02 9.3517881631851196e-01 1.4360000000000000e+03 1.2090552520751953e+02
9.9998795986175537e-01 2.0977782551199198e-03 4.4447346590459347e-03 3.7044578790664673e-01 9.9983531236648560e-01 1.4643645845353603e-02 -1.0715919546782970e-02 3.6506995558738708e-01 2.4150000000000000e+03 9.8682815551757812e+01
9.9967730045318604e-01 6.8814996629953384e-03 2.4455586448311806e-02 8.8130080699920654e-01 9.9934047460556030e-01 1.5661468729376793e-02 -3.2764453440904617e-02 9.3772327899932861e-01 1.2610000000000000e+03 7.8952255249023438e+01
9.9994385242462158e-01 4.5134797692298889e-03 9.5836846157908440e-03 9.0386229753494263e-01 9.9945676326751709e-01 1.8168864771723747e-02 -2.7497906237840652e-02 9.3190348148345947e-01 2.2970000000000000e+03 7.1886375427246094e+01
9.9998402595520020e-01 -5.6327139027416706e-03 -2.4054755340330303e-04 9.1951191425323486e-01 9.9952393770217896e-01 2.0701222121715546e-02 -2.2876536473631859e-02 9.3047457933425903e-01 2.4690000000000000e+03 1.0115593719482422e+02
9.9994611740112305e-01 -4.6103294007480145e-03 9.2998528853058815e-03 9.1188061237335205e-01 9.9947601556777954e-01 1.8874179571866989e-02 -2.6294119656085968e-02 9.2898017168045044e-01 3.4170000000000000e+03 1.0318527984619141e+02
-9.9954402446746826e-01 -2.6093697175383568e-02 -1.5197413973510265e-02 1.4638535976409912e+00 -9.9847561120986938e-01 -5.2761543542146683e-02 -1.6203384846448898e-02 1.5452351570129395e+00 1.6010000000000000e+03 2.1019488525390625e+02
9.9989920854568481e-01 1.3356578536331654e-02 4.8096380196511745e-03 9.1441500186920166e-01 9.9970328807830811e-01 6.0958778485655785e-03 -2.3586533963680267e-02 9.3380743265151978e-01 3.7610000000000000e+03 7.8289474487304688e+01
-9.9865847826004028e-01 -4.4370040297508240e-02 -2.6693684980273247e-02 1.5055774450302124e+00 -9.9944931268692017e-01 -5.8216731995344162e-03 -3.2668016850948334e-02 1.5843224525451660e+00 1.8200000000000000e+03 1.9448948669433594e+02
9.9990338087081909e-01 1.0861266404390335e-02 8.6770216003060341e-03 9.1311085224151611e-01 9.9944525957107544e-01 1.3203138485550880e-02 -3.0576497316360474e-02 9.3991333246231079e-01 3.1340000000000000e+03 8.3254486083984375e+01
9.9966883659362793e-01 1.7711849883198738e-02 1.8670652061700821e-02 9.0130072832107544e-01 9.9961894750595093e-01 8.1569775938987732e-03 -2.6370242238044739e-02 9.2219841480255127e-01 1.1220000000000000e+03 1.1230261993408203e+02
9.9994409084320068e-01 4.3090516701340675e-03 9.6552129834890366e-03 9.0611660480499268e-01 9.9953395128250122e-01 1.6005843877792358e-02 -2.5997165590524673e-02 9.2609763145446777e-01 3.1180000000000000e+03 9.3719367980957031e+01
9.9991321563720703e-01 8.4475511685013771e-03 -1.0111181065440178e-02 9.1627532243728638e-01 9.9984163045883179e-01 1.4694777317345142e-02 -1.0035882703959942e-02 9.3435680866241455e-01 4.3840000000000000e+03 8.6140747070312500e+01
9.9983501434326172e-01 1.0597553104162216e-02 1.4750394038856030e-02 9.1091227531433105e-01 9.9926853179931641e-01 1.5394261106848717e-02 -3.5006754100322723e-02 9.4028544425964355e-01 2.9930000000000000e+03 8.6642417907714844e+01
9.9982815980911255e-01 1.5220448374748230e-02 1.0586149990558624e-02 9.1551679372787476e-01 9.9943745136260986e-01 1.5681182965636253e-02 -2.9646029695868492e-02 9.2788070440292358e-01 1.5790000000000000e+03 8.8457633972167969e+01
9.9952411651611328e-01 2.2890873253345490e-02 2.0675273612141609e-02 8.8857722282409668e-01 9.9955874681472778e-01 1.3694139197468758e-02 -2.6358908042311668e-02 9.2513817548751831e-01 1.0910000000000000e+03 8.2502845764160156e+01
9.9990338087081909e-01 8.5930619388818741e-03 1.0928525589406490e-02 9.0251272916793823e-01 9.9931907653808594e-01 2.5797354057431221e-02 -2.6378097012639046e-02 9.3264645338058472e-01 2.2800000000000000e+03 7.5682899475097656e+01
9.9973756074905396e-01 -9.7934538498520851e-03 2.0710593089461327e-02 8.9334601163864136e-01 9.9924814701080322e-01 2.6101341471076012e-02 -2.8669431805610657e-02 9.2320352792739868e-01 1.2480000000000000e+03 9.8203529357910156e+01
9.9996912479400635e-01 -4.5224903151392937e-03 6.4200055785477161e-03 9.0909993648529053e-01 9.9966388940811157e-01 1.4812936075031757e-02 -2.1278236061334610e-02 9.2192256450653076e-01 2.5910000000000000e+03 9.3536476135253906e+01
9.9998897314071655e-01 -4.5998715795576572e-03 9.0977037325501442e-04 9.2007082700729370e-01 9.9953085184097290e-01 2.3169482126832008e-02 -2.0032767206430435e-02 9.2932766675949097e-01 2.8850000000000000e+03 9.8477996826171875e+01
9.9983155727386475e-01 3.4291257616132498e-03 1.8032131716609001e-02 8.9220082759857178e-01 9.9959576129913330e-01 1.8723435699939728e-02 -2.1398479118943214e-02 9.3444073200225830e-01 3.0880000000000000e+03 8.4539955139160156e+01
9.9941998720169067e-01 -4.6521518379449844e-03 3.3735506236553192e-02 8.9905226230621338e-01 9.9855339527130127e-01 2.7819713577628136e-02 -4.6011716127395630e-02 9.2770540714263916e-01 4.3340000000000000e+03 8.4851623535156250e+01
9.9989289045333862e-01 8.9968796819448471e-03 1.1546574532985687e-02 8.9144146442413330e-01 9.9953389167785645e-01 2.6920674368739128e-02 -1.4397333376109600e-02 9.1928493976593018e-01 2.0240000000000000e+03 7.4916229248046875e+01
9.9960237741470337e-01 1.8845327198505402e-02 2.0978244021534920e-02 8.9088922739028931e-01 9.9975275993347168e-01 1.2201866135001183e-02 -1.8588302657008171e-02 9.0424454212188721e-01 2.5840000000000000e+03 6.4844810485839844e+01
9.9991428852081299e-01 1.1931150220334530e-02 5.3951493464410305e-03 9.1964089870452881e-01 9.9928432703018188e-01 2.1671636030077934e-02 -3.1003884971141815e-02 9.3006294965744019e-01 2.9840000000000000e+03 9.5004020690917969e+01
9.9994695186614990e-01 1.0062970221042633e-02 2.1846054587513208e-03 9.1901844739913940e-01 9.9939882755279541e-01 2.1911742165684700e-02 -2.6866797357797623e-02 9.2908334732055664e-01 3.0610000000000000e+03 9.5585754394531250e+01
9.9995303153991699e-01 8.3054406568408012e-03 -5.0040618516504765e-03 9.2773956060409546e-01 9.9944460391998291e-01 2.1303351968526840e-02 -2.5626339018344879e-02 9.3020474910736084e-01 2.9910000000000000e+03 9.2206954956054688e+01
9.9995833635330200e-01 9.1240787878632545e-03 4.3545305379666388e-04 9.2263203859329224e-01 9.9945086240768433e-01 1.8323581665754318e-02 -2.7609154582023621e-02 9.2845964431762695e-01 3.0960000000000000e+03 8.9644378662109375e+01
9.9996733665466309e-01 -7.6915556564927101e-03 -2.4984991177916527e-03 9.1007250547409058e-01 9.9948894977569580e-01 2.6108810678124428e-02 -1.8439086154103279e-02 9.4380307197570801e-01 2.3390000000000000e+03 1.0447200012207031e+02
-9.9923628568649292e-01 -2.9521632939577103e-02 -2.5597419589757919e-02 1.6139588356018066e+00 -9.9695068597793579e-01 -3.4866992384195328e-02 -6.9811843335628510e-02 1.5977730751037598e+00 1.2270000000000000e+03 2.3034718322753906e+02
9.9989598989486694e-01 3.5468908026814461e-03 1.3973830267786980e-02 9.0826100111007690e-01 9.9941515922546387e-01 2.1420817822217941e-02 -2.6654066517949104e-02 9.3081229925155640e-01 2.1280000000000000e+03 9.8760810852050781e+01
9.9988961219787598e-01 4.7640050761401653e-03 1.4074493199586868e-02 9.0313309431076050e-01 9.9970829486846924e-01 1.5254170633852482e-02 -1.8727218732237816e-02 9.2973679304122925e-01 2.2700000000000000e+03 9.0453300476074219e+01
-9.9891346693038940e-01 -4.1931394487619400e-02 -2.0337959751486778e-02 1.4799433946609497e+00 -9.9903452396392822e-01 -1.6823498532176018e-02 -4.0583770722150803e-02 1.2972105741500854e+00 1.3450000000000000e+03 2.0334053039550781e+02
9.9984323978424072e-01 8.7145874276757240e-03 1.5410725027322769e-02 9.0001487731933594e-01 9.9969226121902466e-01 1.2907766737043858e-02 -2.1185882389545441e-02 9.2942202091217041e-01 2.2490000000000000e+03 9.0149398803710938e+01
-9.9895697832107544e-01 -3.8881897926330566e-02 -2.3940199986100197e-02 1.5091164112091064e+00 -9.9815762042999268e-01 -1.8916165456175804e-02 -5.7650443166494370e-02 1.3257555961608887e+00 1.3490000000000000e+03 2.2464640808105469e+02
9.9998027086257935e-01 -4.2913183569908142e-03 4.6001649461686611e-03 9.1569954156875610e-01 9.9974507093429565e-01 1.4784522354602814e-02 -1.7064930871129036e-02 9.3404632806777954e-01 1.6210000000000000e+03 1.0842504882812500e+02
9.9978256225585938e-01 -1.0548287071287632e-02 1.7984639853239059e-02 9.0282815694808960e-01 9.9938744306564331e-01 2.0482743158936501e-02 -2.8379091992974281e-02 9.2316871881484985e-01 1.3360000000000000e+03 1.2721706390380859e+02
9.9973553419113159e-01 4.2906804010272026e-03 2.2593991830945015e-02 8.8359290361404419e-01 9.9943041801452637e-01 2.1096903830766678e-02 -2.6336656883358955e-02 9.2456322908401489e-01 1.2040000000000000e+03 8.2736602783203125e+01
9.9992614984512329e-01 3.3034202642738819e-03 1.1691312305629253e-02 8.9082431793212891e-01 9.9963235855102539e-01 1.8435465171933174e-02 -1.9882809370756149e-02 9.2719060182571411e-01 3.5880000000000000e+03 8.5777839660644531e+01
9.9996125698089600e-01 4.0628579445183277e-03 7.8060547821223736e-03 9.1179835796356201e-01 9.9953591823577881e-01 1.7343344166874886e-02 -2.5043740868568420e-02 9.2772966623306274e-01 4.6330000000000000e+03 8.6596115112304688e+01
9.9997144937515259e-01 7.1044773794710636e-03 2.5873291306197643e-03 9.1848617792129517e-01 9.9964022636413574e-01 1.5151958912611008e-02 -2.2130850702524185e-02 9.2842233180999756e-01 5.0750000000000000e+03 8.6491226196289062e+01
9.9995106458663940e-01 5.3043486550450325e-03 8.3519741892814636e-03 9.1156721115112305e-01 9.9952834844589233e-01 1.5930822119116783e-02 -2.6256095618009567e-02 9.3051141500473022e-01 4.9500000000000000e+03 8.6729896545410156e+01
-9.9951452016830444e-01 -2.1854123100638390e-02 -2.2204931825399399e-02 1.5527260303497314e+00 -9.9906301498413086e-01 -3.7212979514151812e-03 -4.3118271976709366e-02 1.6629781723022461e+00 1.1330000000000000e+03 2.1388349914550781e+02
9.9995166063308716e-01 1.8398901447653770e-03 9.6575627103447914e-03 9.0644663572311401e-01 9.9949407577514648e-01 1.8306208774447441e-02 -2.6011560112237930e-02 9.2945659160614014e-01 4.6420000000000000e+03 8.7533393859863281e+01
-9.9938845634460449e-01 -2.4426938965916634e-02 -2.5019776076078415e-02 1.5717089176177979e+00 -9.9932092428207397e-01 -2.2175841033458710e-02 -2.9426405206322670e-02 1.6073549985885620e+00 1.9820000000000000e+03 2.0261958312988281e+02
9.9997085332870483e-01 2.5385790504515171e-03 7.2110467590391636e-03 9.0773928165435791e-01 9.9949252605438232e-01 1.8537055701017380e-02 -2.5908509269356728e-02 9.2992603778839111e-01 4.5760000000000000e+03 8.6440071105957031e+01
-9.9939060211181641e-01 -2.9938228428363800e-02 -1.7946276813745499e-02 1.5545219182968140e+00 -9.9957132339477539e-01 -2.9156588017940521e-02 -2.6319203898310661e-03 1.5143034458160400e+00 1.5970000000000000e+03 2.0360614013671875e+02
9.9997609853744507e-01 1.2188005348434672e-04 6.9110975600779057e-03 9.0857183933258057e-01 9.9943947792053223e-01 2.1315738558769226e-02 -2.5811536237597466e-02 9.2875653505325317e-01 4.9590000000000000e+03 8.5839035034179688e+01
-9.9929112195968628e-01 -2.8478339314460754e-02 -2.4622667580842972e-02 1.5780014991760254e+00 -9.9995934963226318e-01 1.0234591318294406e-03 8.9586768299341202e-03 1.4816268682479858e+00 1.6340000000000000e+03 2.0153610229492188e+02
9.9997967481613159e-01 2.3687167558819056e-03 5.9206420555710793e-03 9.1006112098693848e-01 9.9950975179672241e-01 1.7841106280684471e-02 -2.5731524452567101e-02 9.2767339944839478e-01 5.2530000000000000e+03 8.6114936828613281e+01
-9.9923449754714966e-01 -2.9857793822884560e-02 -2.5275943800806999e-02 1.5849134922027588e+00 -9.9876284599304199e-01 -2.7323013171553612e-02 -4.1548155248165131e-02 1.6980366706848145e+00 1.0830000000000000e+03 2.2505816650390625e+02
9.9996417760848999e-01 6.9017931818962097e-03 4.9209925346076488e-03 9.0804982185363770e-01 9.9971824884414673e-01 1.2000571936368942e-02 -2.0479500293731689e-02 9.2178642749786377e-01 4.9860000000000000e+03 8.6330924987792969e+01
9.9995851516723633e-01 3.7363425362855196e-03 8.3158500492572784e-03 9.0819048881530762e-01 9.9959069490432739e-01 1.4537478797137737e-02 -2.4637019261717796e-02 9.2269229888916016e-01 5.3090000000000000e+03 8.7424674987792969e+01
-9.9923932552337646e-01 -3.7907011806964874e-02 -9.1643631458282471e-03 1.5277924537658691e+00 -9.9886077642440796e-01 -4.3784890323877335e-02 -1.8972577527165413e-02 1.6325836181640625e+00 1.4780000000000000e+03 2.1007374572753906e+02
9.9996590614318848e-01 3.2399778719991446e-03 7.6008359901607037e-03 9.0176409482955933e-01 9.9968206882476807e-01 1.3246128335595131e-02 -2.1450750529766083e-02 9.2639857530593872e-01 5.2290000000000000e+03 8.7668197631835938e+01
-9.9907571077346802e-01 -3.7345536053180695e-02 -2.1281694993376732e-02 1.5803768634796143e+00 -9.9893045425415039e-01 -4.0223225951194763e-02 -2.2806169465184212e-02 1.6359857320785522e+00 1.6370000000000000e+03 2.0929443359375000e+02
9.9996924400329590e-01 6.0987072065472603e-03 4.9262545071542263e-03 9.0709418058395386e-01 9.9964809417724609e-01 1.1310693807899952e-02 -2.3995190858840942e-02 9.3531233072280884e-01 4.5850000000000000e+03 8.9961174011230469e+01
-9.9896168708801270e-01 -3.9154440164566040e-02 -2.3294588550925255e-02 1.5881929397583008e+00 -9.9855309724807739e-01 -1.2323585338890553e-02 -5.2343975752592087e-02 1.7194477319717407e+00 1.4490000000000000e+03 2.2551069641113281e+02
9.9997395277023315e-01 -1.7066719010472298e-04 7.2154961526393890e-03 9.0933871269226074e-01 9.9942868947982788e-01 1.7789464443922043e-02 -2.8737463057041168e-02 9.3482458591461182e-01 4.1820000000000000e+03 9.3892875671386719e+01
-9.9909996986389160e-01 -3.4806568175554276e-02 -2.4243086576461792e-02 1.5770596265792847e+00 -9.9872374534606934e-01 -1.1437206529080868e-02 -4.9195382744073868e-02 1.7172002792358398e+00 1.2350000000000000e+03 2.2822186279296875e+02
9.9997687339782715e-01 4.2737383046187460e-04 6.7807715386152267e-03 9.0249729156494141e-01 9.9953496456146240e-01 2.1886315196752548e-02 -2.1233888342976570e-02 9.2484468221664429e-01 4.9690000000000000e+03 8.4265220642089844e+01
-9.9916195869445801e-01 -2.8196334838867188e-02 -2.9672244563698769e-02 1.6193705797195435e+00 -9.9905467033386230e-01 -2.5783544406294823e-02 -3.4997921437025070e-02 1.6773447990417480e+00 1.4180000000000000e+03 1.9144049072265625e+02
9.9995815753936768e-01 4.8709348775446415e-03 7.7438824810087681e-03 9.0200209617614746e-01 9.9965876340866089e-01 1.7921162769198418e-02 -1.9005889073014259e-02 9.2094582319259644e-01 4.8660000000000000e+03 8.4864288330078125e+01
-9.9898982048034668e-01 -3.4492127597332001e-02 -2.8805131092667580e-02 1.6068532466888428e+00 -9.9932116270065308e-01 -1.9890846684575081e-02 -3.1009715050458908e-02 1.6664569377899170e+00 1.4120000000000000e+03 1.9078596496582031e+02
9.9997329711914062e-01 5.3911213763058186e-03 4.9504111520946026e-03 9.0608423948287964e-01 9.9960112571716309e-01 1.6857160255312920e-02 -2.2657718509435654e-02 9.3213999271392822e-01 4.8550000000000000e+03 9.0692481994628906e+01
-9.9912506341934204e-01 -3.7483353167772293e-02 -1.8548289313912392e-02 1.5730624198913574e+00 -9.9872869253158569e-01 -4.2747240513563156e-02 -2.6713164523243904e-02 1.6460602283477783e+00 1.4880000000000000e+03 2.0847311401367188e+02
9.9998080730438232e-01 5.7697868905961514e-03 2.2284125443547964e-03 9.0506660938262939e-01 9.9970024824142456e-01 2.0267603918910027e-02 -1.3735475018620491e-02 9.1614013910293579e-01 3.2630000000000000e+03 8.6853141784667969e+01
9.9990135431289673e-01 1.0511716827750206e-02 9.3180043622851372e-03 9.0683358907699585e-01 9.9963700771331787e-01 1.2207845225930214e-02 -2.4017095565795898e-02 9.2157202959060669e-01 2.8250000000000000e+03 9.4826904296875000e+01
9.9995595216751099e-01 4.7191889025270939e-03 8.1177335232496262e-03 9.1593492031097412e-01 9.9961960315704346e-01 1.5048289671540260e-02 -2.3113878443837166e-02 9.2979776859283447e-01 3.2830000000000000e+03 8.8567771911621094e+01
9.9995744228363037e-01 -6.6897645592689514e-03 6.3548549078404903e-03 9.1476297378540039e-01 9.9943315982818604e-01 2.6314370334148407e-02 -2.0999517291784286e-02 9.3720042705535889e-01 2.5530000000000000e+03 8.9856636047363281e+01
9.9945592880249023e-01 -1.8680085195228457e-03 3.2930426299571991e-02 9.0422570705413818e-01 9.9920016527175903e-01 1.1214317753911018e-02 -3.8382921367883682e-02 9.2059862613677979e-01 2.3690000000000000e+03 8.9580833435058594e+01
9.9978613853454590e-01 9.0019209310412407e-03 1.8619317561388016e-02 9.0061211585998535e-01 9.9937295913696289e-01 1.7183858901262283e-02 -3.0958395451307297e-02 9.2913043498992920e-01 4.1460000000000000e+03 7.4657501220703125e+01
9.9982374906539917e-01 1.0414977557957172e-02 1.5620540827512741e-02 8.9412456750869751e-01 9.9946105480194092e-01 1.4503666199743748e-02 -2.9449589550495148e-02 9.2678552865982056e-01 4.5280000000000000e+03 9.2228790283203125e+01
9.9992179870605469e-01 -3.4135866444557905e-03 1.2032509781420231e-02 8.9550226926803589e-01 9.9962335824966431e-01 1.0916418395936489e-02 -2.5177896022796631e-02 9.3228948116302490e-01 2.3970000000000000e+03 1.1679224395751953e+02
9.9992376565933228e-01 9.1778282076120377e-03 8.2520870491862297e-03 9.0290230512619019e-01 9.9950593709945679e-01 1.6833446919918060e-02 -2.6542739942669868e-02 9.3744689226150513e-01 1.8750000000000000e+03 1.0551893615722656e+02
9.9972945451736450e-01 1.0072248987853527e-02 2.0964065566658974e-02 9.1006988286972046e-01 9.9923646450042725e-01 2.2524645552039146e-02 -3.1923290342092514e-02 9.2431479692459106e-01 2.5620000000000000e+03 7.6892250061035156e+01
9.9993824958801270e-01 2.0587623585015535e-03 1.0916383937001228e-02 9.0736067295074463e-01 9.9933415651321411e-01 2.5134911760687828e-02 -2.6449538767337799e-02 9.2551839351654053e-01 3.6930000000000000e+03 8.1706092834472656e+01
-8.4736449643969536e-03 9.9925744533538818e-01 3.7587136030197144e-02 1.0744351148605347e+00 4.9861124716699123e-03 -9.9738734960556030e-01 -7.2066746652126312e-02 1.0456638336181641e+00 1.2410000000000000e+03 1.9083207702636719e+02
-9.9960714578628540e-01 -1.5392485074698925e-02 -2.3419661447405815e-02 1.6270265579223633e+00 -9.9910891056060791e-01 -3.0963605269789696e-02 -2.8682006523013115e-02 1.6572451591491699e+00 1.4650000000000000e+03 2.0367401123046875e+02
9.9995887279510498e-01 4.4926744885742664e-03 7.8824777156114578e-03 9.0645134449005127e-01 9.9959212541580200e-01 1.9002219662070274e-02 -2.1320847794413567e-02 9.2150557041168213e-01 4.3410000000000000e+03 8.2263183593750000e+01
-1.4325580559670925e-02 9.9982154369354248e-01 -1.2315470725297928e-02 1.0501911640167236e+00 -2.2417681757360697e-03 -9.9948096275329590e-01 -3.2139413058757782e-02 1.0189969539642334e+00 1.1610000000000000e+03 1.9608988952636719e+02
9.9993652105331421e-01 7.2779571637511253e-03 8.6089419201016426e-03 9.0193766355514526e-01 9.9963104724884033e-01 1.8342280760407448e-02 -2.0032970234751701e-02 9.2686712741851807e-01 4.4620000000000000e+03 8.2074699401855469e+01
-1.7147688195109367e-02 9.9981343746185303e-01 -8.8958339765667915e-03 1.0026613473892212e+00 8.6472332477569580e-03 -9.9951404333114624e-01 -2.9952676966786385e-02 9.8999297618865967e-01 1.4880000000000000e+03 2.2118145751953125e+02
-9.9867022037506104e-01 -4.3552454560995102e-02 -2.7584508061408997e-02 1.6505171060562134e+00 -9.9682188034057617e-01 -4.0582157671451569e-02 -6.8551935255527496e-02 1.7733538150787354e+00 1.0170000000000000e+03 2.0512705993652344e+02
9.9995094537734985e-01 1.5638263430446386e-03 9.7905099391937256e-03 9.0516704320907593e-01 9.9946695566177368e-01 2.3493804037570953e-02 -2.2668110206723213e-02 9.2983734607696533e-01 4.8770000000000000e+03 8.2390609741210938e+01
-9.9922925233840942e-01 -2.8855420649051666e-02 -2.6613911613821983e-02 1.6504567861557007e+00 -9.9965673685073853e-01 -1.8268879503011703e-02 -1.8780557438731194e-02 1.5434397459030151e+00 1.4690000000000000e+03 1.8518312072753906e+02
9.9990677833557129e-01 -4.0944870561361313e-03 1.3018839061260223e-02 9.1222029924392700e-01 9.9905484914779663e-01 3.1167089939117432e-02 -3.0298978090286255e-02 9.3169564008712769e-01 4.8210000000000000e+03 8.3625595092773438e+01
-9.2185484245419502e-03 9.9995118379592896e-01 -3.5424453672021627e-03 1.0304306745529175e+00 1.4232378453016281e-02 -9.9906450510025024e-01 -4.0835659950971603e-02 9.9002325534820557e-01 1.0490000000000000e+03 2.0154147338867188e+02
-9.9973732233047485e-01 -1.4978990890085697e-02 -1.7348160967230797e-02 1.6024791002273560e+00 -9.9834215641021729e-01 -4.2610518634319305e-02 -3.8694482296705246e-02 1.6433105468750000e+00 1.3990000000000000e+03 1.8706648254394531e+02
9.9990022182464600e-01 1.7344702500849962e-03 1.4021740294992924e-02 9.0016996860504150e-01 9.9933183193206787e-01 2.2506788372993469e-02 -2.8801444917917252e-02 9.3374586105346680e-01 4.7970000000000000e+03 8.3048362731933594e+01
-9.9961113929748535e-01 -2.1578719839453697e-02 -1.7662005499005318e-02 1.6174792051315308e+00 -9.9872243404388428e-01 -3.3735107630491257e-02 -3.7623126059770584e-02 1.6264655590057373e+00 1.3770000000000000e+03 1.8713435363769531e+02
9.9987751245498657e-01 7.9740174114704132e-03 1.3464365154504776e-02 9.0022838115692139e-01 9.9955976009368896e-01 1.3615386560559273e-02 -2.6360221207141876e-02 9.2179048061370850e-01 4.1170000000000000e+03 9.7728439331054688e+01
-9.9872821569442749e-01 -4.9443237483501434e-02 -9.8679047077894211e-03 1.5887182950973511e+00 -9.9903059005737305e-01 -2.5775689631700516e-02 -3.5685431212186813e-02 1.6386392116546631e+00 1.3180000000000000e+03 2.1599392700195312e+02
9.9999529123306274e-01 1.2584780342876911e-03 2.7935579419136047e-03 9.0854591131210327e-01 9.9965208768844604e-01 1.5477761626243591e-02 -2.1356586366891861e-02 9.2808037996292114e-01 3.5040000000000000e+03 1.0320233917236328e+02
9.9998384714126587e-01 -4.0855607949197292e-03 3.9696195162832737e-03 9.1605031490325928e-01 9.9956470727920532e-01 1.5356613323092461e-02 -2.5191083550453186e-02 9.3201589584350586e-01 3.0380000000000000e+03 1.0272087097167969e+02
9.9998164176940918e-01 -3.3691225107759237e-03 5.0410218536853790e-03 9.1522276401519775e-01 9.9950361251831055e-01 1.9385963678359985e-02 -2.4834344163537025e-02 9.2731356620788574e-01 4.2690000000000000e+03 9.2075195312500000e+01
-9.9918079376220703e-01 -5.4693296551704407e-03 -4.0097881108522415e-02 1.6718453168869019e+00 -9.9875015020370483e-01 -3.4694422036409378e-02 -3.5976070910692215e-02 1.6266154050827026e+00 1.2790000000000000e+03 2.3113917541503906e+02
9.9994641542434692e-01 -5.3428590763360262e-04 1.0340338572859764e-02 9.0695291757583618e-01 9.9949485063552856e-01 1.7820764333009720e-02 -2.6315417140722275e-02 9.2531305551528931e-01 4.7900000000000000e+03 8.8978286743164062e+01
-9.9904495477676392e-01 -4.2820423841476440e-02 -8.7030008435249329e-03 1.5801907777786255e+00 -9.9888527393341064e-01 -3.4146402031183243e-02 -3.2594945281744003e-02 1.6229190826416016e+00 1.3700000000000000e+03 2.1842628479003906e+02
9.9996167421340942e-01 2.0596096292138100e-03 8.5205901414155960e-03 9.0190309286117554e-01 9.9952697753906250e-01 1.7967497929930687e-02 -2.4958930909633636e-02 9.2948526144027710e-01 4.9820000000000000e+03 8.8386589050292969e+01
-9.9887514114379883e-01 -4.7222990542650223e-02 -4.3141935020685196e-03 1.5753227472305298e+00 -9.9881249666213989e-01 -2.6428105309605598e-02 -4.0930494666099548e-02 1.6384398937225342e+00 1.2120000000000000e+03 2.1532260131835938e+02
9.9998319149017334e-01 1.9438609015196562e-03 5.4680332541465759e-03 9.0885806083679199e-01 9.9953180551528931e-01 1.6978897154331207e-02 -2.5454452261328697e-02 9.2744821310043335e-01 5.2730000000000000e+03 8.7151336669921875e+01
-9.9943476915359497e-01 -3.3337295055389404e-02 -4.3200636282563210e-03 1.5716625452041626e+00 -9.9867320060729980e-01 -2.5994241237640381e-02 -4.4452819973230362e-02 1.6537988185882568e+00 1.5020000000000000e+03 2.0691744995117188e+02
9.9998646974563599e-01 3.6311179865151644e-03 3.7280253600329161e-03 9.1421961784362793e-01 9.9953013658523560e-01 1.6983438283205032e-02 -2.5515329092741013e-02 9.2629218101501465e-01 5.3190000000000000e+03 8.6239959716796875e+01
9.9996876716613770e-01 2.1899819839745760e-03 7.5946464203298092e-03 9.0670806169509888e-01 9.9952346086502075e-01 2.0642558112740517e-02 -2.2948289290070534e-02 9.1964828968048096e-01 4.5260000000000000e+03 8.6059379577636719e+01
-9.9951112270355225e-01 -1.7458019778132439e-02 -2.5935992598533630e-02 1.5860475301742554e+00 -9.9931567907333374e-01 -1.8899913877248764e-02 -3.1795583665370941e-02 1.6206624507904053e+00 2.1620000000000000e+03 1.9806877136230469e+02
9.9998605251312256e-01 2.2711679339408875e-03 4.7709830105304718e-03 9.0716212987899780e-01 9.9958240985870361e-01 1.9386246800422668e-02 -2.1426370367407799e-02 9.2269921302795410e-01 4.9200000000000000e+03 8.6181365966796875e+01
-9.9649196863174438e-01 -3.4614369273185730e-02 -7.6193585991859436e-02 1.7379622459411621e+00 -9.9837774038314819e-01 -2.8461275622248650e-02 -4.9313988536596298e-02 1.6676919460296631e+00 1.8780000000000000e+03 2.0162620544433594e+02
9.9997955560684204e-01 2.9477186035364866e-03 5.6805731728672981e-03 9.1136515140533447e-01 9.9951487779617310e-01 2.0516173914074898e-02 -2.3432403802871704e-02 9.2482316493988037e-01 4.6080000000000000e+03 9.1770179748535156e+01
-9.9913638830184937e-01 -2.6509059593081474e-02 -3.1995646655559540e-02 1.5998524427413940e+00 -9.9872887134552002e-01 -3.6756426095962524e-02 -3.4491162747144699e-02 1.6116319894790649e+00 1.7870000000000000e+03 2.0535646057128906e+02
9.9996858835220337e-01 2.7383083943277597e-03 7.4452017433941364e-03 9.0698552131652832e-01 9.9955731630325317e-01 1.9186142832040787e-02 -2.2737065330147743e-02 9.2750370502471924e-01 5.1610000000000000e+03 8.6510559082031250e+01
-9.9939286708831787e-01 -2.4362236261367798e-02 -2.4907421320676804e-02 1.5841783285140991e+00 -9.9799603223800659e-01 -1.9636588171124458e-02 -6.0152523219585419e-02 1.6762160062789917e+00 1.1010000000000000e+03 2.1881925964355469e+02
9.9995315074920654e-01 1.1652896646410227e-03 9.6102729439735413e-03 9.0577876567840576e-01 9.9934560060501099e-01 2.2304721176624298e-02 -2.8477400541305542e-02 9.3479532003402710e-01 5.2730000000000000e+03 8.6468612670898438e+01
9.9994975328445435e-01 3.2429699786007404e-03 9.4873495399951935e-03 9.0199702978134155e-01 9.9951779842376709e-01 1.9333135336637497e-02 -2.4298308417201042e-02 9.2673903703689575e-01 5.0170000000000000e+03 8.6526496887207031e+01
9.9988824129104614e-01 5.4649799130856991e-03 1.3920840807259083e-02 9.0080380439758301e-01 9.9960839748382568e-01 1.4282138086855412e-02 -2.4061983451247215e-02 9.1473978757858276e-01 4.4730000000000000e+03 8.5451469421386719e+01
9.9996864795684814e-01 1.8084970361087471e-04 7.9065272584557533e-03 8.9899855852127075e-01 9.9961817264556885e-01 1.8351607024669647e-02 -2.0655522122979164e-02 9.2635750770568848e-01 2.9880000000000000e+03 1.0416699981689453e+02
9.9978798627853394e-01 1.6143042594194412e-03 2.0527085289359093e-02 8.7811225652694702e-01 9.9944859743118286e-01 3.1300805509090424e-02 -1.1078378185629845e-02 9.0658265352249146e-01 1.4600000000000000e+03 8.4108909606933594e+01
9.9990826845169067e-01 6.7616663873195648e-03 1.1735855601727962e-02 9.0302109718322754e-01 9.9945789575576782e-01 2.0138544961810112e-02 -2.6042070239782333e-02 9.2172157764434814e-01 3.8930000000000000e+03 8.3128181457519531e+01
9.9991232156753540e-01 4.7652362845838070e-03 -1.2354771606624126e-02 9.1176766157150269e-01 9.9984455108642578e-01 1.6083234921097755e-02 -7.2259004227817059e-03 9.3335461616516113e-01 3.8150000000000000e+03 8.5092666625976562e+01
9.9969041347503662e-01 1.3421547599136829e-02 2.0947556942701340e-02 8.8686126470565796e-01 9.9917602539062500e-01 2.1502636373043060e-02 -3.4423012286424637e-02 9.3523848056793213e-01 2.2200000000000000e+03 8.7103866577148438e+01
9.9939298629760742e-01 2.0977517589926720e-02 2.7812015265226364e-02 8.6307394504547119e-01 9.9950170516967773e-01 1.5870856121182442e-02 -2.7284728363156319e-02 9.2285931110382080e-01 1.4850000000000000e+03 8.1657028198242188e+01
9.9994885921478271e-01 7.3462305590510368e-03 6.9560161791741848e-03 8.9646798372268677e-01 9.9934399127960205e-01 2.3048987612128258e-02 -2.7933074161410332e-02 9.3267172574996948e-01 2.0890000000000000e+03 7.3692512512207031e+01
9.9936789274215698e-01 7.5177173130214214e-03 3.4746479243040085e-02 8.5567224025726318e-01 9.9922686815261841e-01 2.6882575824856758e-02 -2.8686609119176865e-02 9.2314910888671875e-01 1.1200000000000000e+03 8.0650894165039062e+01
9.9996978044509888e-01 -4.2126011103391647e-03 6.5264748409390450e-03 9.0148729085922241e-01 9.9962717294692993e-01 1.7064450308680534e-02 -2.1313438192009926e-02 9.2041307687759399e-01 2.5150000000000000e+03 9.0239761352539062e+01
9.9995559453964233e-01 -2.5457024457864463e-04 9.4177648425102234e-03 8.9808690547943115e-01 9.9950414896011353e-01 2.7925383299589157e-02 -1.4546731486916542e-02 9.1487270593643188e-01 1.5830000000000000e+03 8.7527618408203125e+01
9.9990350008010864e-01 -4.0610162541270256e-03 1.3286906294524670e-02 8.8300204277038574e-01 9.9958646297454834e-01 1.9633686169981956e-02 -2.1011587232351303e-02 9.3524491786956787e-01 3.0720000000000000e+03 8.6079101562500000e+01
-9.9915403127670288e-01 -2.4262554943561554e-02 -3.3205337822437286e-02 1.5422086715698242e+00 -9.9839669466018677e-01 -2.9130291659384966e-03 -5.6529406458139420e-02 1.6424155235290527e+00 1.0190000000000000e+03 2.3275859069824219e+02
9.9949818849563599e-01 -5.6732348166406155e-03 3.1164126470685005e-02 8.9567375183105469e-01 9.9861800670623779e-01 3.0345283448696136e-02 -4.2910695075988770e-02 9.2828357219696045e-01 4.0030000000000000e+03 8.3590255737304688e+01
9.9845063686370850e-01 -1.1846719309687614e-02 5.4370041936635971e-02 8.3199518918991089e-01 9.9927395582199097e-01 2.4233089759945869e-02 -2.9397409409284592e-02 9.3052381277084351e-01 1.3910000000000000e+03 8.9238403320312500e+01
9.9982768297195435e-01 1.5250834403559566e-03 1.8501983955502510e-02 8.9002847671508789e-01 9.9943417310714722e-01 1.9158979877829552e-02 -2.7644092217087746e-02 9.2809885740280151e-01 3.3750000000000000e+03 9.3718582153320312e+01
9.9991726875305176e-01 1.2672329321503639e-03 1.2802393175661564e-02 8.9013856649398804e-01 9.9960219860076904e-01 1.8703065812587738e-02 -2.1111445501446724e-02 9.2612707614898682e-01 4.7120000000000000e+03 8.5806823730468750e+01
9.9993866682052612e-01 6.8069621920585632e-03 8.7427170947194099e-03 9.0495115518569946e-01 9.9963814020156860e-01 1.4055675826966763e-02 -2.2934818640351295e-02 9.2776781320571899e-01 5.0310000000000000e+03 8.6865867614746094e+01
9.9992543458938599e-01 4.5719081535935402e-03 1.1324591003358364e-02 9.0164172649383545e-01 9.9954783916473389e-01 1.6922086477279663e-02 -2.4855855852365494e-02 9.3101233243942261e-01 4.8840000000000000e+03 8.6290718078613281e+01
9.9989712238311768e-01 2.4552878458052874e-03 1.4134037308394909e-02 8.9287590980529785e-01 9.9954414367675781e-01 1.7998673021793365e-02 -2.4235388264060020e-02 9.2914503812789917e-01 4.6910000000000000e+03 8.5902969360351562e+01
-9.9904274940490723e-01 -2.5064717978239059e-02 -3.5852883011102676e-02 1.6079398393630981e+00 -9.9962049722671509e-01 -9.7070364281535149e-03 -2.5779128074645996e-02 1.5970435142517090e+00 1.7760000000000000e+03 2.0588288879394531e+02
9.9989628791809082e-01 1.7602356383576989e-03 1.4297143556177616e-02 8.9217627048492432e-01 9.9952346086502075e-01 1.8005648627877235e-02 -2.5075821205973625e-02 9.2864781618118286e-01 4.5000000000000000e+03 8.5836891174316406e+01
-9.9921566247940063e-01 -2.4718092754483223e-02 -3.0937373638153076e-02 1.5944725275039673e+00 -9.9933409690856934e-01 -1.7207726836204529e-02 -3.2175529748201370e-02 1.6158239841461182e+00 1.8950000000000000e+03 2.0166577148437500e+02
9.9989879131317139e-01 3.9041587151587009e-03 1.3679522089660168e-02 8.9463752508163452e-01 9.9935847520828247e-01 2.1824399009346962e-02 -2.8396768495440483e-02 9.2970049381256104e-01 3.8410000000000000e+03 8.5275215148925781e+01
-9.9883347749710083e-01 -3.6461737006902695e-02 -3.1657829880714417e-02 1.5922652482986450e+00 -9.9848008155822754e-01 -1.2843008153140545e-02 -5.3596589714288712e-02 1.6713292598724365e+00 1.4280000000000000e+03 2.1979202270507812e+02
