9.9939310550689697e-01 -9.0843369252979755e-04 -3.4822668880224228e-02 8.9807701110839844e-01 9.9965888261795044e-01 -4.5914440415799618e-03 2.5712136179208755e-02 8.8760572671890259e-01 1.2370000000000000e+03 8.5638641357421875e+01
-9.9910438060760498e-01 -4.0137652307748795e-02 -1.3392464257776737e-02 1.4910018444061279e+00 -9.9855983257293701e-01 -3.3101256936788559e-02 -4.2221568524837494e-02 1.5964450836181641e+00 1.6030000000000000e+03 2.0400062561035156e+02
9.9959599971771240e-01 -2.6590649504214525e-03 -2.8300659731030464e-02 8.9055919647216797e-01 9.9981486797332764e-01 9.1212587431073189e-03 1.6942374408245087e-02 9.0303546190261841e-01 3.1540000000000000e+03 8.4660385131835938e+01
-9.9928629398345947e-01 -3.7123505026102066e-02 -6.9736503064632416e-03 1.4679746627807617e+00 -9.9864906072616577e-01 -4.7917261719703674e-02 -2.0102798938751221e-02 1.5447824001312256e+00 1.7630000000000000e+03 2.0396426391601562e+02
9.9955797195434570e-01 6.8462023045867682e-04 -2.9721919447183609e-02 8.8818031549453735e-01 9.9992531538009644e-01 4.0398992132395506e-04 1.2211473658680916e-02 9.0614277124404907e-01 4.3350000000000000e+03 8.2337715148925781e+01
-9.9916946887969971e-01 -4.0615830570459366e-02 3.2787986565381289e-03 1.4434226751327515e+00 -9.9878716468811035e-01 -3.8630288094282150e-02 -3.0529040843248367e-02 1.5945816040039062e+00 1.5770000000000000e+03 2.0011730957031250e+02
9.9959063529968262e-01 -8.3025395870208740e-03 -2.7377413585782051e-02 8.7869888544082642e-01 9.9993497133255005e-01 2.7255795430392027e-03 1.1071732267737389e-02 9.1257190704345703e-01 2.1660000000000000e+03 1.1713204193115234e+02
9.9981087446212769e-01 -4.2156898416578770e-03 -1.8987057730555534e-02 8.6981141567230225e-01 9.9997031688690186e-01 5.9036547318100929e-03 4.9403072334825993e-03 9.1648715734481812e-01 1.9750000000000000e+03 1.1157518768310547e+02
9.9961835145950317e-01 2.2775806428398937e-04 -2.7624037116765976e-02 8.7836718559265137e-01 9.9992370605468750e-01 5.0393231213092804e-03 1.1277934536337852e-02 9.0959787368774414e-01 2.1310000000000000e+03 1.0868090057373047e+02
9.9978792667388916e-01 1.1507455259561539e-02 -1.7076602205634117e-02 8.7280321121215820e-01 9.9996989965438843e-01 5.4717408493161201e-03 5.5034435354173183e-03 9.0623086690902710e-01 3.6150000000000000e+03 9.0606208801269531e+01
-9.9920499324798584e-01 -2.1555792540311813e-02 -3.3536147326231003e-02 1.4778453111648560e+00 -9.9938410520553589e-01 -3.0919671058654785e-02 -1.6597701236605644e-02 1.5665402412414551e+00 1.2520000000000000e+03 2.0035780334472656e+02
9.9989503622055054e-01 1.2907514348626137e-02 -6.5708574838936329e-03 7.0734274387359619e-01 9.9989384412765503e-01 -6.0715251602232456e-03 1.3244253583252430e-02 8.9431983232498169e-01 1.0730000000000000e+03 5.8666355133056641e+01
9.9961835145950317e-01 -2.3469625040888786e-02 -1.4569940976798534e-02 8.8033509254455566e-01 9.9998641014099121e-01 2.2759742569178343e-03 4.7066048718988895e-03 9.1523677110671997e-01 1.0110000000000000e+03 1.2356676483154297e+02
9.9972414970397949e-01 -7.5402101501822472e-03 -2.2246250882744789e-02 8.8383626937866211e-01 9.9987822771072388e-01 5.5651650764048100e-03 1.4584653079509735e-02 9.0145838260650635e-01 3.7320000000000000e+03 9.1032539367675781e+01
-9.9907922744750977e-01 -3.2186690717935562e-02 -2.8367234393954277e-02 1.4614990949630737e+00 -9.9918115139007568e-01 -3.8584403693675995e-02 -1.2173256836831570e-02 1.5307501554489136e+00 1.2890000000000000e+03 2.2359271240234375e+02
9.9971044063568115e-01 -4.3989494442939758e-03 -2.3654691874980927e-02 8.8244867324829102e-01 9.9983161687850952e-01 -6.8359468132257462e-03 1.7032815143465996e-02 8.9622777700424194e-01 1.9370000000000000e+03 1.2090552520751953e+02
9.9982005357742310e-01 2.7860482805408537e-04 -1.8968587741255760e-02 3.5926982760429382e-01 9.9986791610717773e-01 1.6082387417554855e-02 2.3242053575813770e-03 3.7471392750740051e-01 1.8610000000000000e+03 9.3558006286621094e+01
9.9975693225860596e-01 -4.0615568868815899e-03 -2.1669348701834679e-02 8.8270860910415649e-01 9.9994385242462158e-01 4.5134797692298889e-03 9.5836846157908440e-03 9.0386229753494263e-01 2.2970000000000000e+03 7.8462028503417969e+01
9.9974393844604492e-01 -1.8352421000599861e-02 -1.3237540610134602e-02 8.9004647731781006e-01 9.9989920854568481e-01 1.3356578536331654e-02 4.8096380196511745e-03 9.1441500186920166e-01 1.7030000000000000e+03 1.2230181884765625e+02
-9.9835044145584106e-01 -3.2367002218961716e-02 -4.7421693801879883e-02 1.5451852083206177e+00 -9.9865847826004028e-01 -4.4370040297508240e-02 -2.6693684980273247e-02 1.5055774450302124e+00 1.1620000000000000e+03 2.2954818725585938e+02
9.9962645769119263e-01 -4.1454229503870010e-03 -2.7016483247280121e-02 8.9968150854110718e-01 9.9990338087081909e-01 1.0861266404390335e-02 8.6770216003060341e-03 9.1311085224151611e-01 3.1340000000000000e+03 8.4080764770507812e+01
-9.9947738647460938e-01 -3.0963169410824776e-02 -9.2843193560838699e-03 1.4440835714340210e+00 -9.9943345785140991e-01 -3.0019320547580719e-02 -1.5215948224067688e-02 1.4654833078384399e+00 2.0040000000000000e+03 1.9818083190917969e+02
9.9974119663238525e-01 -2.7665204834192991e-03 -2.2580064833164215e-02 8.8507366180419922e-01 9.9966883659362793e-01 1.7711849883198738e-02 1.8670652061700821e-02 9.0130072832107544e-01 1.1220000000000000e+03 5.2813770294189453e+01
9.9957847595214844e-01 -3.9288639090955257e-03 -2.8767619282007217e-02 8.8901954889297485e-01 9.9983501434326172e-01 1.0597553104162216e-02 1.4750394038856030e-02 9.1091227531433105e-01 2.7630000000000000e+03 8.6376762390136719e+01
9.9934542179107666e-01 -4.6984017826616764e-03 -3.5869546234607697e-02 9.0699398517608643e-01 9.9982815980911255e-01 1.5220448374748230e-02 1.0586149990558624e-02 9.1551679372787476e-01 1.0310000000000000e+03 9.5776916503906250e+01
9.9954134225845337e-01 -1.5242640860378742e-02 -2.6169423013925552e-02 9.0872609615325928e-01 9.9983155727386475e-01 3.4291257616132498e-03 1.8032131716609001e-02 8.9220082759857178e-01 2.0170000000000000e+03 1.1445364379882812e+02
9.9878156185150146e-01 -2.1999953314661980e-02 -4.4175170361995697e-02 8.9069068431854248e-01 9.9941998720169067e-01 -4.6521518379449844e-03 3.3735506236553192e-02 8.9905226230621338e-01 3.1230000000000000e+03 1.0160198211669922e+02
9.9971055984497070e-01 1.6150403767824173e-02 -1.7828283831477165e-02 8.7539821863174438e-01 9.9989289045333862e-01 8.9968796819448471e-03 1.1546574532985687e-02 8.9144146442413330e-01 2.0240000000000000e+03 5.1321640014648438e+01
9.9961459636688232e-01 -1.2752993963658810e-02 -2.4658678099513054e-02 8.8550055027008057e-01 9.9960237741470337e-01 1.8845327198505402e-02 2.0978244021534920e-02 8.9088922739028931e-01 2.0910000000000000e+03 1.1853276062011719e+02
-9.9842834472656250e-01 -4.7985956072807312e-02 -2.8952926397323608e-02 1.4761910438537598e+00 -9.9950367212295532e-01 -2.0285779610276222e-02 -2.4102101102471352e-02 1.4899209737777710e+00 1.0920000000000000e+03 2.2992491149902344e+02
9.9934512376785278e-01 -1.4517907984554768e-02 -3.3141281455755234e-02 8.9835977554321289e-01 9.9989598989486694e-01 3.5468908026814461e-03 1.3973830267786980e-02 9.0826100111007690e-01 2.4470000000000000e+03 1.1155986785888672e+02
9.9966663122177124e-01 -7.3333536274731159e-03 -2.4755718186497688e-02 9.0249860286712646e-01 9.9988961219787598e-01 4.7640050761401653e-03 1.4074493199586868e-02 9.0313309431076050e-01 2.2700000000000000e+03 9.5417243957519531e+01
-9.9945187568664551e-01 -3.1723316758871078e-02 -9.4669330865144730e-03 1.4391199350357056e+00 -9.9854081869125366e-01 -4.7093801200389862e-02 -2.6427533477544785e-02 1.4982569217681885e+00 1.4010000000000000e+03 2.0689479064941406e+02
9.9966335296630859e-01 -8.2070603966712952e-03 -2.4614544585347176e-02 9.0388154983520508e-01 9.9984323978424072e-01 8.7145874276757240e-03 1.5410725027322769e-02 9.0001487731933594e-01 2.2490000000000000e+03 9.5561988830566406e+01
-9.9934554100036621e-01 -3.3595036715269089e-02 -1.3411386869847775e-02 1.4507664442062378e+00 -9.9891346693038940e-01 -4.1931394487619400e-02 -2.0337959751486778e-02 1.4799433946609497e+00 1.3450000000000000e+03 2.0515840148925781e+02
9.9976050853729248e-01 -2.3151868954300880e-03 -2.1759131923317909e-02 9.0275192260742188e-01 9.9998027086257935e-01 -4.2913183569908142e-03 4.6001649461686611e-03 9.1569954156875610e-01 1.6210000000000000e+03 1.0842504882812500e+02
-9.9917262792587280e-01 -3.6664873361587524e-02 -1.7596658319234848e-02 1.4614697694778442e+00 -9.9895697832107544e-01 -3.8881897926330566e-02 -2.3940199986100197e-02 1.5091164112091064e+00 1.6160000000000000e+03 2.0661660766601562e+02
9.9936664104461670e-01 -1.2952961027622223e-02 -3.3143762499094009e-02 8.9287698268890381e-01 9.9978256225585938e-01 -1.0548287071287632e-02 1.7984639853239059e-02 9.0282815694808960e-01 1.3360000000000000e+03 1.2721706390380859e+02
9.9959015846252441e-01 -1.4091160148382187e-02 -2.4923508986830711e-02 8.7914890050888062e-01 9.9973553419113159e-01 4.2906804010272026e-03 2.2593991830945015e-02 8.8359290361404419e-01 1.2040000000000000e+03 1.2406198120117188e+02
9.9973601102828979e-01 -7.7553074806928635e-03 -2.1627038717269897e-02 8.8336759805679321e-01 9.9992614984512329e-01 3.3034202642738819e-03 1.1691312305629253e-02 8.9082431793212891e-01 2.0350000000000000e+03 1.2360392761230469e+02
9.9963033199310303e-01 -6.8351873196661472e-03 -2.6313588023185730e-02 8.8673168420791626e-01 9.9996125698089600e-01 4.0628579445183277e-03 7.8060547821223736e-03 9.1179835796356201e-01 3.9110000000000000e+03 1.0778931427001953e+02
9.9972593784332275e-01 -1.6917422180995345e-03 -2.3348560556769371e-02 8.8518750667572021e-01 9.9997144937515259e-01 7.1044773794710636e-03 2.5873291306197643e-03 9.1848617792129517e-01 5.0750000000000000e+03 8.5342994689941406e+01
9.9967181682586670e-01 -1.4401271473616362e-03 -2.5575911626219749e-02 8.8429319858551025e-01 9.9995106458663940e-01 5.3043486550450325e-03 8.3519741892814636e-03 9.1156721115112305e-01 4.9500000000000000e+03 8.6301010131835938e+01
-9.9890226125717163e-01 -3.6137025803327560e-02 -2.9802948236465454e-02 1.5263402462005615e+00 -9.9951452016830444e-01 -2.1854123100638390e-02 -2.2204931825399399e-02 1.5527260303497314e+00 1.1330000000000000e+03 2.1388349914550781e+02
9.9958103895187378e-01 -6.1720632947981358e-04 -2.8937209397554398e-02 8.8814181089401245e-01 9.9995166063308716e-01 1.8398901447653770e-03 9.6575627103447914e-03 9.0644663572311401e-01 4.6420000000000000e+03 8.7533393859863281e+01
-9.9896407127380371e-01 -3.4554354846477509e-02 -2.9612464830279350e-02 1.5303722620010376e+00 -9.9938845634460449e-01 -2.4426938965916634e-02 -2.5019776076078415e-02 1.5717089176177979e+00 1.9820000000000000e+03 2.0261958312988281e+02
9.9958300590515137e-01 -1.4880925882607698e-03 -2.8840016573667526e-02 8.8749629259109497e-01 9.9997085332870483e-01 2.5385790504515171e-03 7.2110467590391636e-03 9.0773928165435791e-01 4.5760000000000000e+03 8.5889396667480469e+01
-9.9864083528518677e-01 -3.8563266396522522e-02 -3.5063423216342926e-02 1.5462898015975952e+00 -9.9939060211181641e-01 -2.9938228428363800e-02 -1.7946276813745499e-02 1.5545219182968140e+00 2.4940000000000000e+03 2.0081675720214844e+02
9.9960708618164062e-01 -1.9451083790045232e-04 -2.8029564768075943e-02 8.8051372766494751e-01 9.9997609853744507e-01 1.2188005348434672e-04 6.9110975600779057e-03 9.0857183933258057e-01 4.9590000000000000e+03 8.6898803710937500e+01
-9.9844735860824585e-01 -3.2578840851783752e-02 -4.5181561261415482e-02 1.5790363550186157e+00 -9.9929112195968628e-01 -2.8478339314460754e-02 -2.4622667580842972e-02 1.5780014991760254e+00 1.9790000000000000e+03 1.9911015319824219e+02
9.9969029426574707e-01 -4.8718662583269179e-04 -2.4880843237042427e-02 8.7814491987228394e-01 9.9997967481613159e-01 2.3687167558819056e-03 5.9206420555710793e-03 9.1006112098693848e-01 5.2530000000000000e+03 8.5505424499511719e+01
9.9979281425476074e-01 -3.6293242592364550e-03 -2.0031493157148361e-02 8.7987363338470459e-01 9.9996417760848999e-01 6.9017931818962097e-03 4.9209925346076488e-03 9.0804982185363770e-01 4.4970000000000000e+03 8.6018295288085938e+01
9.9982351064682007e-01 -3.7382587324827909e-03 -1.8407747149467468e-02 8.6991685628890991e-01 9.9995851516723633e-01 3.7363425362855196e-03 8.3158500492572784e-03 9.0819048881530762e-01 3.5620000000000000e+03 8.4757583618164062e+01
9.9993067979812622e-01 -1.0200137039646506e-03 -1.1730830185115337e-02 8.6594462394714355e-01 9.9996590614318848e-01 3.2399778719991446e-03 7.6008359901607037e-03 9.0176409482955933e-01 2.8380000000000000e+03 8.5388481140136719e+01
9.9984252452850342e-01 -1.1973545886576176e-02 -1.3099119067192078e-02 8.7682837247848511e-01 9.9996924400329590e-01 6.0987072065472603e-03 4.9262545071542263e-03 9.0709418058395386e-01 1.5420000000000000e+03 8.6461059570312500e+01
9.9970257282257080e-01 -1.6235522925853729e-02 -1.8201706930994987e-02 8.7706601619720459e-01 9.9997687339782715e-01 4.2737383046187460e-04 6.7807715386152267e-03 9.0249729156494141e-01 1.3500000000000000e+03 1.1118444824218750e+02
9.9956989288330078e-01 -3.0783661641180515e-03 -2.9165454208850861e-02 8.9160168170928955e-01 9.9995815753936768e-01 4.8709348775446415e-03 7.7438824810087681e-03 9.0200209617614746e-01 1.7460000000000000e+03 1.1456243133544922e+02
9.9978208541870117e-01 -5.0728796049952507e-03 -2.0251663401722908e-02 8.7659996747970581e-01 9.9997329711914062e-01 5.3911213763058186e-03 4.9504111520946026e-03 9.0608423948287964e-01 2.3110000000000000e+03 1.0974210357666016e+02
-9.9891984462738037e-01 -4.3831910938024521e-02 -1.5420206822454929e-02 1.3855750560760498e+00 -9.9912506341934204e-01 -3.7483353167772293e-02 -1.8548289313912392e-02 1.5730624198913574e+00 1.1200000000000000e+03 2.1757946777343750e+02
9.9969571828842163e-01 -1.7065988853573799e-02 -1.7809163779020309e-02 8.8516038656234741e-01 9.9995595216751099e-01 4.7191889025270939e-03 8.1177335232496262e-03 9.1593492031097412e-01 2.4120000000000000e+03 1.0489469146728516e+02
9.9967563152313232e-01 -1.2965633533895016e-02 -2.1919816732406616e-02 8.9127552509307861e-01 9.9995744228363037e-01 -6.6897645592689514e-03 6.3548549078404903e-03 9.1476297378540039e-01 1.2830000000000000e+03 1.1402416229248047e+02
9.9903762340545654e-01 -9.8674716427922249e-03 -4.2737882584333420e-02 8.9606815576553345e-01 9.9945592880249023e-01 -1.8680085195228457e-03 3.2930426299571991e-02 9.0422570705413818e-01 2.3690000000000000e+03 8.9580833435058594e+01
-3.7333559244871140e-02 9.9317049980163574e-01 -1.1053751409053802e-01 6.5826755762100220e-01 6.4366008155047894e-03 -7.5598585605621338e-01 -6.5455621480941772e-01 6.4553421735763550e-01 2.2130000000000000e+03 1.3855218505859375e+02
-5.7165282778441906e-03 7.7739429473876953e-01 -6.2898761034011841e-01 9.6001422405242920e-01 -4.0819523856043816e-03 -9.8839104175567627e-01 -1.5187686681747437e-01 9.9501806497573853e-01 5.4110000000000000e+03 1.8518499755859375e+02
9.9937480688095093e-01 -2.1796815097332001e-02 -2.7834596112370491e-02 8.9060127735137939e-01 9.9978613853454590e-01 9.0019209310412407e-03 1.8619317561388016e-02 9.0061211585998535e-01 1.9110000000000000e+03 1.1233542633056641e+02
-5.2193202078342438e-02 7.9021650552749634e-01 -6.1060118675231934e-01 9.1543525457382202e-01 -4.0819523856043816e-03 -9.8839104175567627e-01 -1.5187686681747437e-01 9.9501806497573853e-01 1.2650000000000000e+03 2.1707035827636719e+02
9.9970030784606934e-01 -1.4144511893391609e-02 -1.9982390105724335e-02 8.7796401977539062e-01 9.9982374906539917e-01 1.0414977557957172e-02 1.5620540827512741e-02 8.9412456750869751e-01 1.8450000000000000e+03 1.1023577117919922e+02
9.9978309869766235e-01 8.0495030852034688e-04 -2.0809983834624290e-02 8.7507331371307373e-01 9.9992179870605469e-01 -3.4135866444557905e-03 1.2032509781420231e-02 8.9550226926803589e-01 2.4890000000000000e+03 1.1212896728515625e+02
9.9974936246871948e-01 -1.7056537792086601e-02 -1.4501149766147137e-02 8.7585794925689697e-01 9.9992376565933228e-01 9.1778282076120377e-03 8.2520870491862297e-03 9.0290230512619019e-01 1.5770000000000000e+03 1.0917374420166016e+02
9.9924069643020630e-01 -7.4404813349246979e-03 -3.8242399692535400e-02 8.9705163240432739e-01 9.9972945451736450e-01 1.0072248987853527e-02 2.0964065566658974e-02 9.1006988286972046e-01 2.5620000000000000e+03 7.5098030090332031e+01
9.9968105554580688e-01 -3.9149303920567036e-03 -2.4949764832854271e-02 8.8013654947280884e-01 9.9995887279510498e-01 4.4926744885742664e-03 7.8824777156114578e-03 9.0645134449005127e-01 1.2620000000000000e+03 1.2882963562011719e+02
9.9966353178024292e-01 2.3092990741133690e-03 -2.5836262851953506e-02 8.8822400569915771e-01 9.9993652105331421e-01 7.2779571637511253e-03 8.6089419201016426e-03 9.0193766355514526e-01 2.9670000000000000e+03 1.0418975067138672e+02
9.9957942962646484e-01 3.6162778269499540e-03 -2.8772858902812004e-02 8.8587880134582520e-01 9.9995094537734985e-01 1.5638263430446386e-03 9.7905099391937256e-03 9.0516704320907593e-01 4.2350000000000000e+03 8.5992210388183594e+01
9.9930077791213989e-01 2.0802784711122513e-03 -3.7332192063331604e-02 8.8480329513549805e-01 9.9990677833557129e-01 -4.0944870561361313e-03 1.3018839061260223e-02 9.1222029924392700e-01 4.3430000000000000e+03 8.5477546691894531e+01
-9.9753671884536743e-01 -6.9461561739444733e-02 -9.7812395542860031e-03 1.5384541749954224e+00 -9.9973732233047485e-01 -1.4978990890085697e-02 -1.7348160967230797e-02 1.6024791002273560e+00 1.3990000000000000e+03 2.0929408264160156e+02
9.9968606233596802e-01 -5.7969219051301479e-03 -2.4376280605792999e-02 8.8199371099472046e-01 9.9990022182464600e-01 1.7344702500849962e-03 1.4021740294992924e-02 9.0016996860504150e-01 4.1030000000000000e+03 9.8439193725585938e+01
-9.9912726879119873e-01 -3.9207510650157928e-02 -1.4404932968318462e-02 1.5187133550643921e+00 -9.9961113929748535e-01 -2.1578719839453697e-02 -1.7662005499005318e-02 1.6174792051315308e+00 1.3770000000000000e+03 2.0411637878417969e+02
-9.9829608201980591e-01 -5.3713444620370865e-02 -2.2797450423240662e-02 1.5448623895645142e+00 -9.9872821569442749e-01 -4.9443237483501434e-02 -9.8679047077894211e-03 1.5887182950973511e+00 1.3180000000000000e+03 2.1599392700195312e+02
9.9964362382888794e-01 -1.3979905284941196e-02 -2.2742666304111481e-02 8.7968838214874268e-01 9.9987751245498657e-01 7.9740174114704132e-03 1.3464365154504776e-02 9.0022838115692139e-01 3.5700000000000000e+03 1.0960056304931641e+02
9.9973911046981812e-01 -2.5668153539299965e-03 -2.2696422412991524e-02 8.8317120075225830e-01 9.9999529123306274e-01 1.2584780342876911e-03 2.7935579419136047e-03 9.0854591131210327e-01 3.5040000000000000e+03 1.0320233917236328e+02
9.9966412782669067e-01 -3.8462057709693909e-03 -2.5631433352828026e-02 8.8642990589141846e-01 9.9998384714126587e-01 -4.0855607949197292e-03 3.9696195162832737e-03 9.1605031490325928e-01 3.0380000000000000e+03 1.0272087097167969e+02
9.9950039386749268e-01 1.1533421929925680e-03 -3.1587064266204834e-02 8.8837015628814697e-01 9.9998164176940918e-01 -3.3691225107759237e-03 5.0410218536853790e-03 9.1522276401519775e-01 4.2690000000000000e+03 9.2075195312500000e+01
9.9950259923934937e-01 -3.1547178514301777e-03 -3.1377814710140228e-02 8.8947761058807373e-01 9.9994641542434692e-01 -5.3428590763360262e-04 1.0340338572859764e-02 9.0695291757583618e-01 4.7900000000000000e+03 8.8978286743164062e+01
-9.9896866083145142e-01 -3.8808438926935196e-02 -2.3567719385027885e-02 1.5424650907516479e+00 -9.9904495477676392e-01 -4.2820423841476440e-02 -8.7030008435249329e-03 1.5801907777786255e+00 1.3700000000000000e+03 2.1842628479003906e+02
9.9957460165023804e-01 -4.7014464507810771e-04 -2.9163222759962082e-02 8.8931399583816528e-01 9.9996167421340942e-01 2.0596096292138100e-03 8.5205901414155960e-03 9.0190309286117554e-01 4.9820000000000000e+03 8.8386589050292969e+01
-9.9871623516082764e-01 -4.1646704077720642e-02 -2.8835864737629890e-02 1.5521495342254639e+00 -9.9887514114379883e-01 -4.7222990542650223e-02 -4.3141935020685196e-03 1.5753227472305298e+00 1.2120000000000000e+03 2.1532260131835938e+02
9.9957126379013062e-01 3.6665078368969262e-04 -2.9278300702571869e-02 8.8692247867584229e-01 9.9998319149017334e-01 1.9438609015196562e-03 5.4680332541465759e-03 9.0885806083679199e-01 5.2730000000000000e+03 8.9216720581054688e+01
-9.9894779920578003e-01 -3.6436285823583603e-02 -2.7849340811371803e-02 1.5501657724380493e+00 -9.9943476915359497e-01 -3.3337295055389404e-02 -4.3200636282563210e-03 1.5716625452041626e+00 1.5020000000000000e+03 2.0691744995117188e+02
9.9960011243820190e-01 -5.5018090642988682e-04 -2.8271995484828949e-02 8.8670265674591064e-01 9.9998646974563599e-01 3.6311179865151644e-03 3.7280253600329161e-03 9.1421961784362793e-01 5.4050000000000000e+03 8.6239959716796875e+01
9.9949783086776733e-01 2.0331833511590958e-03 -3.1620100140571594e-02 8.8786822557449341e-01 9.9996876716613770e-01 2.1899819839745760e-03 7.5946464203298092e-03 9.0670806169509888e-01 5.2860000000000000e+03 8.6059379577636719e+01
-9.9857509136199951e-01 -4.9519710242748260e-02 -1.9890591502189636e-02 1.5250122547149658e+00 -9.9951112270355225e-01 -1.7458019778132439e-02 -2.5935992598533630e-02 1.5860475301742554e+00 2.1620000000000000e+03 2.0360008239746094e+02
9.9957382678985596e-01 2.1687014959752560e-03 -2.9110280796885490e-02 8.8591974973678589e-01 9.9998605251312256e-01 2.2711679339408875e-03 4.7709830105304718e-03 9.0716212987899780e-01 4.6920000000000000e+03 8.6181365966796875e+01
9.9951052665710449e-01 3.9056718815118074e-03 -3.1039949506521225e-02 8.8717484474182129e-01 9.9997955560684204e-01 2.9477186035364866e-03 5.6805731728672981e-03 9.1136515140533447e-01 3.2020000000000000e+03 8.5959930419921875e+01
-9.9940019845962524e-01 -3.4212283790111542e-02 -5.3620063699781895e-03 1.4773631095886230e+00 -9.9913638830184937e-01 -2.6509059593081474e-02 -3.1995646655559540e-02 1.5998524427413940e+00 1.8590000000000000e+03 2.0067185974121094e+02
9.9972218275070190e-01 -6.1373454518616199e-03 -2.2757340222597122e-02 8.7562596797943115e-01 9.9994975328445435e-01 3.2429699786007404e-03 9.4873495399951935e-03 9.0199702978134155e-01 2.5240000000000000e+03 1.0915808105468750e+02
9.9953478574752808e-01 -4.8654335550963879e-03 -3.0111782252788544e-02 8.8494014739990234e-01 9.9988824129104614e-01 5.4649799130856991e-03 1.3920840807259083e-02 9.0080380439758301e-01 3.3450000000000000e+03 9.5375488281250000e+01
9.9973553419113159e-01 7.5715738348662853e-03 -2.1714175119996071e-02 8.7525629997253418e-01 9.9996864795684814e-01 1.8084970361087471e-04 7.9065272584557533e-03 8.9899855852127075e-01 2.3030000000000000e+03 1.0797047424316406e+02
-9.9834340810775757e-01 -5.5221345275640488e-02 -1.6154855489730835e-02 1.4394307136535645e+00 -9.9867856502532959e-01 -5.0003666430711746e-02 -1.1862032115459442e-02 1.5515887737274170e+00 1.0920000000000000e+03 2.0880128479003906e+02
9.9977570772171021e-01 -7.0772529579699039e-03 -1.9959928467869759e-02 8.7302702665328979e-01 9.9978798627853394e-01 1.6143042594194412e-03 2.0527085289359093e-02 8.7811225652694702e-01 1.8140000000000000e+03 1.2327067565917969e+02
9.9960255622863770e-01 -1.5439625829458237e-02 -2.3586442694067955e-02 8.7791281938552856e-01 9.9990826845169067e-01 6.7616663873195648e-03 1.1735855601727962e-02 9.0302109718322754e-01 1.4910000000000000e+03 1.2469013977050781e+02
9.9947357177734375e-01 -3.9535909891128540e-03 -3.2202750444412231e-02 8.9241814613342285e-01 9.9969041347503662e-01 1.3421547599136829e-02 2.0947556942701340e-02 8.8686126470565796e-01 2.2200000000000000e+03 8.3190681457519531e+01
9.9964314699172974e-01 -1.9135886803269386e-02 -1.8640346825122833e-02 8.6964231729507446e-01 9.9936789274215698e-01 7.5177173130214214e-03 3.4746479243040085e-02 8.5567224025726318e-01 1.1200000000000000e+03 1.1165061950683594e+02
9.9955469369888306e-01 -1.1496954597532749e-02 -2.7537357062101364e-02 9.0012764930725098e-01 9.9995559453964233e-01 -2.5457024457864463e-04 9.4177648425102234e-03 8.9808690547943115e-01 1.5620000000000000e+03 1.2904930114746094e+02
9.9963450431823730e-01 -1.9533228129148483e-02 -1.8692849203944206e-02 8.9718401432037354e-01 9.9990350008010864e-01 -4.0610162541270256e-03 1.3286906294524670e-02 8.8300204277038574e-01 1.4190000000000000e+03 1.2349330139160156e+02
9.9893200397491455e-01 -1.7901474609971046e-02 -4.2596176266670227e-02 8.8811743259429932e-01 9.9949818849563599e-01 -5.6732348166406155e-03 3.1164126470685005e-02 8.9567375183105469e-01 1.7650000000000000e+03 1.0712634277343750e+02
9.9942874908447266e-01 -5.5778195383027196e-04 -3.3791966736316681e-02 8.9380568265914917e-01 9.9845063686370850e-01 -1.1846719309687614e-02 5.4370041936635971e-02 8.3199518918991089e-01 1.3910000000000000e+03 8.3678649902343750e+01
-9.9882060289382935e-01 -4.7412026673555374e-02 -1.0461074300110340e-02 1.4808554649353027e+00 -9.9900406599044800e-01 -2.6460625231266022e-02 -3.5926070064306259e-02 1.2946344614028931e+00 1.5080000000000000e+03 2.1949270629882812e+02
9.9975287914276123e-01 -1.2388058006763458e-02 -1.8460651859641075e-02 8.7898975610733032e-01 9.9991726875305176e-01 1.2672329321503639e-03 1.2802393175661564e-02 8.9013856649398804e-01 1.4980000000000000e+03 1.2702336120605469e+02
9.9973011016845703e-01 -4.9398350529372692e-03 -2.2702813148498535e-02 8.8541197776794434e-01 9.9993866682052612e-01 6.8069621920585632e-03 8.7427170947194099e-03 9.0495115518569946e-01 5.0310000000000000e+03 9.2828849792480469e+01
9.9970620870590210e-01 -4.1139533277601004e-04 -2.4234725162386894e-02 8.8278657197952271e-01 9.9992543458938599e-01 4.5719081535935402e-03 1.1324591003358364e-02 9.0164172649383545e-01 4.8840000000000000e+03 8.5517105102539062e+01
9.9969142675399780e-01 5.3533760365098715e-05 -2.4839563295245171e-02 8.8378894329071045e-01 9.9989712238311768e-01 2.4552878458052874e-03 1.4134037308394909e-02 8.9287590980529785e-01 4.6910000000000000e+03 8.4979782104492188e+01
-9.9923747777938843e-01 -3.3017247915267944e-02 -2.0839923992753029e-02 1.5055189132690430e+00 -9.9904274940490723e-01 -2.5064717978239059e-02 -3.5852883011102676e-02 1.6079398393630981e+00 1.7760000000000000e+03 2.0588288879394531e+02
9.9957185983657837e-01 -1.7665389459580183e-03 -2.9206193983554840e-02 8.9023005962371826e-01 9.9989628791809082e-01 1.7602356383576989e-03 1.4297143556177616e-02 8.9217627048492432e-01 4.5000000000000000e+03 8.5836891174316406e+01
-9.9932169914245605e-01 -2.8840454295277596e-02 -2.2900609299540520e-02 1.5163240432739258e+00 -9.9921566247940063e-01 -2.4718092754483223e-02 -3.0937373638153076e-02 1.5944725275039673e+00 2.2440000000000000e+03 2.0166577148437500e+02
9.9952298402786255e-01 -2.1278175991028547e-03 -3.0809536576271057e-02 8.8738352060317993e-01 9.9989879131317139e-01 3.9041587151587009e-03 1.3679522089660168e-02 8.9463752508163452e-01 3.8410000000000000e+03 8.4514892578125000e+01
-9.9873125553131104e-01 -4.0765874087810516e-02 -2.9564600437879562e-02 1.5416327714920044e+00 -9.9883347749710083e-01 -3.6461737006902695e-02 -3.1657829880714417e-02 1.5922652482986450e+00 2.4750000000000000e+03 2.0003231811523438e+02
