9.9985492229461670e-01 -1.2841040268540382e-02 -1.1191567406058311e-02 9.0841245651245117e-01 9.9965888261795044e-01 -4.5914440415799618e-03 2.5712136179208755e-02 8.8760572671890259e-01 1.2370000000000000e+03 8.8432579040527344e+01
-9.9989759922027588e-01 -4.2811660096049309e-03 -1.3656294904649258e-02 1.5681065320968628e+00 -9.9855983257293701e-01 -3.3101256936788559e-02 -4.2221568524837494e-02 1.5964450836181641e+00 1.6030000000000000e+03 2.0400062561035156e+02
9.9988770484924316e-01 -8.3725638687610626e-03 -1.2424829415977001e-02 9.1448265314102173e-01 9.9981486797332764e-01 9.1212587431073189e-03 1.6942374408245087e-02 9.0303546190261841e-01 3.1540000000000000e+03 8.9879142761230469e+01
-9.9989432096481323e-01 -1.3423547148704529e-02 -5.5887675844132900e-03 1.5262086391448975e+00 -9.9864906072616577e-01 -4.7917261719703674e-02 -2.0102798938751221e-02 1.5447824001312256e+00 1.7630000000000000e+03 2.0396426391601562e+02
9.9985367059707642e-01 -9.4838943332433701e-03 -1.4238403178751469e-02 9.1291797161102295e-01 9.9992531538009644e-01 4.0398992132395506e-04 1.2211473658680916e-02 9.0614277124404907e-01 4.3350000000000000e+03 8.8728065490722656e+01
-9.9964821338653564e-01 -1.6403101384639740e-02 -2.0843528211116791e-02 1.5953555107116699e+00 -9.9878716468811035e-01 -3.8630288094282150e-02 -3.0529040843248367e-02 1.5945816040039062e+00 2.7280000000000000e+03 2.0011730957031250e+02
9.9984490871429443e-01 -1.2330717407166958e-02 -1.2578443624079227e-02 9.0785568952560425e-01 9.9996286630630493e-01 2.7475743554532528e-03 8.1755183637142181e-03 9.1116160154342651e-01 5.1790000000000000e+03 8.5405532836914062e+01
-9.9994730949401855e-01 -3.3044510055333376e-03 9.7119482234120369e-03 1.5068386793136597e+00 -9.9933522939682007e-01 -2.9474027454853058e-02 -2.1457800641655922e-02 1.5636742115020752e+00 2.3170000000000000e+03 1.9668539428710938e+02
9.9981611967086792e-01 -1.5875322744250298e-02 -1.0752687230706215e-02 9.0512073040008545e-01 9.9993497133255005e-01 2.7255795430392027e-03 1.1071732267737389e-02 9.1257190704345703e-01 5.2500000000000000e+03 8.7605400085449219e+01
-9.9993157386779785e-01 -1.1469779536128044e-02 2.3359418846666813e-03 1.5384790897369385e+00 -9.9942600727081299e-01 -2.6330718770623207e-02 -2.1313391625881195e-02 1.5582134723663330e+00 2.3570000000000000e+03 1.9890325927734375e+02
9.9988609552383423e-01 -1.0699612088501453e-02 -1.0645938105881214e-02 9.0398561954498291e-01 9.9997031688690186e-01 5.9036547318100929e-03 4.9403072334825993e-03 9.1648715734481812e-01 5.1430000000000000e+03 8.6534950256347656e+01
-9.9991840124130249e-01 -5.2343728020787239e-03 -1.1660216376185417e-02 1.5985188484191895e+00 -9.9941134452819824e-01 -3.2985564321279526e-02 -9.4224335625767708e-03 1.5288217067718506e+00 2.7280000000000000e+03 2.0066842651367188e+02
9.9992156028747559e-01 -1.0904819704592228e-02 -6.1551905237138271e-03 9.0101844072341919e-01 9.9992370605468750e-01 5.0393231213092804e-03 1.1277934536337852e-02 9.0959787368774414e-01 3.3110000000000000e+03 9.6606094360351562e+01
-9.9990785121917725e-01 -1.1558123864233494e-02 -7.1217757649719715e-03 1.5515748262405396e+00 -9.9916779994964600e-01 -3.4634865820407867e-02 -2.1543014794588089e-02 1.5592459440231323e+00 2.8920000000000000e+03 1.9794689941406250e+02
9.9974167346954346e-01 -2.0210362970829010e-02 -1.0403325781226158e-02 8.8733285665512085e-01 9.9989384412765503e-01 -6.0715251602232456e-03 1.3244253583252430e-02 8.9431983232498169e-01 1.3700000000000000e+03 1.2132460021972656e+02
9.9986219406127930e-01 5.3039719350636005e-03 -1.5725634992122650e-02 9.0766674280166626e-01 9.9985980987548828e-01 -2.3957469966262579e-03 1.6567872837185860e-02 8.8156193494796753e-01 2.7000000000000000e+03 7.4191482543945312e+01
9.9992227554321289e-01 -3.1642804387956858e-03 -1.2056643143296242e-02 9.0975439548492432e-01 9.9998641014099121e-01 2.2759742569178343e-03 4.7066048718988895e-03 9.1523677110671997e-01 1.7930000000000000e+03 8.2948867797851562e+01
9.9978041648864746e-01 -2.0004814490675926e-02 -6.2314262613654137e-03 9.0075236558914185e-01 9.9987822771072388e-01 5.5651650764048100e-03 1.4584653079509735e-02 9.0145838260650635e-01 1.0010000000000000e+03 9.1032539367675781e+01
-4.2100619524717331e-02 9.7477507591247559e-01 -2.1918271481990814e-01 1.3364620208740234e+00 9.0973050100728869e-04 5.0814813375473022e-01 -8.6126923561096191e-01 1.4715381860733032e+00 1.0990000000000000e+03 1.6032710266113281e+02
9.9994432926177979e-01 4.4381120242178440e-03 -9.5738945528864861e-03 3.6312699317932129e-01 9.9998795986175537e-01 2.0977782551199198e-03 4.4447346590459347e-03 3.7044578790664673e-01 1.6760000000000000e+03 9.8682815551757812e+01
-1.1588843166828156e-01 4.9053332209587097e-01 -8.6368209123611450e-01 2.7330744266510010e+00 -6.7269735038280487e-02 -2.2059787809848785e-01 -9.7304242849349976e-01 2.6793701648712158e+00 3.0020000000000000e+03 1.8162812805175781e+02
9.7507482860237360e-04 -3.3844196796417236e-01 -9.4098675251007080e-01 1.7809886932373047e+00 -5.2125673741102219e-02 -9.1865348815917969e-01 -3.9161035418510437e-01 1.7898600101470947e+00 2.1280000000000000e+03 2.1355169677734375e+02
6.7964874207973480e-02 4.5289441943168640e-02 -9.9665921926498413e-01 1.6870521306991577e+00 -5.8086295612156391e-03 -6.5182411670684814e-01 -7.5834792852401733e-01 1.6847345829010010e+00 5.6410000000000000e+03 1.6155671691894531e+02
-3.0443899333477020e-02 5.5370770394802094e-02 -9.9800163507461548e-01 1.7551634311676025e+00 -5.8086295612156391e-03 -6.5182411670684814e-01 -7.5834792852401733e-01 1.6847345829010010e+00 4.9150000000000000e+03 1.9261871337890625e+02
-7.7016726136207581e-02 2.3066188395023346e-01 -9.6998119354248047e-01 2.1405804157257080e+00 -9.1013219207525253e-03 -4.3575465679168701e-01 -9.0001946687698364e-01 2.0845341682434082e+00 3.5780000000000000e+03 1.9346339416503906e+02
-1.6014239192008972e-01 1.0599081963300705e-01 -9.8138689994812012e-01 2.7203478813171387e+00 -4.5738473534584045e-02 -5.8599066734313965e-01 -8.0902588367462158e-01 2.6535267829895020e+00 6.1100000000000000e+03 1.8393583679199219e+02
1.1933661997318268e-02 -4.6273374557495117e-01 -8.8641703128814697e-01 4.8331442475318909e-01 1.5791820362210274e-02 -9.6277844905853271e-01 -2.6983010768890381e-01 5.1695400476455688e-01 5.6170000000000000e+03 1.7396563720703125e+02
9.9990695714950562e-01 -1.2580154463648796e-02 5.2762366831302643e-03 8.8271230459213257e-01 9.9966883659362793e-01 1.7711849883198738e-02 1.8670652061700821e-02 9.0130072832107544e-01 1.1220000000000000e+03 8.0413749694824219e+01
-6.5532294102013111e-03 7.0013189315795898e-01 -7.1398353576660156e-01 1.0268421173095703e+00 1.0776180773973465e-02 -3.3352014725096524e-04 -9.9994182586669922e-01 1.0387058258056641e+00 2.9880000000000000e+03 1.9286512756347656e+02
9.9989593029022217e-01 -1.0708436369895935e-02 -9.6760923042893410e-03 9.0923911333084106e-01 9.9994409084320068e-01 4.3090516701340675e-03 9.6552129834890366e-03 9.0611660480499268e-01 3.1180000000000000e+03 9.3719367980957031e+01
-7.6397418975830078e-02 9.1659390926361084e-01 -3.9245274662971497e-01 1.8581849336624146e+00 4.8361811786890030e-03 2.8567573428153992e-01 -9.5831406116485596e-01 1.7890557050704956e+00 2.9330000000000000e+03 1.4268394470214844e+02
-7.6397418975830078e-02 9.1659390926361084e-01 -3.9245274662971497e-01 1.8581849336624146e+00 -2.0901823416352272e-02 2.7447342872619629e-01 -9.6136754751205444e-01 1.9491649866104126e+00 2.3410000000000000e+03 1.9847500610351562e+02
9.9979043006896973e-01 1.6415568825323135e-04 -2.0473632961511612e-02 9.1194224357604980e-01 9.9991321563720703e-01 8.4475511685013771e-03 -1.0111181065440178e-02 9.1627532243728638e-01 4.4760000000000000e+03 8.6140747070312500e+01
-1.2982578575611115e-01 9.1745674610137939e-01 -3.7605628371238708e-01 2.4648201465606689e+00 -5.8361347764730453e-02 3.8188111782073975e-01 -9.2236691713333130e-01 2.3874075412750244e+00 1.0600000000000000e+03 2.0300990295410156e+02
9.9983799457550049e-01 -1.7929248511791229e-02 1.6299232374876738e-03 8.8997316360473633e-01 9.9952411651611328e-01 2.2890873253345490e-02 2.0675273612141609e-02 8.8857722282409668e-01 1.0910000000000000e+03 8.7372657775878906e+01
9.9984198808670044e-01 -1.7568940296769142e-02 -2.6947555597871542e-03 8.9173763990402222e-01 9.9995535612106323e-01 9.4534819945693016e-03 6.5447435190435499e-05 9.1997402906417847e-01 1.8700000000000000e+03 9.5742782592773438e+01
9.9977302551269531e-01 -2.1263450384140015e-02 1.3589918380603194e-03 8.9169591665267944e-01 9.9995505809783936e-01 9.0745612978935242e-03 2.7472020592540503e-03 9.2006891965866089e-01 1.7040000000000000e+03 1.0338673400878906e+02
9.9993979930877686e-01 -1.0957366786897182e-02 -5.1206158241257071e-04 8.8679718971252441e-01 9.9998408555984497e-01 4.8093614168465137e-03 2.9798601754009724e-03 9.2360329627990723e-01 2.6400000000000000e+03 9.2382339477539062e+01
-9.9984043836593628e-01 -1.6759205609560013e-02 -6.1931130476295948e-03 1.2058681249618530e+00 -9.9885654449462891e-01 -4.4092342257499695e-02 -1.8474407494068146e-02 1.2242209911346436e+00 1.0190000000000000e+03 2.1071737670898438e+02
-5.0569687038660049e-02 8.8969212770462036e-01 -4.5375165343284607e-01 1.4477113485336304e+00 -2.5256695225834846e-02 3.0290985107421875e-01 -9.5268446207046509e-01 1.3987497091293335e+00 3.7660000000000000e+03 1.7666354370117188e+02
-4.6716384589672089e-02 8.5665607452392578e-01 -5.1376831531524658e-01 1.2838011980056763e+00 -2.9781048651784658e-03 2.3863241076469421e-01 -9.7110545635223389e-01 1.1521080732345581e+00 2.2410000000000000e+03 1.5487371826171875e+02
9.9982863664627075e-01 -1.2971342541277409e-02 -1.3207340613007545e-02 9.0463823080062866e-01 9.9973756074905396e-01 -9.7934538498520851e-03 2.0710593089461327e-02 8.9334601163864136e-01 1.2480000000000000e+03 9.8203529357910156e+01
-5.8852240443229675e-02 2.0533320307731628e-01 -9.7692096233367920e-01 2.3180141448974609e+00 -1.0140174627304077e-01 -5.3481936454772949e-01 -8.3885997533798218e-01 2.3499319553375244e+00 1.6140000000000000e+03 2.1013011169433594e+02
9.9986541271209717e-01 -4.6535027213394642e-03 -1.5735428780317307e-02 9.0467387437820435e-01 9.9996912479400635e-01 -4.5224903151392937e-03 6.4200055785477161e-03 9.0909993648529053e-01 2.5910000000000000e+03 9.3536476135253906e+01
9.9986195564270020e-01 -4.5774234458804131e-03 -1.5969939529895782e-02 9.0829557180404663e-01 9.9998897314071655e-01 -4.5998715795576572e-03 9.0977037325501442e-04 9.2007082700729370e-01 2.6870000000000000e+03 9.8477996826171875e+01
9.9984383583068848e-01 -2.9514627531170845e-03 -1.7425071448087692e-02 9.1773390769958496e-01 9.9983155727386475e-01 3.4291257616132498e-03 1.8032131716609001e-02 8.9220082759857178e-01 3.0880000000000000e+03 7.7435882568359375e+01
9.9982190132141113e-01 -1.8821131438016891e-02 1.3776372652500868e-03 9.0480673313140869e-01 9.9941998720169067e-01 -4.6521518379449844e-03 3.3735506236553192e-02 8.9905226230621338e-01 1.5820000000000000e+03 8.3289573669433594e+01
-3.8154184818267822e-02 9.9922347068786621e-01 -9.8308548331260681e-03 8.7982779741287231e-01 -1.0927739553153515e-02 7.0174908638000488e-01 -7.1234041452407837e-01 8.1532245874404907e-01 2.0140000000000000e+03 1.6918032836914062e+02
9.9994349479675293e-01 -1.0320692323148251e-02 2.5578918866813183e-03 8.8906383514404297e-01 9.9991428852081299e-01 1.1931150220334530e-02 5.3951493464410305e-03 9.1964089870452881e-01 2.9840000000000000e+03 9.5004020690917969e+01
-6.9611132144927979e-02 9.1592705249786377e-01 -3.9526182413101196e-01 1.9515529870986938e+00 -2.5048539973795414e-03 2.7569636702537537e-01 -9.6124142408370972e-01 1.9008648395538330e+00 3.7860000000000000e+03 1.4360018920898438e+02
9.9996447563171387e-01 -8.4196841344237328e-03 -1.5264628746081144e-04 8.8985538482666016e-01 9.9994695186614990e-01 1.0062970221042633e-02 2.1846054587513208e-03 9.1901844739913940e-01 3.0610000000000000e+03 9.5585754394531250e+01
-6.7431293427944183e-02 9.1008520126342773e-01 -4.0889838337898254e-01 1.9256887435913086e+00 -5.2347849123179913e-03 2.6453641057014465e-01 -9.6436154842376709e-01 1.8939338922500610e+00 3.5620000000000000e+03 1.4270294189453125e+02
9.9990630149841309e-01 -9.6622388809919357e-03 -9.6995402127504349e-03 8.9979749917984009e-01 9.9995303153991699e-01 8.3054406568408012e-03 -5.0040618516504765e-03 9.2773956060409546e-01 2.9910000000000000e+03 9.2206954956054688e+01
-5.7125516235828400e-02 8.4889829158782959e-01 -5.2546012401580811e-01 1.9633404016494751e+00 2.1217277273535728e-02 2.0844922959804535e-01 -9.7780299186706543e-01 1.9155106544494629e+00 1.8080000000000000e+03 1.5291284179687500e+02
-5.7125516235828400e-02 8.4889829158782959e-01 -5.2546012401580811e-01 1.9633404016494751e+00 -1.1226004920899868e-02 1.3471721112728119e-01 -9.9082052707672119e-01 1.9036374092102051e+00 4.0900000000000000e+03 1.5501197814941406e+02
9.9993884563446045e-01 -9.0993857011198997e-03 -6.2831486575305462e-03 9.0088981389999390e-01 9.9995833635330200e-01 9.1240787878632545e-03 4.3545305379666388e-04 9.2263203859329224e-01 3.0960000000000000e+03 8.9644378662109375e+01
-6.9421805441379547e-02 8.3749574422836304e-01 -5.4201614856719971e-01 2.0847139358520508e+00 -2.3083426058292389e-03 1.5456302464008331e-01 -9.8798024654388428e-01 1.9986790418624878e+00 4.2190000000000000e+03 1.5877838134765625e+02
-5.8550339192152023e-02 7.1144789457321167e-01 -7.0029544830322266e-01 2.0461726188659668e+00 2.6569256559014320e-02 2.3870525881648064e-02 -9.9936187267303467e-01 2.0564846992492676e+00 1.9250000000000000e+03 1.8633174133300781e+02
-5.8550339192152023e-02 7.1144789457321167e-01 -7.0029544830322266e-01 2.0461726188659668e+00 1.2016803026199341e-02 9.2483207583427429e-02 -9.9564170837402344e-01 2.0036506652832031e+00 1.5590000000000000e+03 1.8633174133300781e+02
-5.8550339192152023e-02 7.1144789457321167e-01 -7.0029544830322266e-01 2.0461726188659668e+00 -1.1362592922523618e-03 8.5626909276470542e-04 -9.9999898672103882e-01 2.0027797222137451e+00 3.3470000000000000e+03 1.8983149719238281e+02
9.9961286783218384e-01 -7.4028605595231056e-03 -2.6819853112101555e-02 9.0414863824844360e-01 9.9996733665466309e-01 -7.6915556564927101e-03 -2.4984991177916527e-03 9.1007250547409058e-01 3.7820000000000000e+03 8.4976509094238281e+01
-3.0554085969924927e-03 6.4522039890289307e-01 -7.6399034261703491e-01 1.0638939142227173e+00 3.2269805669784546e-03 -5.3120441734790802e-03 -9.9998074769973755e-01 1.0164737701416016e+00 7.2770000000000000e+03 1.3608819580078125e+02
7.1965684182941914e-03 1.7258884385228157e-02 -9.9982511997222900e-01 1.0953028202056885e+00 -9.6352193504571915e-03 -6.6376286745071411e-01 -7.4788099527359009e-01 1.1391164064407349e+00 8.6600000000000000e+03 1.7697494506835938e+02
4.0996368043124676e-03 -2.1050032973289490e-01 -9.7758525609970093e-01 1.5851370096206665e+00 -5.6305207312107086e-02 -8.3925032615661621e-01 -5.4082208871841431e-01 1.6394898891448975e+00 4.4600000000000000e+03 1.9979260253906250e+02
9.9998170137405396e-01 -5.1322658546268940e-03 3.2054793555289507e-03 8.8740074634552002e-01 9.9988961219787598e-01 4.7640050761401653e-03 1.4074493199586868e-02 9.0313309431076050e-01 1.9580000000000000e+03 9.0453300476074219e+01
-3.3908782061189413e-03 -2.8313583135604858e-01 -9.5907384157180786e-01 1.9500344991683960e+00 -7.1346931159496307e-02 -8.7887269258499146e-01 -4.7169098258018494e-01 1.9792840480804443e+00 3.1390000000000000e+03 2.0503535461425781e+02
9.9994683265686035e-01 -3.9647482335567474e-03 9.5164803788065910e-03 8.7589526176452637e-01 9.9984323978424072e-01 8.7145874276757240e-03 1.5410725027322769e-02 9.0001487731933594e-01 1.9300000000000000e+03 9.0149398803710938e+01
-3.9817318320274353e-03 -2.7884688973426819e-01 -9.6032732725143433e-01 1.9487129449844360e+00 -7.0859201252460480e-02 -8.7712043523788452e-01 -4.7501444816589355e-01 1.9832974672317505e+00 3.0810000000000000e+03 2.0456021118164062e+02
9.9994564056396484e-01 -4.5184055343270302e-03 -9.3924039974808693e-03 9.0046322345733643e-01 9.9998027086257935e-01 -4.2913183569908142e-03 4.6001649461686611e-03 9.1569954156875610e-01 1.6210000000000000e+03 1.0842504882812500e+02
-1.3737111352384090e-02 -4.4420936703681946e-01 -8.9581769704818726e-01 2.0137939453125000e+00 -1.0578531771898270e-01 -9.4488692283630371e-01 -3.0983561277389526e-01 2.0827999114990234e+00 1.2490000000000000e+03 2.1407525634765625e+02
9.9990451335906982e-01 -1.3548935763537884e-02 -2.7355707716196775e-03 8.8767915964126587e-01 9.9978256225585938e-01 -1.0548287071287632e-02 1.7984639853239059e-02 9.0282815694808960e-01 1.3360000000000000e+03 1.2721706390380859e+02
9.9988579750061035e-01 -1.2125013396143913e-02 -9.0240556746721268e-03 8.9668750762939453e-01 9.9973553419113159e-01 4.2906804010272026e-03 2.2593991830945015e-02 8.8359290361404419e-01 1.2040000000000000e+03 6.4504661560058594e+01
1.2178598903119564e-02 9.0951453894376755e-03 -9.9988442659378052e-01 9.3147790431976318e-01 8.7949316948652267e-03 -6.7906314134597778e-01 -7.3402720689773560e-01 9.7331428527832031e-01 3.5080000000000000e+03 1.6899569702148438e+02
9.9989777803421021e-01 -8.9456420391798019e-03 -1.1157093569636345e-02 8.8858133554458618e-01 9.9992614984512329e-01 3.3034202642738819e-03 1.1691312305629253e-02 8.9082431793212891e-01 1.2780000000000000e+03 7.2257247924804688e+01
9.9998927116394043e-01 -4.1421907953917980e-03 -2.0591649226844311e-03 8.9090389013290405e-01 9.9996125698089600e-01 4.0628579445183277e-03 7.8060547821223736e-03 9.1179835796356201e-01 1.4870000000000000e+03 8.0171379089355469e+01
-5.9480026364326477e-02 -1.8937595188617706e-01 -9.8010146617889404e-01 3.0583100318908691e+00 -1.2034113705158234e-01 -8.5605746507644653e-01 -5.0267648696899414e-01 2.9800806045532227e+00 1.0040000000000000e+03 2.1049800109863281e+02
9.9984449148178101e-01 -1.6882665455341339e-02 5.0996509380638599e-03 8.7040412425994873e-01 9.9995166063308716e-01 1.8398901447653770e-03 9.6575627103447914e-03 9.0644663572311401e-01 1.9250000000000000e+03 8.7533393859863281e+01
9.9991536140441895e-01 -9.0202074497938156e-03 -9.3761887401342392e-03 8.9467400312423706e-01 9.9997085332870483e-01 2.5385790504515171e-03 7.2110467590391636e-03 9.0773928165435791e-01 4.0180000000000000e+03 8.7419860839843750e+01
-9.9949437379837036e-01 -3.1794842332601547e-02 2.9144709696993232e-04 1.5447181463241577e+00 -9.9939060211181641e-01 -2.9938228428363800e-02 -1.7946276813745499e-02 1.5545219182968140e+00 1.1000000000000000e+03 1.9830857849121094e+02
9.9986499547958374e-01 -1.1516122147440910e-02 -1.1722284369170666e-02 8.9733040332794189e-01 9.9997609853744507e-01 1.2188005348434672e-04 6.9110975600779057e-03 9.0857183933258057e-01 4.9410000000000000e+03 8.9143692016601562e+01
-9.9988692998886108e-01 -1.2648667208850384e-02 8.1306202337145805e-03 1.5260274410247803e+00 -9.9929112195968628e-01 -2.8478339314460754e-02 -2.4622667580842972e-02 1.5780014991760254e+00 1.7470000000000000e+03 2.0397940063476562e+02
9.9989122152328491e-01 -8.4823118522763252e-03 -1.2061541900038719e-02 9.0021157264709473e-01 9.9997967481613159e-01 2.3687167558819056e-03 5.9206420555710793e-03 9.1006112098693848e-01 5.2530000000000000e+03 8.8154998779296875e+01
9.9991971254348755e-01 -4.9533783458173275e-03 -1.1663336306810379e-02 9.0451234579086304e-01 9.9996417760848999e-01 6.9017931818962097e-03 4.9209925346076488e-03 9.0804982185363770e-01 5.4670000000000000e+03 8.6608703613281250e+01
-9.9972105026245117e-01 -2.3501522839069366e-02 -2.3021199740469456e-03 1.5417410135269165e+00 -9.9930679798126221e-01 -3.3978115767240524e-02 -1.5208458527922630e-02 1.5570205450057983e+00 2.5580000000000000e+03 2.0089053344726562e+02
9.9993216991424561e-01 -8.3126612007617950e-03 -8.1654991954565048e-03 8.9400178194046021e-01 9.9995851516723633e-01 3.7363425362855196e-03 8.3158500492572784e-03 9.0819048881530762e-01 4.4190000000000000e+03 8.4757583618164062e+01
-9.9956816434860229e-01 -2.8397742658853531e-02 -7.5574805960059166e-03 1.5510423183441162e+00 -9.9923932552337646e-01 -3.7907011806964874e-02 -9.1643631458282471e-03 1.5277924537658691e+00 2.6110000000000000e+03 1.9743623352050781e+02
9.9994200468063354e-01 -4.0154922753572464e-03 -9.9967084825038910e-03 8.9820116758346558e-01 9.9996590614318848e-01 3.2399778719991446e-03 7.6008359901607037e-03 9.0176409482955933e-01 4.7720000000000000e+03 8.5388481140136719e+01
-9.9915993213653564e-01 -3.9920110255479813e-02 -9.2630740255117416e-03 1.5410317182540894e+00 -9.9907571077346802e-01 -3.7345536053180695e-02 -2.1281694993376732e-02 1.5803768634796143e+00 2.4470000000000000e+03 1.9910214233398438e+02
9.9993646144866943e-01 -2.6448520366102457e-03 -1.0959240607917309e-02 9.0143299102783203e-01 9.9996924400329590e-01 6.0987072065472603e-03 4.9262545071542263e-03 9.0709418058395386e-01 4.9590000000000000e+03 8.6461059570312500e+01
-9.9934238195419312e-01 -3.3808480948209763e-02 -1.3108214363455772e-02 1.5606180429458618e+00 -9.9896168708801270e-01 -3.9154440164566040e-02 -2.3294588550925255e-02 1.5881929397583008e+00 2.4370000000000000e+03 1.9596656799316406e+02
9.9987459182739258e-01 -1.0387687012553215e-02 -1.1948386207222939e-02 9.0148836374282837e-01 9.9997395277023315e-01 -1.7066719010472298e-04 7.2154961526393890e-03 9.0933871269226074e-01 4.5690000000000000e+03 8.6831634521484375e+01
-9.9979108572006226e-01 -2.0088968798518181e-02 -3.7734301295131445e-03 1.5308419466018677e+00 -9.9909996986389160e-01 -3.4806568175554276e-02 -2.4243086576461792e-02 1.5770596265792847e+00 1.1100000000000000e+03 1.9576544189453125e+02
9.9993455410003662e-01 8.9538109023123980e-04 -1.1404703371226788e-02 8.9909642934799194e-01 9.9997687339782715e-01 4.2737383046187460e-04 6.7807715386152267e-03 9.0249729156494141e-01 1.4060000000000000e+03 8.4265220642089844e+01
9.9997287988662720e-01 8.2832307089120150e-04 -7.3203989304602146e-03 8.9845877885818481e-01 9.9995815753936768e-01 4.8709348775446415e-03 7.7438824810087681e-03 9.0200209617614746e-01 1.4810000000000000e+03 8.4864288330078125e+01
9.9996554851531982e-01 -2.1411047782748938e-04 -8.2957763224840164e-03 8.9818215370178223e-01 9.9997329711914062e-01 5.3911213763058186e-03 4.9504111520946026e-03 9.0608423948287964e-01 2.6550000000000000e+03 8.9048141479492188e+01
9.9991130828857422e-01 -4.8330539721064270e-04 -1.3308916240930557e-02 9.0092009305953979e-01 9.9998080730438232e-01 5.7697868905961514e-03 2.2284125443547964e-03 9.0506660938262939e-01 3.3910000000000000e+03 8.7883720397949219e+01
9.9997967481613159e-01 -3.4627462737262249e-03 -5.3543993271887302e-03 9.0000998973846436e-01 9.9990135431289673e-01 1.0511716827750206e-02 9.3180043622851372e-03 9.0683358907699585e-01 2.8250000000000000e+03 9.4826904296875000e+01
7.1860286407172680e-03 1.5470637008547783e-02 -9.9985450506210327e-01 6.7565774917602539e-01 1.7692495137453079e-02 -6.6332286596298218e-01 -7.4812412261962891e-01 7.1888995170593262e-01 6.7940000000000000e+03 1.5272448730468750e+02
1.2499362230300903e-02 -1.0244403034448624e-01 -9.9466031789779663e-01 1.0295449495315552e+00 1.8058268353343010e-02 -8.0662399530410767e-01 -5.9078890085220337e-01 1.0692176818847656e+00 5.9300000000000000e+03 1.7149696350097656e+02
7.0320488885045052e-03 -1.7593337222933769e-02 -9.9982053041458130e-01 6.0804325342178345e-01 1.9236052408814430e-02 -7.7103513479232788e-01 -6.3650196790695190e-01 6.1220037937164307e-01 6.8400000000000000e+03 1.5321087646484375e+02
-5.5343849817290902e-04 5.6645089387893677e-01 -8.2409530878067017e-01 1.1905828714370728e+00 5.3866291418671608e-03 -7.2267696261405945e-02 -9.9737066030502319e-01 1.1357023715972900e+00 5.2800000000000000e+03 1.5208187866210938e+02
-1.9870013929903507e-03 -3.1937606632709503e-02 -9.9948793649673462e-01 1.5361213684082031e+00 -4.9492374062538147e-02 -7.1841472387313843e-01 -6.9385212659835815e-01 1.6081343889236450e+00 6.0690000000000000e+03 1.8976931762695312e+02
-1.4201433397829533e-02 -3.6219042539596558e-01 -9.3199586868286133e-01 1.8078554868698120e+00 -8.9198306202888489e-02 -9.0630990266799927e-01 -4.1309323906898499e-01 1.8458586931228638e+00 2.7480000000000000e+03 2.0820123291015625e+02
9.9982535839080811e-01 -1.8224146217107773e-02 4.1275531984865665e-03 8.6833441257476807e-01 9.9995744228363037e-01 -6.6897645592689514e-03 6.3548549078404903e-03 9.1476297378540039e-01 1.7910000000000000e+03 8.9856636047363281e+01
9.9975454807281494e-01 -2.2106060758233070e-02 1.5055759577080607e-03 9.0271639823913574e-01 9.9945592880249023e-01 -1.8680085195228457e-03 3.2930426299571991e-02 9.0422570705413818e-01 2.3690000000000000e+03 8.9580833435058594e+01
-9.9985986948013306e-01 5.4394979961216450e-03 -1.5833554789423943e-02 1.4273643493652344e+00 -9.9896371364593506e-01 -2.6939418166875839e-02 -3.6683924496173859e-02 1.4218754768371582e+00 1.1760000000000000e+03 2.1886286926269531e+02
9.9990105628967285e-01 -1.3612593524158001e-02 3.5467841662466526e-03 8.8102996349334717e-01 9.9978613853454590e-01 9.0019209310412407e-03 1.8619317561388016e-02 9.0061211585998535e-01 1.4480000000000000e+03 9.7189224243164062e+01
9.9993991851806641e-01 -9.8827108740806580e-03 -4.7364295460283756e-03 8.9502632617950439e-01 9.9982374906539917e-01 1.0414977557957172e-02 1.5620540827512741e-02 8.9412456750869751e-01 2.2820000000000000e+03 9.2228790283203125e+01
9.9982476234436035e-01 -6.5362295135855675e-03 -1.7541982233524323e-02 9.0703123807907104e-01 9.9992179870605469e-01 -3.4135866444557905e-03 1.2032509781420231e-02 8.9550226926803589e-01 2.4890000000000000e+03 1.1212896728515625e+02
5.8014215901494026e-03 -1.7612957954406738e-01 -9.8434990644454956e-01 6.3458567857742310e-01 2.0389100536704063e-02 -8.5228359699249268e-01 -5.2268242835998535e-01 6.6054922342300415e-01 6.5150000000000000e+03 1.6327554321289062e+02
1.3168776407837868e-02 -4.7790175676345825e-01 -8.7831455469131470e-01 8.1419754028320312e-01 -1.3508509844541550e-02 -9.5368105173110962e-01 -3.0051589012145996e-01 8.8051551580429077e-01 1.1320000000000000e+03 2.2512014770507812e+02
1.1599698103964329e-02 -4.4176988303661346e-02 -9.9895644187927246e-01 6.2720406055450439e-01 2.2381860762834549e-02 -8.2167869806289673e-01 -5.6951123476028442e-01 7.4566012620925903e-01 2.2370000000000000e+03 1.6964166259765625e+02
-3.4662239253520966e-02 5.4150348901748657e-01 -8.3998370170593262e-01 1.4345787763595581e+00 -4.7668959014117718e-03 -1.5075397491455078e-01 -9.8855984210968018e-01 1.4014235734939575e+00 2.4670000000000000e+03 1.5720635986328125e+02
-1.3441826216876507e-02 -6.4915865659713745e-02 -9.9780017137527466e-01 1.6283247470855713e+00 -3.7341576069593430e-02 -7.1369367837905884e-01 -6.9946181774139404e-01 1.7243696451187134e+00 3.8760000000000000e+03 1.9117182922363281e+02
9.9982666969299316e-01 -1.8257290124893188e-02 -3.6456703674048185e-03 9.0701276063919067e-01 9.9972945451736450e-01 1.0072248987853527e-02 2.0964065566658974e-02 9.1006988286972046e-01 2.3830000000000000e+03 7.0543716430664062e+01
-2.0698223263025284e-02 9.9925339221954346e-01 3.2622057944536209e-02 5.7556092739105225e-01 4.1318004950881004e-03 7.1567761898040771e-01 -6.9841849803924561e-01 6.0919278860092163e-01 1.8500000000000000e+03 1.7366358947753906e+02
9.9988734722137451e-01 -1.2949205003678799e-02 -7.5855148024857044e-03 9.0137529373168945e-01 9.9987751245498657e-01 7.9740174114704132e-03 1.3464365154504776e-02 9.0022838115692139e-01 3.5120000000000000e+03 9.7728439331054688e+01
9.9983906745910645e-01 -8.1630190834403038e-03 -1.5976902097463608e-02 9.0495085716247559e-01 9.9999529123306274e-01 1.2584780342876911e-03 2.7935579419136047e-03 9.0854591131210327e-01 3.5040000000000000e+03 1.0320233917236328e+02
9.9986183643341064e-01 -7.8319162130355835e-03 -1.4662890695035458e-02 9.0667891502380371e-01 9.9998384714126587e-01 -4.0855607949197292e-03 3.9696195162832737e-03 9.1605031490325928e-01 3.0380000000000000e+03 1.0272087097167969e+02
9.9979174137115479e-01 -1.4888702891767025e-02 -1.3950305059552193e-02 8.9271056652069092e-01 9.9998164176940918e-01 -3.3691225107759237e-03 5.0410218536853790e-03 9.1522276401519775e-01 3.5320000000000000e+03 9.2075195312500000e+01
9.9988275766372681e-01 -1.2313637882471085e-02 -9.1072591021656990e-03 8.9394420385360718e-01 9.9994641542434692e-01 -5.3428590763360262e-04 1.0340338572859764e-02 9.0695291757583618e-01 2.2210000000000000e+03 8.8978286743164062e+01
9.9983531236648560e-01 -9.7719347104430199e-03 -1.5291636809706688e-02 9.0226805210113525e-01 9.9996167421340942e-01 2.0596096292138100e-03 8.5205901414155960e-03 9.0190309286117554e-01 3.5990000000000000e+03 8.8386589050292969e+01
9.9990385770797729e-01 -8.8665531948208809e-03 -1.0659567080438137e-02 8.9476048946380615e-01 9.9998319149017334e-01 1.9438609015196562e-03 5.4680332541465759e-03 9.0885806083679199e-01 3.5380000000000000e+03 8.7151336669921875e+01
9.9992746114730835e-01 -9.0356934815645218e-03 -7.9738479107618332e-03 8.9266383647918701e-01 9.9998646974563599e-01 3.6311179865151644e-03 3.7280253600329161e-03 9.1421961784362793e-01 3.8230000000000000e+03 8.6239959716796875e+01
9.9987035989761353e-01 -1.1007697321474552e-02 -1.1749145574867725e-02 8.9571386575698853e-01 9.9996876716613770e-01 2.1899819839745760e-03 7.5946464203298092e-03 9.0670806169509888e-01 4.4460000000000000e+03 8.6059379577636719e+01
9.9987506866455078e-01 -9.0901441872119904e-03 -1.2934627011418343e-02 8.9595627784729004e-01 9.9998605251312256e-01 2.2711679339408875e-03 4.7709830105304718e-03 9.0716212987899780e-01 5.0450000000000000e+03 8.6587661743164062e+01
-9.9991977214813232e-01 -1.2234018184244633e-02 3.2706928905099630e-03 1.5534688234329224e+00 -9.9649196863174438e-01 -3.4614369273185730e-02 -7.6193585991859436e-02 1.7379622459411621e+00 1.4220000000000000e+03 2.0162620544433594e+02
9.9987715482711792e-01 -1.0647901333868504e-02 -1.1503771878778934e-02 8.9628070592880249e-01 9.9997955560684204e-01 2.9477186035364866e-03 5.6805731728672981e-03 9.1136515140533447e-01 4.9410000000000000e+03 8.6500541687011719e+01
-9.9976134300231934e-01 -1.5672774985432625e-02 -1.5221896581351757e-02 1.6085371971130371e+00 -9.9913638830184937e-01 -2.6509059593081474e-02 -3.1995646655559540e-02 1.5998524427413940e+00 1.7790000000000000e+03 1.9824705505371094e+02
9.9987769126892090e-01 -1.0861001908779144e-02 -1.1257941834628582e-02 8.9607322216033936e-01 9.9996858835220337e-01 2.7383083943277597e-03 7.4452017433941364e-03 9.0698552131652832e-01 5.0670000000000000e+03 8.6510559082031250e+01
-9.9984681606292725e-01 -1.5367927961051464e-02 8.3767538890242577e-03 1.5349861383438110e+00 -9.9939286708831787e-01 -2.4362236261367798e-02 -2.4907421320676804e-02 1.5841783285140991e+00 1.6780000000000000e+03 1.9407449340820312e+02
9.9983948469161987e-01 -1.3643145561218262e-02 -1.1610251851379871e-02 8.9431095123291016e-01 9.9995315074920654e-01 1.1652896646410227e-03 9.6102729439735413e-03 9.0577876567840576e-01 5.2730000000000000e+03 8.6680450439453125e+01
-9.9997234344482422e-01 -5.1671219989657402e-03 5.3523662500083447e-03 1.5430952310562134e+00 -9.9929583072662354e-01 -2.4151761084794998e-02 -2.8715118765830994e-02 1.5923336744308472e+00 2.1890000000000000e+03 2.0010415649414062e+02
9.9986046552658081e-01 -1.1667263694107533e-02 -1.1954499408602715e-02 8.9529806375503540e-01 9.9994975328445435e-01 3.2429699786007404e-03 9.4873495399951935e-03 9.0199702978134155e-01 4.7710000000000000e+03 8.6526496887207031e+01
-9.9997359514236450e-01 -7.2438288480043411e-03 6.7958707222715020e-04 1.5531721115112305e+00 -9.9926233291625977e-01 -2.6078112423419952e-02 -2.8189076110720634e-02 1.5951198339462280e+00 2.0300000000000000e+03 2.0634777832031250e+02
9.9990040063858032e-01 -1.0489494539797306e-02 -9.4440225511789322e-03 8.9939165115356445e-01 9.9988824129104614e-01 5.4649799130856991e-03 1.3920840807259083e-02 9.0080380439758301e-01 2.4660000000000000e+03 8.5451469421386719e+01
-9.9974936246871948e-01 -2.0803723484277725e-02 -8.2597704604268074e-03 1.5679242610931396e+00 -9.9914622306823730e-01 -3.1624626368284225e-02 -2.6582149788737297e-02 1.5773049592971802e+00 2.3230000000000000e+03 1.9805380249023438e+02
9.9993258714675903e-01 -5.2488222718238831e-03 -1.0365510359406471e-02 8.9350229501724243e-01 9.9996864795684814e-01 1.8084970361087471e-04 7.9065272584557533e-03 8.9899855852127075e-01 2.9880000000000000e+03 1.0416699981689453e+02
-9.9954038858413696e-01 -2.6833588257431984e-02 -1.4106525108218193e-02 1.5946314334869385e+00 -9.9867856502532959e-01 -5.0003666430711746e-02 -1.1862032115459442e-02 1.5515887737274170e+00 2.4070000000000000e+03 1.9953178405761719e+02
9.9987745285034180e-01 -8.7761776521801949e-03 -1.2960232794284821e-02 8.9619535207748413e-01 9.9978798627853394e-01 1.6143042594194412e-03 2.0527085289359093e-02 8.7811225652694702e-01 2.3230000000000000e+03 8.8853973388671875e+01
9.9987804889678955e-01 -1.3074959628283978e-02 -8.5518751293420792e-03 8.9734923839569092e-01 9.9990826845169067e-01 6.7616663873195648e-03 1.1735855601727962e-02 9.0302109718322754e-01 3.8930000000000000e+03 8.8859901428222656e+01
9.9972778558731079e-01 4.1246796026825905e-03 -2.2961715236306190e-02 9.0214002132415771e-01 9.9991232156753540e-01 4.7652362845838070e-03 -1.2354771606624126e-02 9.1176766157150269e-01 4.7590000000000000e+03 8.7605453491210938e+01
-9.8806865513324738e-02 8.0634707212448120e-01 -5.8313095569610596e-01 2.5098049640655518e+00 -4.4321399182081223e-02 1.3232792913913727e-01 -9.9021458625793457e-01 2.4464983940124512e+00 2.9480000000000000e+03 1.7515536499023438e+02
1.7569301649928093e-02 1.7000611126422882e-01 -9.8528635501861572e-01 7.7032792568206787e-01 3.2091140747070312e-02 -4.9899417161941528e-01 -8.6601090431213379e-01 8.0788254737854004e-01 8.1680000000000000e+03 1.6534782409667969e+02
9.9980020523071289e-01 -1.9904358312487602e-02 -1.8692319281399250e-03 8.9285570383071899e-01 9.9939298629760742e-01 2.0977517589926720e-02 2.7812015265226364e-02 8.6307394504547119e-01 1.4850000000000000e+03 8.8028007507324219e+01
9.9979621171951294e-01 -6.3998373225331306e-03 -1.9143003970384598e-02 9.1558063030242920e-01 9.9994885921478271e-01 7.3462305590510368e-03 6.9560161791741848e-03 8.9646798372268677e-01 1.4550000000000000e+03 7.3692512512207031e+01
9.9988466501235962e-01 -3.2473902683705091e-03 -1.4836694113910198e-02 9.0498912334442139e-01 9.9993973970413208e-01 -1.0765649378299713e-02 2.1465597674250603e-03 9.1079467535018921e-01 1.6700000000000000e+03 1.1970718383789062e+02
-4.2888835072517395e-02 5.6583803892135620e-01 -8.2340019941329956e-01 1.5938808917999268e+00 7.2515010833740234e-03 -1.3292282819747925e-01 -9.9109983444213867e-01 1.5555319786071777e+00 7.0820000000000000e+03 1.7786021423339844e+02
-3.6443632096052170e-02 5.6503725051879883e-01 -8.2426011562347412e-01 1.4931857585906982e+00 -8.5140038281679153e-03 -9.5032416284084320e-02 -9.9543768167495728e-01 1.4508924484252930e+00 2.0600000000000000e+03 2.1950485229492188e+02
9.9986016750335693e-01 -1.6151126474142075e-02 -4.3309731408953667e-03 8.8838893175125122e-01 9.9936789274215698e-01 7.5177173130214214e-03 3.4746479243040085e-02 8.5567224025726318e-01 1.1200000000000000e+03 8.0650894165039062e+01
9.9992442131042480e-01 -6.6661499440670013e-03 -1.0329190641641617e-02 8.9314562082290649e-01 9.9996978044509888e-01 -4.2126011103391647e-03 6.5264748409390450e-03 9.0148729085922241e-01 2.5150000000000000e+03 9.0239761352539062e+01
9.9990355968475342e-01 -8.4457919001579285e-03 -1.1019438505172729e-02 8.9974254369735718e-01 9.9995559453964233e-01 -2.5457024457864463e-04 9.4177648425102234e-03 8.9808690547943115e-01 2.2010000000000000e+03 8.7527618408203125e+01
9.9975383281707764e-01 -3.7025732453912497e-03 -2.1874815225601196e-02 9.2026406526565552e-01 9.9990350008010864e-01 -4.0610162541270256e-03 1.3286906294524670e-02 8.8300204277038574e-01 3.0720000000000000e+03 8.6079101562500000e+01
9.9957406520843506e-01 -2.7444416657090187e-02 -9.9218804389238358e-03 9.1071677207946777e-01 9.9949818849563599e-01 -5.6732348166406155e-03 3.1164126470685005e-02 8.9567375183105469e-01 3.3380000000000000e+03 8.1514610290527344e+01
-9.9980890750885010e-01 -5.7694446295499802e-03 -1.8675155937671661e-02 1.4953037500381470e+00 -9.9863630533218384e-01 -2.1622104570269585e-02 -4.7519564628601074e-02 1.5212334394454956e+00 2.0130000000000000e+03 2.1600447082519531e+02
9.9976539611816406e-01 -2.0192012190818787e-02 -7.8378990292549133e-03 8.9288938045501709e-01 9.9845063686370850e-01 -1.1846719309687614e-02 5.4370041936635971e-02 8.3199518918991089e-01 1.3910000000000000e+03 8.5378433227539062e+01
9.9985641241073608e-01 -1.3494379818439484e-02 -1.0249887593090534e-02 8.9935672283172607e-01 9.9982768297195435e-01 1.5250834403559566e-03 1.8501983955502510e-02 8.9002847671508789e-01 3.3570000000000000e+03 7.9580444335937500e+01
9.9984836578369141e-01 -6.7507517524063587e-03 -1.6052199527621269e-02 9.0793591737747192e-01 9.9991726875305176e-01 1.2672329321503639e-03 1.2802393175661564e-02 8.9013856649398804e-01 2.8740000000000000e+03 8.4428054809570312e+01
9.9999356269836426e-01 -1.5346292639151216e-03 3.2483842223882675e-03 8.8228595256805420e-01 9.9993866682052612e-01 6.8069621920585632e-03 8.7427170947194099e-03 9.0495115518569946e-01 1.0940000000000000e+03 8.2042930603027344e+01
-7.2556361556053162e-02 -6.3214458525180817e-02 -9.9535894393920898e-01 2.5341820716857910e+00 -4.3597903102636337e-02 -7.2907477617263794e-01 -6.8304395675659180e-01 2.6044719219207764e+00 2.2960000000000000e+03 2.0283100891113281e+02
9.2691736062988639e-04 -5.5941622704267502e-02 -9.9843358993530273e-01 2.5145194530487061e+00 -4.3597903102636337e-02 -7.2907477617263794e-01 -6.8304395675659180e-01 2.6044719219207764e+00 1.9110000000000000e+03 2.0283100891113281e+02
-6.6502198576927185e-02 -9.4732739031314850e-02 -9.9327892065048218e-01 2.9568850994110107e+00 -9.9373199045658112e-02 -7.7319794893264771e-01 -6.2633043527603149e-01 2.9731917381286621e+00 1.6330000000000000e+03 2.0853765869140625e+02
9.9989485740661621e-01 -9.4325253739953041e-03 -1.1019887402653694e-02 8.9821708202362061e-01 9.9989628791809082e-01 1.7602356383576989e-03 1.4297143556177616e-02 8.9217627048492432e-01 3.6000000000000000e+03 8.7366386413574219e+01
9.9983316659927368e-01 -1.3925900682806969e-02 -1.1816183105111122e-02 8.9946252107620239e-01 9.9989879131317139e-01 3.9041587151587009e-03 1.3679522089660168e-02 8.9463752508163452e-01 3.8410000000000000e+03 8.3203849792480469e+01
-9.9993938207626343e-01 -1.0119923390448093e-02 -4.3365517631173134e-03 1.5461235046386719e+00 -9.9883347749710083e-01 -3.6461737006902695e-02 -3.1657829880714417e-02 1.5922652482986450e+00 2.1870000000000000e+03 2.0062551879882812e+02
