9.9967044591903687e-01 -2.5296906009316444e-02 4.3928371742367744e-03 8.9079648256301880e-01 9.9966347217559814e-01 -2.3303044959902763e-02 1.1392089538276196e-02 8.8263690471649170e-01 1.3260000000000000e+03 9.2855201721191406e+01
9.9973613023757935e-01 -2.2766832262277603e-02 3.0802628025412560e-03 9.0034186840057373e-01 9.9999958276748657e-01 7.4550270801410079e-04 4.9034354742616415e-04 8.9942902326583862e-01 1.6250000000000000e+03 8.6180053710937500e+01
-9.9968743324279785e-01 2.2705407813191414e-02 -1.0461421683430672e-02 1.5458619594573975e+00 -9.9996173381805420e-01 8.3818575367331505e-03 -2.5194853078573942e-03 1.4994347095489502e+00 1.4270000000000000e+03 1.9106929016113281e+02
9.9972623586654663e-01 -2.3396460339426994e-02 -2.2891932167112827e-04 9.0225815773010254e-01 9.9999970197677612e-01 -7.6381937833502889e-04 1.4364004891831428e-04 9.0470910072326660e-01 3.4280000000000000e+03 8.1606758117675781e+01
-9.9973887205123901e-01 2.2696323692798615e-02 2.6736350264400244e-03 1.5150358676910400e+00 -9.9999517202377319e-01 -2.8087254031561315e-04 -3.0843650456517935e-03 1.4886199235916138e+00 1.4120000000000000e+03 1.9475309753417969e+02
9.9968653917312622e-01 -2.5029605254530907e-02 -5.7297485182061791e-04 8.9919233322143555e-01 9.9997586011886597e-01 6.0549764893949032e-03 3.3878460526466370e-03 9.0119200944900513e-01 1.7460000000000000e+03 7.4279373168945312e+01
9.9966382980346680e-01 -2.3869000375270844e-02 -1.0115217417478561e-02 3.6731615662574768e-01 9.9994641542434692e-01 8.9080547913908958e-03 -5.2664470858871937e-03 3.6061200499534607e-01 1.5550000000000000e+03 7.3918327331542969e+01
9.9924689531326294e-01 -3.6416679620742798e-02 1.3398063369095325e-02 8.8816004991531372e-01 9.9984914064407349e-01 1.0636647231876850e-02 -1.3728802092373371e-02 9.2219090461730957e-01 1.8480000000000000e+03 1.0133685302734375e+02
9.9957454204559326e-01 -2.7200641110539436e-02 1.0523786768317223e-02 9.0149366855621338e-01 9.9909096956253052e-01 -1.7966574057936668e-02 -3.8657255470752716e-02 7.8447467088699341e-01 1.0890000000000000e+03 8.9437095642089844e+01
9.9920105934143066e-01 -3.6731425672769547e-02 1.5751427039504051e-02 8.8563668727874756e-01 9.9997913837432861e-01 3.8001572829671204e-04 -6.4482386223971844e-03 8.9477401971817017e-01 1.0960000000000000e+03 9.8024635314941406e+01
9.9972927570343018e-01 -2.3125128820538521e-02 2.5592939928174019e-03 8.8925540447235107e-01 9.9999570846557617e-01 2.9276355635374784e-03 -2.6085903300554492e-05 8.9602786302566528e-01 1.0260000000000000e+03 6.9387077331542969e+01
9.9947834014892578e-01 -3.0427303165197372e-02 1.0834519751369953e-02 8.9203137159347534e-01 9.9997490644454956e-01 -6.9762915372848511e-03 -1.3012946583330631e-03 8.8603526353836060e-01 2.7000000000000000e+03 1.0476036834716797e+02
-6.5294676460325718e-03 -8.9032757282257080e-01 -4.5527383685112000e-01 5.9238106012344360e-01 -1.5263687819242477e-02 9.2484271526336670e-01 -3.8004320859909058e-01 5.9356945753097534e-01 5.3880000000000000e+03 1.7347178649902344e+02
-3.1143373344093561e-03 -9.2837661504745483e-01 -3.7162774801254272e-01 4.5021894574165344e-01 -1.1959709227085114e-02 9.2295062541961670e-01 -3.8473239541053772e-01 5.8585792779922485e-01 1.1140000000000000e+03 1.3988958740234375e+02
-4.5480206608772278e-03 -8.9488410949707031e-01 -4.4627520442008972e-01 5.9927153587341309e-01 -1.1959709227085114e-02 9.2295062541961670e-01 -3.8473239541053772e-01 5.8585792779922485e-01 5.0250000000000000e+03 1.7467085266113281e+02
-4.4974666088819504e-03 -9.5681053400039673e-01 -2.9067742824554443e-01 5.0518423318862915e-01 -6.2355669215321541e-03 8.6069732904434204e-01 -5.0907880067825317e-01 5.0097948312759399e-01 4.0470000000000000e+03 1.7747023010253906e+02
-7.3266890831291676e-03 -9.5899230241775513e-01 -2.8333732485771179e-01 4.2259088158607483e-01 -7.0499493740499020e-03 8.5784733295440674e-01 -5.1385623216629028e-01 4.0721884369850159e-01 5.6450000000000000e+03 1.7197714233398438e+02
9.9988162517547607e-01 -1.5371257439255714e-02 -6.4499105792492628e-04 8.8965493440628052e-01 9.9989843368530273e-01 -1.2730374000966549e-03 1.4193648472428322e-02 9.0704727172851562e-01 2.7720000000000000e+03 6.7858657836914062e+01
9.9961578845977783e-01 -2.6801342144608498e-02 7.0764613337814808e-03 8.9544528722763062e-01 9.9995595216751099e-01 -8.5741346701979637e-03 -3.8226761389523745e-03 8.8717669248580933e-01 3.2080000000000000e+03 1.0467581176757812e+02
9.9968975782394409e-01 -2.4145552888512611e-02 6.1068492941558361e-03 8.9163815975189209e-01 9.9996578693389893e-01 -7.8249191865324974e-03 -2.6807079557329416e-03 8.8798052072525024e-01 4.0190000000000000e+03 8.4927467346191406e+01
9.9975222349166870e-01 -2.1240452304482460e-02 6.6588502377271652e-03 8.9042437076568604e-01 9.9998867511749268e-01 -4.7540538944303989e-03 -3.6266614915803075e-04 8.8547563552856445e-01 3.9020000000000000e+03 8.2878005981445312e+01
9.9969536066055298e-01 -2.4390051141381264e-02 3.7954999133944511e-03 8.9121711254119873e-01 9.9998509883880615e-01 -5.4179960861802101e-03 -6.4781086985021830e-04 8.8836854696273804e-01 4.0710000000000000e+03 8.2314262390136719e+01
9.9970054626464844e-01 -2.4198146536946297e-02 3.6479982081800699e-03 8.9500606060028076e-01 9.9999296665191650e-01 -3.7175531033426523e-03 5.2869395585730672e-04 8.8214558362960815e-01 4.0620000000000000e+03 7.5214408874511719e+01
9.9971109628677368e-01 -2.0805545151233673e-02 1.2035593390464783e-02 8.8676655292510986e-01 9.9996614456176758e-01 -8.0406479537487030e-03 1.7771072452887893e-03 8.7514942884445190e-01 3.8980000000000000e+03 8.1029243469238281e+01
9.9957412481307983e-01 -2.5507021695375443e-02 1.4173631556332111e-02 8.7578117847442627e-01 9.9998331069946289e-01 -5.1761516369879246e-03 -2.5846385397017002e-03 8.8231825828552246e-01 3.2370000000000000e+03 7.2359703063964844e+01
9.9934989213943481e-01 -2.2983154281973839e-02 2.7775285765528679e-02 8.5616838932037354e-01 9.9999433755874634e-01 7.8274519182741642e-04 3.2702137250453234e-03 8.7787759304046631e-01 1.5320000000000000e+03 7.2350044250488281e+01
9.9929785728454590e-01 -1.0935416445136070e-02 3.5837221890687943e-02 8.4678304195404053e-01 9.9995261430740356e-01 -1.2362721608951688e-03 9.6633676439523697e-03 8.6755180358886719e-01 1.6370000000000000e+03 5.5647602081298828e+01
-3.9772251620888710e-03 -7.7859377861022949e-01 -6.2751567363739014e-01 8.9634197950363159e-01 4.7796428203582764e-02 9.9286425113677979e-01 -1.0925216227769852e-01 9.2802494764328003e-01 1.1730000000000000e+03 1.4770463562011719e+02
-3.9772251620888710e-03 -7.7859377861022949e-01 -6.2751567363739014e-01 8.9634197950363159e-01 -4.5968476682901382e-02 9.9198257923126221e-01 -1.1771786212921143e-01 9.3339169025421143e-01 2.9160000000000000e+03 1.4770463562011719e+02
-1.2232973240315914e-02 -9.4633013010025024e-01 -3.2297000288963318e-01 3.2346549630165100e-01 -5.8509279042482376e-03 8.7436282634735107e-01 -4.8523736000061035e-01 2.9526576399803162e-01 6.3550000000000000e+03 1.6591172790527344e+02
9.9878072738647461e-01 -4.8867948353290558e-02 6.9917906075716019e-03 8.9787268638610840e-01 9.9983090162277222e-01 1.0295296087861061e-02 -1.5238032676279545e-02 9.0573370456695557e-01 1.3250000000000000e+03 1.2688603973388672e+02
9.9995857477188110e-01 -4.6156165190041065e-03 7.8428722918033600e-03 9.0429246425628662e-01 9.9985378980636597e-01 -1.6514800488948822e-02 4.4234050437808037e-03 8.8374859094619751e-01 1.9060000000000000e+03 1.0918402862548828e+02
-1.4914831146597862e-02 -8.5828089714050293e-01 -5.1296341419219971e-01 9.1214531660079956e-01 -3.7620946764945984e-02 9.4720727205276489e-01 -3.1840711832046509e-01 9.1082674264907837e-01 5.5960000000000000e+03 1.5911044311523438e+02
-1.6502255573868752e-02 -9.9052256345748901e-01 -1.3635471463203430e-01 2.5829008221626282e-01 -5.8535151183605194e-03 7.4201524257659912e-01 -6.7035740613937378e-01 2.6008918881416321e-01 3.0630000000000000e+03 1.7704537963867188e+02
9.9965536594390869e-01 -2.4196250364184380e-02 1.0187923908233643e-02 8.9021718502044678e-01 9.9984830617904663e-01 1.6821039840579033e-02 4.5237569138407707e-03 8.8089054822921753e-01 1.5470000000000000e+03 7.4264274597167969e+01
9.9904787540435791e-01 -4.0362335741519928e-02 1.6560519114136696e-02 8.7476289272308350e-01 9.9999690055847168e-01 -2.2592497989535332e-03 -1.0721065336838365e-03 8.8308674097061157e-01 1.0700000000000000e+03 9.3599067687988281e+01
9.9899905920028687e-01 -3.7883248180150986e-02 2.3787697777152061e-02 8.6050420999526978e-01 9.9997276067733765e-01 -7.3778391815721989e-03 -1.4564530283678323e-04 8.8523274660110474e-01 2.0530000000000000e+03 9.1198249816894531e+01
9.9969464540481567e-01 -2.3737911134958267e-02 6.8592745810747147e-03 8.8481515645980835e-01 9.9997276067733765e-01 -7.3679992929100990e-03 2.0026545098517090e-04 8.8492858409881592e-01 3.1250000000000000e+03 8.2026878356933594e+01
9.9969559907913208e-01 -2.4396646767854691e-02 3.6633608397096395e-03 8.9286303520202637e-01 9.9998223781585693e-01 -5.9264712035655975e-03 -5.9996329946443439e-04 8.8364017009735107e-01 3.4580000000000000e+03 8.2278770446777344e+01
-9.9938917160034180e-01 6.3545508310198784e-03 -3.4365061670541763e-02 1.6401282548904419e+00 -9.9997186660766602e-01 -6.7484215833246708e-03 3.2802952919155359e-03 1.5341471433639526e+00 1.5860000000000000e+03 2.2110844421386719e+02
9.9968391656875610e-01 -2.5051737204194069e-02 2.1242010407149792e-03 8.8989257812500000e-01 9.9999129772186279e-01 -3.6558522842824459e-03 1.9794302061200142e-03 8.8064521551132202e-01 3.8760000000000000e+03 8.8266510009765625e+01
9.9972915649414062e-01 -2.3272108286619186e-02 -9.0412264398764819e-05 8.9594626426696777e-01 9.9991101026535034e-01 -6.4096716232597828e-03 1.1699422262609005e-02 8.6438590288162231e-01 2.7850000000000000e+03 8.3263984680175781e+01
9.9990820884704590e-01 -9.8408600315451622e-03 9.3119274824857712e-03 8.7970095872879028e-01 9.9985349178314209e-01 9.5733301714062691e-03 1.4192260801792145e-02 8.6747419834136963e-01 1.1110000000000000e+03 4.0148094177246094e+01
9.9915039539337158e-01 -3.4941483289003372e-02 2.1852424368262291e-02 8.7004876136779785e-01 9.9999362230300903e-01 3.1054325518198311e-04 -3.5581067204475403e-03 8.8636535406112671e-01 1.4040000000000000e+03 8.6096862792968750e+01
9.9949312210083008e-01 -3.0916260555386543e-02 7.5927362777292728e-03 8.8780993223190308e-01 9.9996739625930786e-01 1.3522626832127571e-03 7.9551860690116882e-03 9.0340447425842285e-01 2.3670000000000000e+03 1.0535023498535156e+02
9.9981039762496948e-01 -1.5484740026295185e-02 1.1800839565694332e-02 8.8223642110824585e-01 9.9998420476913452e-01 4.8246514052152634e-03 -2.9084929265081882e-03 9.0249633789062500e-01 1.8000000000000000e+03 5.6934707641601562e+01
9.9956697225570679e-01 -2.8533035889267921e-02 7.1826968342065811e-03 8.9481699466705322e-01 9.9995243549346924e-01 -9.1125769540667534e-03 -3.4911241382360458e-03 8.9755642414093018e-01 2.8830000000000000e+03 1.1099479675292969e+02
9.9969613552093506e-01 -2.3554125800728798e-02 7.2726970538496971e-03 8.9170664548873901e-01 9.9997329711914062e-01 -6.8199029192328453e-03 2.6486555580049753e-03 8.8242489099502563e-01 3.9880000000000000e+03 8.7471984863281250e+01
9.9973720312118530e-01 -2.1996917203068733e-02 6.4545175991952419e-03 8.8977199792861938e-01 9.9997252225875854e-01 6.5038106404244900e-03 3.5539332311600447e-03 8.8575345277786255e-01 1.7830000000000000e+03 8.3928077697753906e+01
9.9965929985046387e-01 -2.4645764380693436e-02 8.6018210276961327e-03 8.7943959236145020e-01 9.9999541044235229e-01 -2.5602618698030710e-03 -1.6036701854318380e-03 8.9091700315475464e-01 4.8540000000000000e+03 8.5485694885253906e+01
