9.9965888261795044e-01 -4.5914440415799618e-03 2.5712136179208755e-02 8.8760572671890259e-01 9.9966347217559814e-01 -2.3303044959902763e-02 1.1392089538276196e-02 8.8263690471649170e-01 1.2370000000000000e+03 9.2855201721191406e+01
9.9981486797332764e-01 9.1212587431073189e-03 1.6942374408245087e-02 9.0303546190261841e-01 9.9999958276748657e-01 7.4550270801410079e-04 4.9034354742616415e-04 8.9942902326583862e-01 1.6250000000000000e+03 8.0521873474121094e+01
-9.9864906072616577e-01 -4.7917261719703674e-02 -2.0102798938751221e-02 1.5447824001312256e+00 -9.9996173381805420e-01 8.3818575367331505e-03 -2.5194853078573942e-03 1.4994347095489502e+00 1.4270000000000000e+03 2.0396426391601562e+02
9.9992531538009644e-01 4.0398992132395506e-04 1.2211473658680916e-02 9.0614277124404907e-01 9.9999970197677612e-01 -7.6381937833502889e-04 1.4364004891831428e-04 9.0470910072326660e-01 3.4280000000000000e+03 8.2337715148925781e+01
-9.9878716468811035e-01 -3.8630288094282150e-02 -3.0529040843248367e-02 1.5945816040039062e+00 -9.9999517202377319e-01 -2.8087254031561315e-04 -3.0843650456517935e-03 1.4886199235916138e+00 1.4120000000000000e+03 2.0011730957031250e+02
9.9996286630630493e-01 2.7475743554532528e-03 8.1755183637142181e-03 9.1116160154342651e-01 9.9997586011886597e-01 6.0549764893949032e-03 3.3878460526466370e-03 9.0119200944900513e-01 1.7460000000000000e+03 8.5405532836914062e+01
9.9993497133255005e-01 2.7255795430392027e-03 1.1071732267737389e-02 9.1257190704345703e-01 9.9996286630630493e-01 7.6115550473332405e-03 4.0631154552102089e-03 8.8925909996032715e-01 1.4660000000000000e+03 8.6550094604492188e+01
9.9997031688690186e-01 5.9036547318100929e-03 4.9403072334825993e-03 9.1648715734481812e-01 9.9999183416366577e-01 -9.1926631284877658e-04 -3.9368551224470139e-03 9.0058475732803345e-01 2.3550000000000000e+03 8.6534950256347656e+01
9.9992370605468750e-01 5.0393231213092804e-03 1.1277934536337852e-02 9.0959787368774414e-01 9.9996024370193481e-01 -3.8014596793800592e-03 -8.0676516517996788e-03 8.9503657817840576e-01 3.9930000000000000e+03 9.6606094360351562e+01
9.9996989965438843e-01 5.4717408493161201e-03 5.5034435354173183e-03 9.0623086690902710e-01 9.9998807907104492e-01 -4.7225770540535450e-03 1.2059970758855343e-03 8.8775724172592163e-01 2.3810000000000000e+03 9.0606208801269531e+01
9.9989384412765503e-01 -6.0715251602232456e-03 1.3244253583252430e-02 8.9431983232498169e-01 9.9965691566467285e-01 -1.9649788737297058e-02 1.7321931198239326e-02 8.7949568033218384e-01 1.2770000000000000e+03 1.2426937866210938e+02
9.9987822771072388e-01 5.5651650764048100e-03 1.4584653079509735e-02 9.0145838260650635e-01 9.9988907575607300e-01 -6.5551442094147205e-03 -1.3366528786718845e-02 9.1142344474792480e-01 2.1360000000000000e+03 9.1032539367675781e+01
9.9983161687850952e-01 -6.8359468132257462e-03 1.7032815143465996e-02 8.9622777700424194e-01 9.9998259544372559e-01 1.7928019224200398e-04 -5.8950656093657017e-03 8.9924871921539307e-01 1.6960000000000000e+03 1.2090552520751953e+02
9.9989920854568481e-01 1.3356578536331654e-02 4.8096380196511745e-03 9.1441500186920166e-01 9.9997591972351074e-01 -1.8842327408492565e-03 -6.6865412518382072e-03 8.9944952726364136e-01 2.4540000000000000e+03 7.5912788391113281e+01
9.9990338087081909e-01 1.0861266404390335e-02 8.6770216003060341e-03 9.1311085224151611e-01 9.9984914064407349e-01 1.0636647231876850e-02 -1.3728802092373371e-02 9.2219090461730957e-01 1.8480000000000000e+03 6.3265792846679688e+01
9.9966883659362793e-01 1.7711849883198738e-02 1.8670652061700821e-02 9.0130072832107544e-01 9.9909096956253052e-01 -1.7966574057936668e-02 -3.8657255470752716e-02 7.8447467088699341e-01 1.0890000000000000e+03 8.9437095642089844e+01
9.9991321563720703e-01 8.4475511685013771e-03 -1.0111181065440178e-02 9.1627532243728638e-01 9.9994802474975586e-01 -7.6247886754572392e-03 6.7496863193809986e-03 9.0053385496139526e-01 1.8970000000000000e+03 8.6140747070312500e+01
9.9983501434326172e-01 1.0597553104162216e-02 1.4750394038856030e-02 9.1091227531433105e-01 9.9989491701126099e-01 7.2389617562294006e-03 -1.2553732842206955e-02 9.1608226299285889e-01 2.5850000000000000e+03 6.2519210815429688e+01
9.9982815980911255e-01 1.5220448374748230e-02 1.0586149990558624e-02 9.1551679372787476e-01 9.9997913837432861e-01 3.8001572829671204e-04 -6.4482386223971844e-03 8.9477401971817017e-01 1.5790000000000000e+03 6.8435447692871094e+01
9.9952411651611328e-01 2.2890873253345490e-02 2.0675273612141609e-02 8.8857722282409668e-01 9.9997413158416748e-01 -6.7386101000010967e-03 -2.5332337245345116e-03 8.8491648435592651e-01 1.0910000000000000e+03 6.6507385253906250e+01
9.9973756074905396e-01 -9.7934538498520851e-03 2.0710593089461327e-02 8.9334601163864136e-01 9.9999570846557617e-01 2.9276355635374784e-03 -2.6085903300554492e-05 8.9602786302566528e-01 1.2480000000000000e+03 9.8203529357910156e+01
9.9941998720169067e-01 -4.6521518379449844e-03 3.3735506236553192e-02 8.9905226230621338e-01 9.9990731477737427e-01 9.9501674994826317e-03 -9.2902798205614090e-03 8.9348554611206055e-01 4.3340000000000000e+03 8.3289573669433594e+01
9.9989289045333862e-01 8.9968796819448471e-03 1.1546574532985687e-02 8.9144146442413330e-01 9.9995881319046021e-01 -8.9285131543874741e-03 1.6483939252793789e-03 9.0165692567825317e-01 2.0240000000000000e+03 8.1262100219726562e+01
-9.9963897466659546e-01 -2.2169513627886772e-02 -1.5178414061665535e-02 1.4921512603759766e+00 -9.9991828203201294e-01 -7.1406564675271511e-03 -1.0605925694108009e-02 1.5294635295867920e+00 1.2240000000000000e+03 1.9950764465332031e+02
9.9960237741470337e-01 1.8845327198505402e-02 2.0978244021534920e-02 8.9088922739028931e-01 9.9997490644454956e-01 -6.9762915372848511e-03 -1.3012946583330631e-03 8.8603526353836060e-01 2.9190000000000000e+03 8.9918098449707031e+01
-9.9950367212295532e-01 -2.0285779610276222e-02 -2.4102101102471352e-02 1.4899209737777710e+00 -9.9992072582244873e-01 -1.3870082329958677e-03 1.2519878335297108e-02 1.5012503862380981e+00 1.6610000000000000e+03 1.9594683837890625e+02
9.9996733665466309e-01 -7.6915556564927101e-03 -2.4984991177916527e-03 9.1007250547409058e-01 9.9989843368530273e-01 -1.2730374000966549e-03 1.4193648472428322e-02 9.0704727172851562e-01 2.7720000000000000e+03 7.2257537841796875e+01
-9.9923628568649292e-01 -2.9521632939577103e-02 -2.5597419589757919e-02 1.6139588356018066e+00 -9.9986189603805542e-01 -2.3248034995049238e-03 -1.6451792791485786e-02 1.4270280599594116e+00 1.6560000000000000e+03 1.7961473083496094e+02
9.9989598989486694e-01 3.5468908026814461e-03 1.3973830267786980e-02 9.0826100111007690e-01 9.9999123811721802e-01 4.1327886283397675e-03 5.7203805772587657e-04 9.0399801731109619e-01 2.2950000000000000e+03 7.2418251037597656e+01
9.9978256225585938e-01 -1.0548287071287632e-02 1.7984639853239059e-02 9.0282815694808960e-01 9.9995148181915283e-01 6.1564780771732330e-03 -7.6894727535545826e-03 8.9312690496444702e-01 1.3360000000000000e+03 1.2721706390380859e+02
9.9996125698089600e-01 4.0628579445183277e-03 7.8060547821223736e-03 9.1179835796356201e-01 9.9998521804809570e-01 -3.2827989198267460e-03 -4.3523567728698254e-03 8.9025443792343140e-01 3.7160000000000000e+03 8.0171379089355469e+01
9.9997144937515259e-01 7.1044773794710636e-03 2.5873291306197643e-03 9.1848617792129517e-01 9.9993479251861572e-01 -1.1362959630787373e-02 -1.1053113266825676e-03 8.8376051187515259e-01 4.9330000000000000e+03 8.3864234924316406e+01
-9.9978470802307129e-01 -1.5741160139441490e-02 -1.3514254242181778e-02 1.2411257028579712e+00 -9.9906057119369507e-01 1.4669409953057766e-02 4.0776632726192474e-02 1.4116941690444946e+00 1.2180000000000000e+03 2.1462480163574219e+02
9.9995106458663940e-01 5.3043486550450325e-03 8.3519741892814636e-03 9.1156721115112305e-01 9.9995595216751099e-01 -8.5741346701979637e-03 -3.8226761389523745e-03 8.8717669248580933e-01 4.7190000000000000e+03 8.6301010131835938e+01
9.9995166063308716e-01 1.8398901447653770e-03 9.6575627103447914e-03 9.0644663572311401e-01 9.9996578693389893e-01 -7.8249191865324974e-03 -2.6807079557329416e-03 8.8798052072525024e-01 4.0190000000000000e+03 8.7533393859863281e+01
9.9997085332870483e-01 2.5385790504515171e-03 7.2110467590391636e-03 9.0773928165435791e-01 9.9998867511749268e-01 -4.7540538944303989e-03 -3.6266614915803075e-04 8.8547563552856445e-01 3.9020000000000000e+03 8.5238639831542969e+01
9.9997609853744507e-01 1.2188005348434672e-04 6.9110975600779057e-03 9.0857183933258057e-01 9.9998509883880615e-01 -5.4179960861802101e-03 -6.4781086985021830e-04 8.8836854696273804e-01 4.0710000000000000e+03 8.4887680053710938e+01
9.9997967481613159e-01 2.3687167558819056e-03 5.9206420555710793e-03 9.1006112098693848e-01 9.9999296665191650e-01 -3.7175531033426523e-03 5.2869395585730672e-04 8.8214558362960815e-01 4.0620000000000000e+03 8.5505424499511719e+01
9.9996417760848999e-01 6.9017931818962097e-03 4.9209925346076488e-03 9.0804982185363770e-01 9.9996614456176758e-01 -8.0406479537487030e-03 1.7771072452887893e-03 8.7514942884445190e-01 4.4170000000000000e+03 8.6018295288085938e+01
9.9995851516723633e-01 3.7363425362855196e-03 8.3158500492572784e-03 9.0819048881530762e-01 9.9998331069946289e-01 -5.1761516369879246e-03 -2.5846385397017002e-03 8.8231825828552246e-01 3.2370000000000000e+03 8.4757583618164062e+01
9.9996590614318848e-01 3.2399778719991446e-03 7.6008359901607037e-03 9.0176409482955933e-01 9.9999433755874634e-01 7.8274519182741642e-04 3.2702137250453234e-03 8.7787759304046631e-01 1.5320000000000000e+03 8.5388481140136719e+01
9.9996924400329590e-01 6.0987072065472603e-03 4.9262545071542263e-03 9.0709418058395386e-01 9.9995261430740356e-01 -1.2362721608951688e-03 9.6633676439523697e-03 8.6755180358886719e-01 2.6050000000000000e+03 8.6461059570312500e+01
9.9997395277023315e-01 -1.7066719010472298e-04 7.2154961526393890e-03 9.0933871269226074e-01 9.9998241662979126e-01 -3.1541448552161455e-03 -5.0242911092936993e-03 8.9621496200561523e-01 3.2310000000000000e+03 8.6831634521484375e+01
9.9997687339782715e-01 4.2737383046187460e-04 6.7807715386152267e-03 9.0249729156494141e-01 9.9995595216751099e-01 -8.9960955083370209e-03 2.7120823506265879e-03 8.8210070133209229e-01 3.6220000000000000e+03 8.4265220642089844e+01
9.9995815753936768e-01 4.8709348775446415e-03 7.7438824810087681e-03 9.0200209617614746e-01 9.9984616041183472e-01 -1.7392320558428764e-02 -2.2860430181026459e-03 8.8963031768798828e-01 1.5260000000000000e+03 8.4864288330078125e+01
9.9998080730438232e-01 5.7697868905961514e-03 2.2284125443547964e-03 9.0506660938262939e-01 9.9994170665740967e-01 -1.0696096345782280e-02 1.4510260662063956e-03 8.9069551229476929e-01 3.3910000000000000e+03 9.0471076965332031e+01
9.9995595216751099e-01 4.7191889025270939e-03 8.1177335232496262e-03 9.1593492031097412e-01 9.9998730421066284e-01 1.6395752318203449e-03 4.7673848457634449e-03 8.7842875719070435e-01 1.5000000000000000e+03 8.3496223449707031e+01
9.9945592880249023e-01 -1.8680085195228457e-03 3.2930426299571991e-02 9.0422570705413818e-01 9.9983090162277222e-01 1.0295296087861061e-02 -1.5238032676279545e-02 9.0573370456695557e-01 2.3690000000000000e+03 8.9580833435058594e+01
9.9992179870605469e-01 -3.4135866444557905e-03 1.2032509781420231e-02 8.9550226926803589e-01 9.9993515014648438e-01 7.0167747326195240e-03 8.9748548343777657e-03 8.7864828109741211e-01 1.7920000000000000e+03 1.1212896728515625e+02
9.9992376565933228e-01 9.1778282076120377e-03 8.2520870491862297e-03 9.0290230512619019e-01 9.9994963407516479e-01 4.7963140532374382e-03 8.8142259046435356e-03 8.8049936294555664e-01 1.3650000000000000e+03 7.9133811950683594e+01
9.9972945451736450e-01 1.0072248987853527e-02 2.0964065566658974e-02 9.1006988286972046e-01 9.9993401765823364e-01 -4.0390617214143276e-03 -1.0754385031759739e-02 9.0674591064453125e-01 2.5620000000000000e+03 8.3638595581054688e+01
4.1318004950881004e-03 7.1567761898040771e-01 -6.9841849803924561e-01 6.0919278860092163e-01 -1.2475734110921621e-03 -9.9896472692489624e-01 -4.5475479215383530e-02 6.2797057628631592e-01 3.9400000000000000e+03 1.8454542541503906e+02
-8.4736449643969536e-03 9.9925744533538818e-01 3.7587136030197144e-02 1.0744351148605347e+00 -2.5762943550944328e-03 -6.4742851257324219e-01 -7.6212179660797119e-01 1.0001531839370728e+00 1.2410000000000000e+03 1.4782707214355469e+02
-1.4325580559670925e-02 9.9982154369354248e-01 -1.2315470725297928e-02 1.0501911640167236e+00 -2.0347690209746361e-02 -6.2554562091827393e-01 -7.7992218732833862e-01 1.0913244485855103e+00 1.1610000000000000e+03 1.3582772827148438e+02
-1.4325580559670925e-02 9.9982154369354248e-01 -1.2315470725297928e-02 1.0501911640167236e+00 1.8507423810660839e-03 -6.6599440574645996e-01 -7.4595445394515991e-01 9.7514349222183228e-01 1.1610000000000000e+03 1.6616838073730469e+02
-1.7147688195109367e-02 9.9981343746185303e-01 -8.8958339765667915e-03 1.0026613473892212e+00 -1.6696594655513763e-02 -6.8755936622619629e-01 -7.2593611478805542e-01 9.3172556161880493e-01 1.7480000000000000e+03 1.1993020629882812e+02
-9.2185484245419502e-03 9.9995118379592896e-01 -3.5424453672021627e-03 1.0304306745529175e+00 7.8723003389313817e-04 -6.7508339881896973e-01 -7.3774105310440063e-01 9.1862303018569946e-01 1.1560000000000000e+03 1.3655085754394531e+02
-3.1727604568004608e-02 9.9945825338363647e-01 8.7479474022984505e-03 9.7300785779953003e-01 -1.4778009615838528e-02 -6.4377307891845703e-01 -7.6507371664047241e-01 1.0435172319412231e+00 1.7640000000000000e+03 1.2420635223388672e+02
-3.1727604568004608e-02 9.9945825338363647e-01 8.7479474022984505e-03 9.7300785779953003e-01 -2.0741700427606702e-04 -6.6809999942779541e-01 -7.4407142400741577e-01 9.0262365341186523e-01 1.7640000000000000e+03 1.5230894470214844e+02
-2.1362280473113060e-02 9.7194409370422363e-01 -2.3424021899700165e-01 8.9041143655776978e-01 -8.0101024359464645e-03 -8.6004948616027832e-01 -5.1014769077301025e-01 7.8402870893478394e-01 1.9240000000000000e+03 1.2828222656250000e+02
-2.1362280473113060e-02 9.7194409370422363e-01 -2.3424021899700165e-01 8.9041143655776978e-01 -8.6239847587421536e-04 -8.1070715188980103e-01 -5.8545112609863281e-01 9.8530358076095581e-01 4.2660000000000000e+03 1.6732658386230469e+02
9.9987751245498657e-01 7.9740174114704132e-03 1.3464365154504776e-02 9.0022838115692139e-01 9.9984830617904663e-01 1.6821039840579033e-02 4.5237569138407707e-03 8.8089054822921753e-01 1.5470000000000000e+03 9.7728439331054688e+01
9.9999529123306274e-01 1.2584780342876911e-03 2.7935579419136047e-03 9.0854591131210327e-01 9.9999004602432251e-01 -2.8961261268705130e-03 3.4019118174910545e-03 8.8237220048904419e-01 3.0130000000000000e+03 1.0320233917236328e+02
9.9998384714126587e-01 -4.0855607949197292e-03 3.9696195162832737e-03 9.1605031490325928e-01 9.9998468160629272e-01 -5.5169523693621159e-03 -5.8964453637599945e-04 8.8660502433776855e-01 3.0380000000000000e+03 1.0272087097167969e+02
9.9998164176940918e-01 -3.3691225107759237e-03 5.0410218536853790e-03 9.1522276401519775e-01 9.9999564886093140e-01 -2.2677839733660221e-03 1.8538695294409990e-03 8.8763064146041870e-01 4.2690000000000000e+03 9.2075195312500000e+01
-9.9918079376220703e-01 -5.4693296551704407e-03 -4.0097881108522415e-02 1.6718453168869019e+00 -9.9997377395629883e-01 -7.1773724630475044e-03 -9.3739555450156331e-04 1.5125076770782471e+00 1.2790000000000000e+03 2.3113917541503906e+02
9.9994641542434692e-01 -5.3428590763360262e-04 1.0340338572859764e-02 9.0695291757583618e-01 9.9999690055847168e-01 -2.2592497989535332e-03 -1.0721065336838365e-03 8.8308674097061157e-01 4.7900000000000000e+03 8.8978286743164062e+01
-9.9904495477676392e-01 -4.2820423841476440e-02 -8.7030008435249329e-03 1.5801907777786255e+00 -9.9994140863418579e-01 -8.4186317399144173e-03 6.8009621463716030e-03 1.5033941268920898e+00 1.3700000000000000e+03 2.1842628479003906e+02
9.9996167421340942e-01 2.0596096292138100e-03 8.5205901414155960e-03 9.0190309286117554e-01 9.9997276067733765e-01 -7.3778391815721989e-03 -1.4564530283678323e-04 8.8523274660110474e-01 4.6290000000000000e+03 8.8386589050292969e+01
-9.9887514114379883e-01 -4.7222990542650223e-02 -4.3141935020685196e-03 1.5753227472305298e+00 -9.9983644485473633e-01 -3.0899741686880589e-03 1.7816346138715744e-02 1.4624434709548950e+00 1.2120000000000000e+03 2.1532260131835938e+02
9.9998319149017334e-01 1.9438609015196562e-03 5.4680332541465759e-03 9.0885806083679199e-01 9.9997276067733765e-01 -7.3679992929100990e-03 2.0026545098517090e-04 8.8492858409881592e-01 5.0610000000000000e+03 8.7151336669921875e+01
-9.9943476915359497e-01 -3.3337295055389404e-02 -4.3200636282563210e-03 1.5716625452041626e+00 -9.9993592500686646e-01 -9.2195617035031319e-03 6.5719899721443653e-03 1.5110985040664673e+00 1.5020000000000000e+03 2.0691744995117188e+02
9.9998646974563599e-01 3.6311179865151644e-03 3.7280253600329161e-03 9.1421961784362793e-01 9.9998223781585693e-01 -5.9264712035655975e-03 -5.9996329946443439e-04 8.8364017009735107e-01 5.0900000000000000e+03 8.6239959716796875e+01
9.9996876716613770e-01 2.1899819839745760e-03 7.5946464203298092e-03 9.0670806169509888e-01 9.9999129772186279e-01 -3.6558522842824459e-03 1.9794302061200142e-03 8.8064521551132202e-01 4.8940000000000000e+03 8.6059379577636719e+01
9.9998605251312256e-01 2.2711679339408875e-03 4.7709830105304718e-03 9.0716212987899780e-01 9.9991101026535034e-01 -6.4096716232597828e-03 1.1699422262609005e-02 8.6438590288162231e-01 2.7850000000000000e+03 8.6181365966796875e+01
9.9995315074920654e-01 1.1652896646410227e-03 9.6102729439735413e-03 9.0577876567840576e-01 9.9985349178314209e-01 9.5733301714062691e-03 1.4192260801792145e-02 8.6747419834136963e-01 1.1110000000000000e+03 8.6468612670898438e+01
9.9994975328445435e-01 3.2429699786007404e-03 9.4873495399951935e-03 9.0199702978134155e-01 9.9999672174453735e-01 9.3829695833846927e-04 -2.3755605798214674e-03 8.9363932609558105e-01 2.2530000000000000e+03 8.6526496887207031e+01
9.9988824129104614e-01 5.4649799130856991e-03 1.3920840807259083e-02 9.0080380439758301e-01 9.9999862909317017e-01 -2.3573395446874201e-04 1.6544382087886333e-03 8.7126111984252930e-01 2.1370000000000000e+03 8.5451469421386719e+01
9.9996864795684814e-01 1.8084970361087471e-04 7.9065272584557533e-03 8.9899855852127075e-01 9.9995762109756470e-01 -8.8730156421661377e-03 2.4569185916334391e-03 8.7821179628372192e-01 2.7800000000000000e+03 1.0416699981689453e+02
9.9991232156753540e-01 4.7652362845838070e-03 -1.2354771606624126e-02 9.1176766157150269e-01 9.9987196922302246e-01 -1.3281188905239105e-02 8.9199030771851540e-03 8.9568197727203369e-01 3.4260000000000000e+03 8.5092666625976562e+01
9.9969041347503662e-01 1.3421547599136829e-02 2.0947556942701340e-02 8.8686126470565796e-01 9.9991470575332642e-01 1.0091843083500862e-02 -8.2894191145896912e-03 9.0524762868881226e-01 2.2200000000000000e+03 5.8585498809814453e+01
9.9939298629760742e-01 2.0977517589926720e-02 2.7812015265226364e-02 8.6307394504547119e-01 9.9999713897705078e-01 -2.5451969122514129e-04 -2.3694264236837626e-03 8.8423818349838257e-01 1.4850000000000000e+03 6.0369915008544922e+01
9.9994885921478271e-01 7.3462305590510368e-03 6.9560161791741848e-03 8.9646798372268677e-01 9.9979346990585327e-01 1.3089734129607677e-02 1.5554229728877544e-02 8.6962372064590454e-01 1.1870000000000000e+03 7.3692512512207031e+01
9.9936789274215698e-01 7.5177173130214214e-03 3.4746479243040085e-02 8.5567224025726318e-01 9.9995958805084229e-01 8.7851854041218758e-03 1.8963066395372152e-03 8.8873958587646484e-01 1.1200000000000000e+03 8.0650894165039062e+01
9.9996978044509888e-01 -4.2126011103391647e-03 6.5264748409390450e-03 9.0148729085922241e-01 9.9988013505935669e-01 -5.0543500110507011e-03 1.4631768688559532e-02 8.6718332767486572e-01 1.7330000000000000e+03 9.0239761352539062e+01
9.9949818849563599e-01 -5.6732348166406155e-03 3.1164126470685005e-02 8.9567375183105469e-01 9.9991106986999512e-01 1.2629587203264236e-02 -4.2912862263619900e-03 8.9508086442947388e-01 4.0030000000000000e+03 8.4682235717773438e+01
-9.9863630533218384e-01 -2.1622104570269585e-02 -4.7519564628601074e-02 1.5212334394454956e+00 -9.9955636262893677e-01 -2.7427252382040024e-02 1.1611400172114372e-02 1.4911855459213257e+00 2.0130000000000000e+03 2.1600447082519531e+02
9.9982768297195435e-01 1.5250834403559566e-03 1.8501983955502510e-02 8.9002847671508789e-01 9.9998420476913452e-01 4.8246514052152634e-03 -2.9084929265081882e-03 9.0249633789062500e-01 2.6190000000000000e+03 7.9580444335937500e+01
9.9991726875305176e-01 1.2672329321503639e-03 1.2802393175661564e-02 8.9013856649398804e-01 9.9996435642242432e-01 -7.9310666769742966e-03 -2.9077478684484959e-03 9.0423756837844849e-01 3.8300000000000000e+03 8.4428054809570312e+01
-9.9900406599044800e-01 -2.6460625231266022e-02 -3.5926070064306259e-02 1.2946344614028931e+00 -9.9986535310745239e-01 3.9586191996932030e-03 1.5926275402307510e-02 1.4510378837585449e+00 1.6930000000000000e+03 2.1052806091308594e+02
9.9993866682052612e-01 6.8069621920585632e-03 8.7427170947194099e-03 9.0495115518569946e-01 9.9994969367980957e-01 -9.9277496337890625e-03 -1.4295510482043028e-03 8.9067071676254272e-01 4.5330000000000000e+03 8.2042930603027344e+01
-9.9926108121871948e-01 -3.0006082728505135e-02 -2.4021377786993980e-02 1.2581572532653809e+00 -9.9937778711318970e-01 9.0703507885336876e-03 3.4084413200616837e-02 1.4163007736206055e+00 1.3550000000000000e+03 2.0368142700195312e+02
9.9992543458938599e-01 4.5719081535935402e-03 1.1324591003358364e-02 9.0164172649383545e-01 9.9995243549346924e-01 -9.1125769540667534e-03 -3.4911241382360458e-03 8.9755642414093018e-01 4.4110000000000000e+03 8.0814697265625000e+01
9.9989712238311768e-01 2.4552878458052874e-03 1.4134037308394909e-02 8.9287590980529785e-01 9.9997329711914062e-01 -6.8199029192328453e-03 2.6486555580049753e-03 8.8242489099502563e-01 3.9880000000000000e+03 8.4208274841308594e+01
9.9989628791809082e-01 1.7602356383576989e-03 1.4297143556177616e-02 8.9217627048492432e-01 9.9997252225875854e-01 6.5038106404244900e-03 3.5539332311600447e-03 8.8575345277786255e-01 1.7830000000000000e+03 8.5836891174316406e+01
9.9989879131317139e-01 3.9041587151587009e-03 1.3679522089660168e-02 8.9463752508163452e-01 9.9999541044235229e-01 -2.5602618698030710e-03 -1.6036701854318380e-03 8.9091700315475464e-01 3.8410000000000000e+03 8.3203849792480469e+01
