9.9967044591903687e-01 -2.5296906009316444e-02 4.3928371742367744e-03 8.9079648256301880e-01 9.9960553646087646e-01 1.8404165282845497e-02 2.1215319633483887e-02 8.7243282794952393e-01 1.8620000000000000e+03 8.5426368713378906e+01
9.9986118078231812e-01 -1.6066994518041611e-02 4.4168587774038315e-03 8.9821833372116089e-01 9.9994146823883057e-01 1.0815224610269070e-02 -1.4126334281172603e-04 9.0222340822219849e-01 1.2400000000000000e+03 8.2538711547851562e+01
9.9957454204559326e-01 -2.7200641110539436e-02 1.0523786768317223e-02 9.0149366855621338e-01 9.9990612268447876e-01 1.3659327290952206e-02 1.0506036924198270e-03 8.8517224788665771e-01 1.4810000000000000e+03 9.4360565185546875e+01
9.9947834014892578e-01 -3.0427303165197372e-02 1.0834519751369953e-02 8.9203137159347534e-01 9.9964332580566406e-01 2.6191104203462601e-02 -5.2147074602544308e-03 9.0304559469223022e-01 2.2950000000000000e+03 1.0476036834716797e+02
9.9955260753631592e-01 -2.9245397076010704e-02 6.2784217298030853e-03 8.9590460062026978e-01 9.9984985589981079e-01 1.6767645254731178e-02 -4.3623610399663448e-03 8.9800667762756348e-01 1.5540000000000000e+03 1.0040465545654297e+02
9.9984866380691528e-01 -1.2284084223210812e-02 1.2318231165409088e-02 8.9351904392242432e-01 9.9992340803146362e-01 1.2153606861829758e-02 -2.3237569257616997e-03 8.9053410291671753e-01 1.5940000000000000e+03 1.0168852233886719e+02
9.9967712163925171e-01 -2.4347735568881035e-02 7.2736120782792568e-03 8.8965165615081787e-01 9.9997979402542114e-01 5.9186406433582306e-03 2.3125431034713984e-03 8.9100915193557739e-01 1.7380000000000000e+03 1.1636132049560547e+02
9.9976742267608643e-01 -1.5826663002371788e-02 1.4652060344815254e-02 8.8699251413345337e-01 9.9998575448989868e-01 5.3409207612276077e-03 -1.9165128469467163e-04 8.8959378004074097e-01 1.3720000000000000e+03 1.2027729797363281e+02
9.9961578845977783e-01 -2.6801342144608498e-02 7.0764613337814808e-03 8.9544528722763062e-01 9.9975651502609253e-01 2.2056309506297112e-02 -6.4792990451678634e-04 8.8710194826126099e-01 2.3100000000000000e+03 1.0467581176757812e+02
-9.9780547618865967e-01 3.2361306250095367e-02 -5.7765867561101913e-02 1.6714295148849487e+00 -9.9911838769912720e-01 -4.1704304516315460e-02 4.8191663809120655e-03 1.4804621934890747e+00 1.0700000000000000e+03 2.2839532470703125e+02
9.9968975782394409e-01 -2.4145552888512611e-02 6.1068492941558361e-03 8.9163815975189209e-01 9.9985760450363159e-01 1.6567494720220566e-02 -3.1813215464353561e-03 8.9393979310989380e-01 3.6100000000000000e+03 8.4927467346191406e+01
-9.9909120798110962e-01 1.1574177071452141e-02 -4.1020225733518600e-02 1.6363444328308105e+00 -9.9896574020385742e-01 -4.2577907443046570e-02 -1.5951838344335556e-02 1.5468152761459351e+00 1.4410000000000000e+03 2.1862525939941406e+02
9.9975222349166870e-01 -2.1240452304482460e-02 6.6588502377271652e-03 8.9042437076568604e-01 9.9994629621505737e-01 9.0187378227710724e-03 -5.1112202927470207e-03 8.9815151691436768e-01 2.7640000000000000e+03 9.5731185913085938e+01
-9.9967241287231445e-01 7.0702453376725316e-04 -2.5583159178495407e-02 1.5846043825149536e+00 -9.9879610538482666e-01 -3.0096050351858139e-02 -3.8737967610359192e-02 1.6249551773071289e+00 1.0610000000000000e+03 2.3103298950195312e+02
9.9969536066055298e-01 -2.4390051141381264e-02 3.7954999133944511e-03 8.9121711254119873e-01 9.9959903955459595e-01 2.6303783059120178e-02 1.0482142679393291e-02 8.7651401758193970e-01 1.2350000000000000e+03 8.2314262390136719e+01
9.9970054626464844e-01 -2.4198146536946297e-02 3.6479982081800699e-03 8.9500606060028076e-01 9.9988412857055664e-01 1.5105713158845901e-02 1.9011535914614797e-03 8.8465476036071777e-01 2.6630000000000000e+03 8.0293281555175781e+01
9.9971109628677368e-01 -2.0805545151233673e-02 1.2035593390464783e-02 8.8676655292510986e-01 9.9988532066345215e-01 7.8754760324954987e-03 1.2936943210661411e-02 8.4907341003417969e-01 2.2460000000000000e+03 8.1029243469238281e+01
9.9957412481307983e-01 -2.5507021695375443e-02 1.4173631556332111e-02 8.7578117847442627e-01 9.9987840652465820e-01 1.5372273512184620e-02 -2.6213063392788172e-03 8.9233261346817017e-01 3.0980000000000000e+03 8.8979019165039062e+01
9.9934989213943481e-01 -2.2983154281973839e-02 2.7775285765528679e-02 8.5616838932037354e-01 9.9990582466125488e-01 -5.2403844892978668e-03 1.2680388987064362e-02 8.6836975812911987e-01 1.6000000000000000e+03 9.5541877746582031e+01
9.9982559680938721e-01 1.2857224792242050e-03 1.8630638718605042e-02 8.9722537994384766e-01 9.9976873397827148e-01 1.9352443516254425e-02 -9.3727335333824158e-03 9.0018922090530396e-01 1.4170000000000000e+03 8.2361862182617188e+01
9.9878072738647461e-01 -4.8867948353290558e-02 6.9917906075716019e-03 8.9787268638610840e-01 9.9914419651031494e-01 4.1020661592483521e-02 5.3062606602907181e-03 8.9803016185760498e-01 1.3250000000000000e+03 1.2688603973388672e+02
9.9995857477188110e-01 -4.6156165190041065e-03 7.8428722918033600e-03 9.0429246425628662e-01 9.9983686208724976e-01 1.7904194071888924e-02 -2.4197984021157026e-03 8.9663994312286377e-01 1.7450000000000000e+03 4.7535816192626953e+01
9.9987441301345825e-01 -1.4467995613813400e-02 6.4748115837574005e-03 9.0628653764724731e-01 9.9992614984512329e-01 1.0194639675319195e-02 -6.6125965677201748e-03 9.0484720468521118e-01 2.4580000000000000e+03 1.1746427154541016e+02
-9.9948567152023315e-01 2.9934351332485676e-03 -3.1928252428770065e-02 1.6268310546875000e+00 -9.9942231178283691e-01 -3.3380422741174698e-02 -6.3897222280502319e-03 1.5524892807006836e+00 1.1960000000000000e+03 2.0146781921386719e+02
9.9904787540435791e-01 -4.0362335741519928e-02 1.6560519114136696e-02 8.7476289272308350e-01 9.9974155426025391e-01 2.2017000243067741e-02 5.6557753123342991e-03 8.8344877958297729e-01 1.0700000000000000e+03 9.3599067687988281e+01
9.9899905920028687e-01 -3.7883248180150986e-02 2.3787697777152061e-02 8.6050420999526978e-01 9.9985939264297485e-01 1.6368625685572624e-02 3.6373569164425135e-03 8.8495117425918579e-01 2.0530000000000000e+03 9.1198249816894531e+01
9.9969464540481567e-01 -2.3737911134958267e-02 6.8592745810747147e-03 8.8481515645980835e-01 9.9987804889678955e-01 1.4604398049414158e-02 5.5342214182019234e-03 8.8314521312713623e-01 3.1250000000000000e+03 8.5720314025878906e+01
9.9969559907913208e-01 -2.4396646767854691e-02 3.6633608397096395e-03 8.9286303520202637e-01 9.9986714124679565e-01 1.5342721715569496e-02 5.4980576969683170e-03 8.7742125988006592e-01 3.4580000000000000e+03 8.2278770446777344e+01
-9.9938917160034180e-01 6.3545508310198784e-03 -3.4365061670541763e-02 1.6401282548904419e+00 -9.9923574924468994e-01 -3.5741023719310760e-02 -1.5826014801859856e-02 1.5175771713256836e+00 1.3650000000000000e+03 2.2110844421386719e+02
9.9968391656875610e-01 -2.5051737204194069e-02 2.1242010407149792e-03 8.8989257812500000e-01 9.9986588954925537e-01 1.4861993491649628e-02 6.8737161345779896e-03 8.8081568479537964e-01 3.8760000000000000e+03 8.8266510009765625e+01
-9.9974298477172852e-01 2.2466660011559725e-03 -2.2557873278856277e-02 1.6097917556762695e+00 -9.9854892492294312e-01 -5.1558051258325577e-02 -1.5548505820333958e-02 1.5155280828475952e+00 1.8120000000000000e+03 2.1118675231933594e+02
9.9972915649414062e-01 -2.3272108286619186e-02 -9.0412264398764819e-05 8.9594626426696777e-01 9.9989509582519531e-01 1.2545360252261162e-02 7.2348429821431637e-03 8.8157904148101807e-01 4.1390000000000000e+03 8.3263984680175781e+01
9.9966973066329956e-01 -2.5693757459521294e-02 4.8383953981101513e-04 8.9537626504898071e-01 9.9990922212600708e-01 1.2469789013266563e-02 5.1170801743865013e-03 8.8633340597152710e-01 3.3220000000000000e+03 9.3183326721191406e+01
9.9976241588592529e-01 -2.1796511486172676e-02 -2.3171860448201187e-05 8.9784973859786987e-01 9.9997061491012573e-01 5.7835280895233154e-03 5.0222170539200306e-03 8.8655084371566772e-01 2.1050000000000000e+03 1.1247458648681641e+02
-9.9892711639404297e-01 1.3126843608915806e-02 -4.4410310685634613e-02 1.6392686367034912e+00 -9.9793410301208496e-01 -6.0623224824666977e-02 -2.1270386874675751e-02 1.5254818201065063e+00 1.1050000000000000e+03 2.2235215759277344e+02
9.9969613552093506e-01 -2.3554125800728798e-02 7.2726970538496971e-03 8.9170664548873901e-01 9.9966138601303101e-01 2.5718992576003075e-02 3.9563747122883797e-03 8.8693761825561523e-01 2.1810000000000000e+03 8.7471984863281250e+01
-9.9960833787918091e-01 -8.0177671043202281e-04 -2.7973743155598640e-02 1.5904165506362915e+00 -9.9897754192352295e-01 -4.5094821602106094e-02 -3.1949277035892010e-03 1.4873614311218262e+00 1.5320000000000000e+03 2.0968266296386719e+02
9.9973720312118530e-01 -2.1996917203068733e-02 6.4545175991952419e-03 8.8977199792861938e-01 9.9985194206237793e-01 1.5948433429002762e-02 6.4692595042288303e-03 8.7713706493377686e-01 3.1520000000000000e+03 8.3928077697753906e+01
-9.9973046779632568e-01 -1.0412764968350530e-03 -2.3192433640360832e-02 1.5750224590301514e+00 -9.9820089340209961e-01 -3.9016660302877426e-02 -4.5525610446929932e-02 1.6322976350784302e+00 1.3510000000000000e+03 2.2217616271972656e+02
9.9965929985046387e-01 -2.4645764380693436e-02 8.6018210276961327e-03 8.7943959236145020e-01 9.9951672554016113e-01 3.0657190829515457e-02 5.1348200067877769e-03 8.8875031471252441e-01 1.3350000000000000e+03 8.5485694885253906e+01
