9.9988770484924316e-01 -8.3725638687610626e-03 -1.2424829415977001e-02 9.1448265314102173e-01 9.9997514486312866e-01 6.6401036456227303e-03 2.3647742345929146e-03 9.1598284244537354e-01 2.7780000000000000e+03 8.9879142761230469e+01
9.9985367059707642e-01 -9.4838943332433701e-03 -1.4238403178751469e-02 9.1291797161102295e-01 9.9998867511749268e-01 3.9564264006912708e-03 -2.6863918174058199e-03 9.2738848924636841e-01 3.1630000000000000e+03 8.8728065490722656e+01
9.9984490871429443e-01 -1.2330717407166958e-02 -1.2578443624079227e-02 9.0785568952560425e-01 9.9998581409454346e-01 5.3224219009280205e-03 -1.0923646186711267e-04 9.1504317522048950e-01 4.6890000000000000e+03 8.6039451599121094e+01
-9.9994730949401855e-01 -3.3044510055333376e-03 9.7119482234120369e-03 1.5068386793136597e+00 -9.9896705150604248e-01 -4.2742412537336349e-02 -1.5428523533046246e-02 1.5038514137268066e+00 2.0420000000000000e+03 2.1357052612304688e+02
9.9981611967086792e-01 -1.5875322744250298e-02 -1.0752687230706215e-02 9.0512073040008545e-01 9.9998766183853149e-01 4.9614524468779564e-03 1.1734447980416007e-05 9.1594779491424561e-01 4.0420000000000000e+03 9.9214744567871094e+01
-9.9993157386779785e-01 -1.1469779536128044e-02 2.3359418846666813e-03 1.5384790897369385e+00 -9.9924051761627197e-01 -3.6767527461051941e-02 -1.2905692681670189e-02 1.4973872900009155e+00 2.3570000000000000e+03 2.0341432189941406e+02
-9.9991840124130249e-01 -5.2343728020787239e-03 -1.1660216376185417e-02 1.5985188484191895e+00 -9.9865067005157471e-01 -3.1604789197444916e-02 -4.1206199675798416e-02 1.6104282140731812e+00 1.1580000000000000e+03 2.3217962646484375e+02
9.9974167346954346e-01 -2.0210362970829010e-02 -1.0403325781226158e-02 8.8733285665512085e-01 9.9999964237213135e-01 7.9848518362268806e-04 -2.7263545780442655e-04 9.1589343547821045e-01 2.2520000000000000e+03 1.2132460021972656e+02
9.9986219406127930e-01 5.3039719350636005e-03 -1.5725634992122650e-02 9.0766674280166626e-01 9.9997729063034058e-01 1.7591908108443022e-03 -6.5046767704188824e-03 9.1569697856903076e-01 2.8260000000000000e+03 8.4418983459472656e+01
9.9992227554321289e-01 -3.1642804387956858e-03 -1.2056643143296242e-02 9.0975439548492432e-01 9.9997222423553467e-01 4.0888134390115738e-03 -6.2401648610830307e-03 9.1562545299530029e-01 1.7930000000000000e+03 1.0208544158935547e+02
9.9998587369918823e-01 -4.2196498252451420e-03 3.2191977370530367e-03 8.8579052686691284e-01 9.9966168403625488e-01 2.4963196367025375e-02 7.3180911131203175e-03 8.9323037862777710e-01 1.2380000000000000e+03 4.8874431610107422e+01
9.9989593029022217e-01 -1.0708436369895935e-02 -9.6760923042893410e-03 9.0923911333084106e-01 9.9999862909317017e-01 -4.4348899973556399e-04 -1.6372654354199767e-03 9.0391981601715088e-01 2.5690000000000000e+03 9.8300506591796875e+01
9.9979043006896973e-01 1.6415568825323135e-04 -2.0473632961511612e-02 9.1194224357604980e-01 9.9981600046157837e-01 -1.6353286802768707e-02 -1.0030686855316162e-02 9.0279102325439453e-01 2.5520000000000000e+03 1.0350352478027344e+02
9.9983799457550049e-01 -1.7929248511791229e-02 1.6299232374876738e-03 8.8997316360473633e-01 9.9999958276748657e-01 8.9619611389935017e-04 -3.8368147215805948e-04 8.9777243137359619e-01 1.6020000000000000e+03 1.1889252471923828e+02
-5.0569687038660049e-02 8.8969212770462036e-01 -4.5375165343284607e-01 1.4477113485336304e+00 -3.3831961452960968e-02 -3.2632246613502502e-01 -9.4465285539627075e-01 1.4283479452133179e+00 3.7660000000000000e+03 1.8574305725097656e+02
-4.6716384589672089e-02 8.5665607452392578e-01 -5.1376831531524658e-01 1.2838011980056763e+00 -3.1245199497789145e-03 -4.7781479358673096e-01 -8.7845504283905029e-01 1.1625494956970215e+00 2.2410000000000000e+03 1.6172499084472656e+02
9.9986541271209717e-01 -4.6535027213394642e-03 -1.5735428780317307e-02 9.0467387437820435e-01 9.9983274936676025e-01 -1.2088845251128078e-03 -1.8248045817017555e-02 9.3799412250518799e-01 1.1830000000000000e+03 7.5076080322265625e+01
9.9986195564270020e-01 -4.5774234458804131e-03 -1.5969939529895782e-02 9.0829557180404663e-01 9.9988120794296265e-01 1.0763823986053467e-02 -1.1031216941773891e-02 9.2017638683319092e-01 1.5980000000000000e+03 9.9982475280761719e+01
9.9984383583068848e-01 -2.9514627531170845e-03 -1.7425071448087692e-02 9.1773390769958496e-01 9.9997353553771973e-01 -3.6923214793205261e-03 -6.2669506296515465e-03 9.1625207662582397e-01 1.6530000000000000e+03 1.0550877380371094e+02
-3.8154184818267822e-02 9.9922347068786621e-01 -9.8308548331260681e-03 8.7982779741287231e-01 7.7273510396480560e-03 -1.9160062074661255e-02 -9.9978655576705933e-01 7.9422199726104736e-01 2.0140000000000000e+03 1.3871649169921875e+02
9.9994349479675293e-01 -1.0320692323148251e-02 2.5578918866813183e-03 8.8906383514404297e-01 9.9991583824157715e-01 1.2816978618502617e-02 -1.9960671197623014e-03 9.0932470560073853e-01 2.9910000000000000e+03 7.4537277221679688e+01
-6.9611132144927979e-02 9.1592705249786377e-01 -3.9526182413101196e-01 1.9515529870986938e+00 -2.8302220627665520e-02 -3.3731663227081299e-01 -9.4096577167510986e-01 1.8467966318130493e+00 1.4430000000000000e+03 2.0948786926269531e+02
9.9996447563171387e-01 -8.4196841344237328e-03 -1.5264628746081144e-04 8.8985538482666016e-01 9.9992483854293823e-01 1.1646890081465244e-02 -3.8360366597771645e-03 9.0661346912384033e-01 3.0720000000000000e+03 7.4989257812500000e+01
-6.7431293427944183e-02 9.1008520126342773e-01 -4.0889838337898254e-01 1.9256887435913086e+00 -3.9626285433769226e-02 -3.4203091263771057e-01 -9.3885272741317749e-01 1.8498164415359497e+00 1.4950000000000000e+03 2.0913778686523438e+02
9.9990630149841309e-01 -9.6622388809919357e-03 -9.6995402127504349e-03 8.9979749917984009e-01 9.9995845556259155e-01 8.9614279568195343e-03 -1.6818224685266614e-03 9.0312963724136353e-01 3.5440000000000000e+03 7.5465858459472656e+01
9.9993884563446045e-01 -9.0993857011198997e-03 -6.2831486575305462e-03 9.0088981389999390e-01 9.9991518259048462e-01 1.2598838657140732e-02 -3.2959466334432364e-03 9.0303504467010498e-01 3.6110000000000000e+03 7.5876213073730469e+01
9.9992501735687256e-01 -6.9213835522532463e-03 -1.0095409117639065e-02 9.0523922443389893e-01 9.9993729591369629e-01 1.1125478893518448e-02 -1.2714960612356663e-03 9.0446394681930542e-01 4.2320000000000000e+03 8.0013763427734375e+01
9.9961286783218384e-01 -7.4028605595231056e-03 -2.6819853112101555e-02 9.0414863824844360e-01 9.9992114305496216e-01 -1.2347973883152008e-02 -2.2593224421143532e-03 9.0675771236419678e-01 2.9150000000000000e+03 1.1356775665283203e+02
-3.0554085969924927e-03 6.4522039890289307e-01 -7.6399034261703491e-01 1.0638939142227173e+00 -1.1451967060565948e-02 -7.0127922296524048e-01 -7.1279478073120117e-01 1.0490537881851196e+00 7.2770000000000000e+03 1.7333071899414062e+02
9.9998170137405396e-01 -5.1322658546268940e-03 3.2054793555289507e-03 8.8740074634552002e-01 9.9992531538009644e-01 1.5972031978890300e-03 -1.2117756530642509e-02 9.1533941030502319e-01 1.9580000000000000e+03 1.0008624267578125e+02
9.9994683265686035e-01 -3.9647482335567474e-03 9.5164803788065910e-03 8.7589526176452637e-01 9.9990320205688477e-01 4.1200150735676289e-03 -1.3292847201228142e-02 9.1727840900421143e-01 1.9300000000000000e+03 9.9825340270996094e+01
9.9994564056396484e-01 -4.5184055343270302e-03 -9.3924039974808693e-03 9.0046322345733643e-01 9.9991297721862793e-01 -9.4336150214076042e-03 -9.2277405783534050e-03 9.1111898422241211e-01 1.4500000000000000e+03 1.1498345184326172e+02
9.9988579750061035e-01 -1.2125013396143913e-02 -9.0240556746721268e-03 8.9668750762939453e-01 9.9991697072982788e-01 7.1904491633176804e-03 1.0699464008212090e-02 8.8762068748474121e-01 2.4670000000000000e+03 7.3100189208984375e+01
9.9989777803421021e-01 -8.9456420391798019e-03 -1.1157093569636345e-02 8.8858133554458618e-01 9.9997127056121826e-01 5.0335195846855640e-03 -5.6588943116366863e-03 9.0768682956695557e-01 1.2780000000000000e+03 8.1584381103515625e+01
9.9998927116394043e-01 -4.1421907953917980e-03 -2.0591649226844311e-03 8.9090389013290405e-01 9.9997007846832275e-01 7.4393223039805889e-03 2.1365797147154808e-03 8.9581727981567383e-01 1.4870000000000000e+03 1.0336701202392578e+02
9.9984449148178101e-01 -1.6882665455341339e-02 5.0996509380638599e-03 8.7040412425994873e-01 9.9982672929763794e-01 1.5414764173328876e-02 1.0434199124574661e-02 8.7825453281402588e-01 1.6110000000000000e+03 7.9806755065917969e+01
9.9991536140441895e-01 -9.0202074497938156e-03 -9.3761887401342392e-03 8.9467400312423706e-01 9.9995702505111694e-01 8.8737094774842262e-03 -2.6757661253213882e-03 8.9825159311294556e-01 3.4660000000000000e+03 8.7419860839843750e+01
-9.9949437379837036e-01 -3.1794842332601547e-02 2.9144709696993232e-04 1.5447181463241577e+00 -9.9949193000793457e-01 -2.6119058951735497e-02 -1.8267715349793434e-02 1.5436011552810669e+00 1.1000000000000000e+03 2.0126626586914062e+02
9.9986499547958374e-01 -1.1516122147440910e-02 -1.1722284369170666e-02 8.9733040332794189e-01 9.9997323751449585e-01 5.6264167651534081e-03 -4.6595046296715736e-03 9.0612590312957764e-01 4.3840000000000000e+03 8.9143692016601562e+01
-9.9988692998886108e-01 -1.2648667208850384e-02 8.1306202337145805e-03 1.5260274410247803e+00 -9.9903386831283569e-01 -3.4256581217050552e-02 -2.7529120445251465e-02 1.5749664306640625e+00 1.7470000000000000e+03 2.0397940063476562e+02
9.9989122152328491e-01 -8.4823118522763252e-03 -1.2061541900038719e-02 9.0021157264709473e-01 9.9997437000274658e-01 4.3480200693011284e-03 -5.6907851248979568e-03 9.0707278251647949e-01 3.6300000000000000e+03 9.5577133178710938e+01
9.9991971254348755e-01 -4.9533783458173275e-03 -1.1663336306810379e-02 9.0451234579086304e-01 9.9991035461425781e-01 8.1175975501537323e-03 -1.0644253343343735e-02 9.0706932544708252e-01 4.4510000000000000e+03 8.6608703613281250e+01
-9.9972105026245117e-01 -2.3501522839069366e-02 -2.3021199740469456e-03 1.5417410135269165e+00 -9.9918937683105469e-01 -3.9382696151733398e-02 -8.3349216729402542e-03 1.5424736738204956e+00 2.5580000000000000e+03 2.0412785339355469e+02
9.9993216991424561e-01 -8.3126612007617950e-03 -8.1654991954565048e-03 8.9400178194046021e-01 9.9995172023773193e-01 9.0578598901629448e-03 -3.8132162299007177e-03 9.0477049350738525e-01 4.4190000000000000e+03 8.8523826599121094e+01
-9.9956816434860229e-01 -2.8397742658853531e-02 -7.5574805960059166e-03 1.5510423183441162e+00 -9.9901825189590454e-01 -3.2503250986337662e-02 -3.0103003606200218e-02 1.5911369323730469e+00 2.7950000000000000e+03 1.9603935241699219e+02
9.9994200468063354e-01 -4.0154922753572464e-03 -9.9967084825038910e-03 8.9820116758346558e-01 9.9992537498474121e-01 7.8629525378346443e-03 -9.3449074774980545e-03 9.0792119503021240e-01 4.7720000000000000e+03 8.6323143005371094e+01
-9.9915993213653564e-01 -3.9920110255479813e-02 -9.2630740255117416e-03 1.5410317182540894e+00 -9.9950593709945679e-01 -2.2225541993975639e-02 -2.2225549444556236e-02 1.5915439128875732e+00 2.4470000000000000e+03 1.9425825500488281e+02
9.9993646144866943e-01 -2.6448520366102457e-03 -1.0959240607917309e-02 9.0143299102783203e-01 9.9991881847381592e-01 9.1666635125875473e-03 -8.8437674567103386e-03 9.0629523992538452e-01 4.9590000000000000e+03 9.0535758972167969e+01
-9.9934238195419312e-01 -3.3808480948209763e-02 -1.3108214363455772e-02 1.5606180429458618e+00 -9.9938005208969116e-01 -3.4578431397676468e-02 -6.6324551589787006e-03 1.5358566045761108e+00 2.3780000000000000e+03 2.0132926940917969e+02
9.9987459182739258e-01 -1.0387687012553215e-02 -1.1948386207222939e-02 9.0148836374282837e-01 9.9998623132705688e-01 4.3304599821567535e-03 -2.9592614155262709e-03 9.0599244832992554e-01 3.9970000000000000e+03 9.9958221435546875e+01
-9.9979108572006226e-01 -2.0088968798518181e-02 -3.7734301295131445e-03 1.5308419466018677e+00 -9.9892705678939819e-01 -4.2958892881870270e-02 -1.7299691215157509e-02 1.5597075223922729e+00 1.1100000000000000e+03 2.0703901672363281e+02
9.9993455410003662e-01 8.9538109023123980e-04 -1.1404703371226788e-02 8.9909642934799194e-01 9.9999070167541504e-01 3.5447643604129553e-03 -2.4603886995464563e-03 9.0086227655410767e-01 1.4060000000000000e+03 8.9907737731933594e+01
9.9997287988662720e-01 8.2832307089120150e-04 -7.3203989304602146e-03 8.9845877885818481e-01 9.9998700618743896e-01 1.9435518188402057e-03 -4.7153811901807785e-03 9.0155935287475586e-01 1.4810000000000000e+03 1.1440107727050781e+02
9.9996554851531982e-01 -2.1411047782748938e-04 -8.2957763224840164e-03 8.9818215370178223e-01 9.9990671873092651e-01 1.2795124202966690e-02 4.7748051583766937e-03 8.7697809934616089e-01 2.6080000000000000e+03 6.0667560577392578e+01
9.9997967481613159e-01 -3.4627462737262249e-03 -5.3543993271887302e-03 9.0000998973846436e-01 9.9943786859512329e-01 3.1124051660299301e-02 1.2457477860152721e-02 8.7980502843856812e-01 1.3380000000000000e+03 8.9042503356933594e+01
-5.5343849817290902e-04 5.6645089387893677e-01 -8.2409530878067017e-01 1.1905828714370728e+00 -2.3918354883790016e-02 -7.5191724300384521e-01 -6.5882343053817749e-01 1.1729781627655029e+00 5.2800000000000000e+03 1.8474224853515625e+02
9.9982535839080811e-01 -1.8224146217107773e-02 4.1275531984865665e-03 8.6833441257476807e-01 9.9997937679290771e-01 -6.2436251901090145e-03 1.4926020521670580e-03 9.1166883707046509e-01 1.7910000000000000e+03 9.4428718566894531e+01
9.9987095594406128e-01 -1.4190991409122944e-02 -7.5311958789825439e-03 8.8896000385284424e-01 9.9995493888854980e-01 8.3471424877643585e-03 4.5246207155287266e-03 9.0565872192382812e-01 3.5520000000000000e+03 1.0092510986328125e+02
9.9990105628967285e-01 -1.3612593524158001e-02 3.5467841662466526e-03 8.8102996349334717e-01 9.9982905387878418e-01 1.7752747982740402e-02 -5.1591419614851475e-03 9.0670502185821533e-01 1.4480000000000000e+03 1.0183728790283203e+02
9.9989503622055054e-01 -1.1638303287327290e-02 -8.6326897144317627e-03 9.0484279394149780e-01 9.9972754716873169e-01 2.1409032866358757e-02 -9.3074282631278038e-03 9.1878807544708252e-01 1.3910000000000000e+03 9.2912590026855469e+01
9.9990493059158325e-01 -1.1596826836466789e-02 -7.4590244330465794e-03 9.0176260471343994e-01 9.9993056058883667e-01 9.7214728593826294e-03 6.6662067547440529e-03 8.9847624301910400e-01 2.6640000000000000e+03 1.0532207489013672e+02
-9.9960666894912720e-01 -2.7951870113611221e-02 -2.2956593893468380e-03 1.5739926099777222e+00 -9.9885755777359009e-01 -4.5670881867408752e-02 -1.4062402769923210e-02 1.4251699447631836e+00 1.1310000000000000e+03 2.1786755371093750e+02
9.9988275766372681e-01 -1.2313637882471085e-02 -9.1072591021656990e-03 8.9394420385360718e-01 9.9998980760574341e-01 3.8774940185248852e-03 -2.3144944570958614e-03 9.1019141674041748e-01 1.9280000000000000e+03 8.2317947387695312e+01
9.9983531236648560e-01 -9.7719347104430199e-03 -1.5291636809706688e-02 9.0226805210113525e-01 9.9998199939727783e-01 5.6496476754546165e-03 2.0445012487471104e-03 8.9271718263626099e-01 3.2370000000000000e+03 7.7057456970214844e+01
9.9990385770797729e-01 -8.8665531948208809e-03 -1.0659567080438137e-02 8.9476048946380615e-01 9.9998456239700317e-01 4.8325778916478157e-03 -2.7510002255439758e-03 9.0391421318054199e-01 3.5380000000000000e+03 7.8521064758300781e+01
9.9992746114730835e-01 -9.0356934815645218e-03 -7.9738479107618332e-03 8.9266383647918701e-01 9.9996578693389893e-01 7.8409472480416298e-03 -2.6232297532260418e-03 8.9928376674652100e-01 3.8230000000000000e+03 8.0780052185058594e+01
9.9987035989761353e-01 -1.1007697321474552e-02 -1.1749145574867725e-02 8.9571386575698853e-01 9.9998599290847778e-01 5.3010322153568268e-03 6.1703185565420426e-06 8.9745783805847168e-01 4.4460000000000000e+03 8.5923294067382812e+01
9.9987506866455078e-01 -9.0901441872119904e-03 -1.2934627011418343e-02 8.9595627784729004e-01 9.9999547004699707e-01 2.9538292437791824e-03 -5.1803712267428637e-04 8.9919394254684448e-01 3.9460000000000000e+03 8.6587661743164062e+01
-9.9991977214813232e-01 -1.2234018184244633e-02 3.2706928905099630e-03 1.5534688234329224e+00 -9.9913710355758667e-01 -3.6467257887125015e-02 -1.9876476377248764e-02 1.5330904722213745e+00 1.4220000000000000e+03 1.9628416442871094e+02
9.9987715482711792e-01 -1.0647901333868504e-02 -1.1503771878778934e-02 8.9628070592880249e-01 9.9998319149017334e-01 5.6077563203871250e-03 1.5212749131023884e-03 8.9646208286285400e-01 4.6520000000000000e+03 8.6500541687011719e+01
-9.9976134300231934e-01 -1.5672774985432625e-02 -1.5221896581351757e-02 1.6085371971130371e+00 -9.9937081336975098e-01 -3.3010758459568024e-02 -1.2972975149750710e-02 1.5190454721450806e+00 1.7790000000000000e+03 2.0152545166015625e+02
9.9987769126892090e-01 -1.0861001908779144e-02 -1.1257941834628582e-02 8.9607322216033936e-01 9.9998646974563599e-01 4.6822647564113140e-03 -2.2854239214211702e-03 9.0051674842834473e-01 5.0670000000000000e+03 8.3366485595703125e+01
-9.9984681606292725e-01 -1.5367927961051464e-02 8.3767538890242577e-03 1.5349861383438110e+00 -9.9918180704116821e-01 -3.3787377178668976e-02 -2.2231729701161385e-02 1.5526895523071289e+00 1.6780000000000000e+03 2.0004092407226562e+02
9.9983948469161987e-01 -1.3643145561218262e-02 -1.1610251851379871e-02 8.9431095123291016e-01 9.9999028444290161e-01 4.3601347133517265e-03 6.6370813874527812e-04 9.0025401115417480e-01 4.8320000000000000e+03 9.0334854125976562e+01
-9.9997234344482422e-01 -5.1671219989657402e-03 5.3523662500083447e-03 1.5430952310562134e+00 -9.9905610084533691e-01 -3.7511799484491348e-02 -2.1905496716499329e-02 1.5507570505142212e+00 2.1890000000000000e+03 2.0010415649414062e+02
9.9986046552658081e-01 -1.1667263694107533e-02 -1.1954499408602715e-02 8.9529806375503540e-01 9.9999922513961792e-01 7.6395337237045169e-04 -1.0430084075778723e-03 9.0082269906997681e-01 2.3680000000000000e+03 1.1776900482177734e+02
-9.9997359514236450e-01 -7.2438288480043411e-03 6.7958707222715020e-04 1.5531721115112305e+00 -9.9869507551193237e-01 -4.8086430877447128e-02 -1.7198124900460243e-02 1.5485113859176636e+00 2.0300000000000000e+03 2.0982243347167969e+02
-9.9974936246871948e-01 -2.0803723484277725e-02 -8.2597704604268074e-03 1.5679242610931396e+00 -9.9854588508605957e-01 -3.7461459636688232e-02 -3.8765609264373779e-02 1.6063790321350098e+00 1.1400000000000000e+03 2.3006404113769531e+02
9.9987745285034180e-01 -8.7761776521801949e-03 -1.2960232794284821e-02 8.9619535207748413e-01 9.9999660253524780e-01 1.2602936476469040e-03 2.2766019683331251e-03 8.9168167114257812e-01 3.2240000000000000e+03 1.0441718292236328e+02
-9.9956840276718140e-01 -2.0696574822068214e-02 -2.0849371328949928e-02 1.6187565326690674e+00 -9.9878627061843872e-01 -4.8410665243864059e-02 -9.0728485956788063e-03 1.4423176050186157e+00 1.5120000000000000e+03 2.0576852416992188e+02
9.9987804889678955e-01 -1.3074959628283978e-02 -8.5518751293420792e-03 8.9734923839569092e-01 9.9997276067733765e-01 7.3262713849544525e-03 8.9264713460579515e-04 8.9597922563552856e-01 2.7350000000000000e+03 8.8859901428222656e+01
9.9979621171951294e-01 -6.3998373225331306e-03 -1.9143003970384598e-02 9.1558063030242920e-01 9.9993985891342163e-01 -1.0844566859304905e-02 1.6229542670771480e-03 8.9457023143768311e-01 1.4550000000000000e+03 1.1178179168701172e+02
-3.6443632096052170e-02 5.6503725051879883e-01 -8.2426011562347412e-01 1.4931857585906982e+00 -2.2352546453475952e-02 -7.6384437084197998e-01 -6.4501333236694336e-01 1.4508781433105469e+00 2.4850000000000000e+03 2.0606961059570312e+02
9.9992442131042480e-01 -6.6661499440670013e-03 -1.0329190641641617e-02 8.9314562082290649e-01 9.9986749887466431e-01 1.6053752973675728e-02 2.6891145389527082e-03 8.9816468954086304e-01 1.2410000000000000e+03 7.1578590393066406e+01
9.9990355968475342e-01 -8.4457919001579285e-03 -1.1019438505172729e-02 8.9974254369735718e-01 9.9984800815582275e-01 3.7234283518046141e-03 -1.7030481249094009e-02 9.3370807170867920e-01 1.9190000000000000e+03 8.4741012573242188e+01
9.9975383281707764e-01 -3.7025732453912497e-03 -2.1874815225601196e-02 9.2026406526565552e-01 9.9998331069946289e-01 -1.7154893139377236e-03 -5.5226339027285576e-03 9.1245430707931519e-01 1.9310000000000000e+03 1.0055463409423828e+02
9.9976539611816406e-01 -2.0192012190818787e-02 -7.8378990292549133e-03 8.9288938045501709e-01 9.9990868568420410e-01 1.1658358387649059e-02 6.8338029086589813e-03 8.9592492580413818e-01 2.5170000000000000e+03 8.5378433227539062e+01
9.9985641241073608e-01 -1.3494379818439484e-02 -1.0249887593090534e-02 8.9935672283172607e-01 9.9973714351654053e-01 2.2738113999366760e-02 -2.9561489354819059e-03 8.9729303121566772e-01 1.2370000000000000e+03 1.1575424194335938e+02
9.9984836578369141e-01 -6.7507517524063587e-03 -1.6052199527621269e-02 9.0793591737747192e-01 9.9994140863418579e-01 9.1522717848420143e-03 -5.7856016792356968e-03 9.0501719713211060e-01 1.5370000000000000e+03 1.1324528503417969e+02
9.9999356269836426e-01 -1.5346292639151216e-03 3.2483842223882675e-03 8.8228595256805420e-01 9.9994826316833496e-01 9.1566406190395355e-03 -4.4318074360489845e-03 9.0262430906295776e-01 1.0940000000000000e+03 1.0786004638671875e+02
9.9989485740661621e-01 -9.4325253739953041e-03 -1.1019887402653694e-02 8.9821708202362061e-01 9.9990236759185791e-01 1.1151063255965710e-02 8.4227481856942177e-03 8.8170951604843140e-01 1.9750000000000000e+03 8.7366386413574219e+01
9.9983316659927368e-01 -1.3925900682806969e-02 -1.1816183105111122e-02 8.9946252107620239e-01 9.9996095895767212e-01 7.7763595618307590e-03 -4.1964561678469181e-03 9.0755468606948853e-01 3.1830000000000000e+03 8.0361885070800781e+01
-9.9993938207626343e-01 -1.0119923390448093e-02 -4.3365517631173134e-03 1.5461235046386719e+00 -9.9869883060455322e-01 -4.8247385770082474e-02 -1.6517959535121918e-02 1.5400228500366211e+00 1.6830000000000000e+03 2.0848365783691406e+02
